timestamp_ms,VOC_raw,VOC_voltage,raw_ch0,raw_ch1,raw_ch2,raw_ch3,raw_ch4,raw_ch5,raw_ch6,raw_ch7,raw_ch8,raw_ch9,raw_ch10,raw_ch11,reflect_ch0,reflect_ch1,reflect_ch2,reflect_ch3,reflect_ch4,reflect_ch5,reflect_ch6,reflect_ch7,reflect_ch8,reflect_ch9,reflect_ch10,reflect_ch11,absorb_ch0,absorb_ch1,absorb_ch2,absorb_ch3,absorb_ch4,absorb_ch5,absorb_ch6,absorb_ch7,absorb_ch8,absorb_ch9,absorb_ch10,absorb_ch11,CFU_value,label
50008,0,0,0,0,0,0,7,0,0,4,19,1,7,0,nan,nan,nan,nan,1.167,nan,nan,1,1,1,1.167,nan,nan,nan,nan,nan,-0.067,nan,nan,0,0,0,-0.067,nan,500,fresh
51077,0,0,0,0,0,0,6,0,0,4,19,1,7,0,nan,nan,nan,nan,1,nan,nan,1,1,1,1.167,nan,nan,nan,nan,nan,0,nan,nan,0,0,0,-0.067,nan,500,fresh
52146,0,0,0,0,0,0,7,0,0,4,19,1,7,0,nan,nan,nan,nan,1.167,nan,nan,1,1,1,1.167,nan,nan,nan,nan,nan,-0.067,nan,nan,0,0,0,-0.067,nan,500,fresh
53216,0,0,0,0,0,0,7,0,0,4,19,1,6,0,nan,nan,nan,nan,1.167,nan,nan,1,1,1,1,nan,nan,nan,nan,nan,-0.067,nan,nan,0,0,0,0,nan,500,fresh
54285,0,0,0,0,0,0,7,0,0,4,19,1,7,0,nan,nan,nan,nan,1.167,nan,nan,1,1,1,1.167,nan,nan,nan,nan,nan,-0.067,nan,nan,0,0,0,-0.067,nan,500,fresh
55355,0,0,0,0,0,0,7,0,0,4,19,1,6,0,nan,nan,nan,nan,1.167,nan,nan,1,1,1,1,nan,nan,nan,nan,nan,-0.067,nan,nan,0,0,0,0,nan,500,fresh
56425,0,0,0,0,0,0,7,0,0,4,19,1,7,0,nan,nan,nan,nan,1.167,nan,nan,1,1,1,1.167,nan,nan,nan,nan,nan,-0.067,nan,nan,0,0,0,-0.067,nan,500,fresh
57495,0,0,0,0,0,0,7,0,0,4,19,1,7,0,nan,nan,nan,nan,1.167,nan,nan,1,1,1,1.167,nan,nan,nan,nan,nan,-0.067,nan,nan,0,0,0,-0.067,nan,500,fresh
58564,0,0,0,0,0,0,7,0,0,4,19,1,7,0,nan,nan,nan,nan,1.167,nan,nan,1,1,1,1.167,nan,nan,nan,nan,nan,-0.067,nan,nan,0,0,0,-0.067,nan,500,fresh
59634,0,0,0,0,0,0,7,0,0,4,19,1,7,0,nan,nan,nan,nan,1.167,nan,nan,1,1,1,1.167,nan,nan,nan,nan,nan,-0.067,nan,nan,0,0,0,-0.067,nan,500,fresh
60704,0,0,0,0,0,0,7,0,0,4,19,1,7,0,nan,nan,nan,nan,1.167,nan,nan,1,1,1,1.167,nan,nan,nan,nan,nan,-0.067,nan,nan,0,0,0,-0.067,nan,500,fresh
61774,0,0,0,0,0,0,7,0,0,4,19,1,7,0,nan,nan,nan,nan,1.167,nan,nan,1,1,1,1.167,nan,nan,nan,nan,nan,-0.067,nan,nan,0,0,0,-0.067,nan,500,fresh
62844,0,0,0,0,0,0,6,0,0,4,19,1,7,0,nan,nan,nan,nan,1,nan,nan,1,1,1,1.167,nan,nan,nan,nan,nan,0,nan,nan,0,0,0,-0.067,nan,500,fresh
63913,0,0,0,0,0,0,7,0,0,4,19,1,7,0,nan,nan,nan,nan,1.167,nan,nan,1,1,1,1.167,nan,nan,nan,nan,nan,-0.067,nan,nan,0,0,0,-0.067,nan,500,fresh
64983,0,0,0,0,0,0,7,0,0,4,19,1,7,0,nan,nan,nan,nan,1.167,nan,nan,1,1,1,1.167,nan,nan,nan,nan,nan,-0.067,nan,nan,0,0,0,-0.067,nan,500,fresh
66053,0,0,0,0,0,0,7,0,0,4,19,1,7,0,nan,nan,nan,nan,1.167,nan,nan,1,1,1,1.167,nan,nan,nan,nan,nan,-0.067,nan,nan,0,0,0,-0.067,nan,500,fresh
67123,0,0,0,0,0,0,7,0,0,4,19,1,7,0,nan,nan,nan,nan,1.167,nan,nan,1,1,1,1.167,nan,nan,nan,nan,nan,-0.067,nan,nan,0,0,0,-0.067,nan,500,fresh
68193,0,0,0,0,0,0,7,0,0,4,19,1,7,0,nan,nan,nan,nan,1.167,nan,nan,1,1,1,1.167,nan,nan,nan,nan,nan,-0.067,nan,nan,0,0,0,-0.067,nan,500,fresh
69263,0,0,0,0,0,0,7,0,0,4,19,1,7,0,nan,nan,nan,nan,1.167,nan,nan,1,1,1,1.167,nan,nan,nan,nan,nan,-0.067,nan,nan,0,0,0,-0.067,nan,500,fresh
70333,0,0,0,0,0,0,7,0,0,4,19,1,7,0,nan,nan,nan,nan,1.167,nan,nan,1,1,1,1.167,nan,nan,nan,nan,nan,-0.067,nan,nan,0,0,0,-0.067,nan,500,fresh
71403,0,0,0,0,0,0,7,0,0,4,19,1,7,0,nan,nan,nan,nan,1.167,nan,nan,1,1,1,1.167,nan,nan,nan,nan,nan,-0.067,nan,nan,0,0,0,-0.067,nan,500,fresh
72473,0,0,0,0,0,0,6,0,0,4,19,1,7,0,nan,nan,nan,nan,1,nan,nan,1,1,1,1.167,nan,nan,nan,nan,nan,0,nan,nan,0,0,0,-0.067,nan,500,fresh
73542,0,0,0,0,0,0,7,0,0,4,19,1,6,0,nan,nan,nan,nan,1.167,nan,nan,1,1,1,1,nan,nan,nan,nan,nan,-0.067,nan,nan,0,0,0,0,nan,500,fresh
74611,0,0,0,0,0,0,7,0,0,4,19,1,7,0,nan,nan,nan,nan,1.167,nan,nan,1,1,1,1.167,nan,nan,nan,nan,nan,-0.067,nan,nan,0,0,0,-0.067,nan,500,fresh
75681,0,0,0,0,0,0,7,0,0,4,19,1,7,0,nan,nan,nan,nan,1.167,nan,nan,1,1,1,1.167,nan,nan,nan,nan,nan,-0.067,nan,nan,0,0,0,-0.067,nan,500,fresh
76751,0,0,0,0,0,0,7,0,0,4,19,1,7,0,nan,nan,nan,nan,1.167,nan,nan,1,1,1,1.167,nan,nan,nan,nan,nan,-0.067,nan,nan,0,0,0,-0.067,nan,500,fresh
77821,0,0,0,0,0,0,7,0,0,4,19,1,7,0,nan,nan,nan,nan,1.167,nan,nan,1,1,1,1.167,nan,nan,nan,nan,nan,-0.067,nan,nan,0,0,0,-0.067,nan,500,fresh
78891,0,0,0,0,0,0,7,0,0,4,19,1,7,0,nan,nan,nan,nan,1.167,nan,nan,1,1,1,1.167,nan,nan,nan,nan,nan,-0.067,nan,nan,0,0,0,-0.067,nan,500,fresh
79960,0,0,0,0,0,0,7,0,0,4,19,1,6,0,nan,nan,nan,nan,1.167,nan,nan,1,1,1,1,nan,nan,nan,nan,nan,-0.067,nan,nan,0,0,0,0,nan,500,fresh
81030,0,0,0,0,0,0,6,0,0,4,19,1,7,0,nan,nan,nan,nan,1,nan,nan,1,1,1,1.167,nan,nan,nan,nan,nan,0,nan,nan,0,0,0,-0.067,nan,500,fresh
82099,0,0,0,0,0,0,7,0,0,4,19,1,7,0,nan,nan,nan,nan,1.167,nan,nan,1,1,1,1.167,nan,nan,nan,nan,nan,-0.067,nan,nan,0,0,0,-0.067,nan,500,fresh
83168,0,0,0,0,0,0,7,0,0,4,19,1,7,0,nan,nan,nan,nan,1.167,nan,nan,1,1,1,1.167,nan,nan,nan,nan,nan,-0.067,nan,nan,0,0,0,-0.067,nan,500,fresh
84238,0,0,0,0,0,0,7,0,0,4,19,1,6,0,nan,nan,nan,nan,1.167,nan,nan,1,1,1,1,nan,nan,nan,nan,nan,-0.067,nan,nan,0,0,0,0,nan,500,fresh
85308,0,0,0,0,0,0,7,0,0,4,19,1,7,0,nan,nan,nan,nan,1.167,nan,nan,1,1,1,1.167,nan,nan,nan,nan,nan,-0.067,nan,nan,0,0,0,-0.067,nan,500,fresh
86377,0,0,0,0,0,0,7,0,0,4,19,1,7,0,nan,nan,nan,nan,1.167,nan,nan,1,1,1,1.167,nan,nan,nan,nan,nan,-0.067,nan,nan,0,0,0,-0.067,nan,500,fresh
87447,0,0,0,0,0,0,7,0,0,4,19,1,7,0,nan,nan,nan,nan,1.167,nan,nan,1,1,1,1.167,nan,nan,nan,nan,nan,-0.067,nan,nan,0,0,0,-0.067,nan,500,fresh
88516,0,0,0,0,0,0,6,0,0,4,19,1,7,0,nan,nan,nan,nan,1,nan,nan,1,1,1,1.167,nan,nan,nan,nan,nan,0,nan,nan,0,0,0,-0.067,nan,500,fresh
89586,0,0,0,0,0,0,7,0,0,4,19,1,7,0,nan,nan,nan,nan,1.167,nan,nan,1,1,1,1.167,nan,nan,nan,nan,nan,-0.067,nan,nan,0,0,0,-0.067,nan,500,fresh
90655,0,0,0,0,0,0,7,0,0,4,19,1,7,0,nan,nan,nan,nan,1.167,nan,nan,1,1,1,1.167,nan,nan,nan,nan,nan,-0.067,nan,nan,0,0,0,-0.067,nan,500,fresh
91723,0,0,0,0,0,0,7,0,0,4,19,1,7,0,nan,nan,nan,nan,1.167,nan,nan,1,1,1,1.167,nan,nan,nan,nan,nan,-0.067,nan,nan,0,0,0,-0.067,nan,500,fresh
92792,0,0,0,0,0,0,7,0,0,4,19,1,7,0,nan,nan,nan,nan,1.167,nan,nan,1,1,1,1.167,nan,nan,nan,nan,nan,-0.067,nan,nan,0,0,0,-0.067,nan,500,fresh
93862,0,0,0,0,0,0,6,0,0,4,19,1,7,0,nan,nan,nan,nan,1,nan,nan,1,1,1,1.167,nan,nan,nan,nan,nan,0,nan,nan,0,0,0,-0.067,nan,500,fresh
94931,0,0,0,0,0,0,7,0,0,4,19,1,7,0,nan,nan,nan,nan,1.167,nan,nan,1,1,1,1.167,nan,nan,nan,nan,nan,-0.067,nan,nan,0,0,0,-0.067,nan,500,fresh
96000,0,0,0,0,0,0,7,0,0,4,19,1,7,0,nan,nan,nan,nan,1.167,nan,nan,1,1,1,1.167,nan,nan,nan,nan,nan,-0.067,nan,nan,0,0,0,-0.067,nan,500,fresh
97069,0,0,0,0,0,0,7,0,0,4,19,1,7,0,nan,nan,nan,nan,1.167,nan,nan,1,1,1,1.167,nan,nan,nan,nan,nan,-0.067,nan,nan,0,0,0,-0.067,nan,500,fresh
98138,0,0,0,0,0,0,7,0,0,4,19,1,7,0,nan,nan,nan,nan,1.167,nan,nan,1,1,1,1.167,nan,nan,nan,nan,nan,-0.067,nan,nan,0,0,0,-0.067,nan,500,fresh
99207,0,0,0,0,0,0,7,0,0,4,19,1,7,0,nan,nan,nan,nan,1.167,nan,nan,1,1,1,1.167,nan,nan,nan,nan,nan,-0.067,nan,nan,0,0,0,-0.067,nan,500,fresh
100276,0,0,0,0,0,0,7,0,0,4,19,1,7,0,nan,nan,nan,nan,1.167,nan,nan,1,1,1,1.167,nan,nan,nan,nan,nan,-0.067,nan,nan,0,0,0,-0.067,nan,500,fresh
101346,0,0,0,0,0,0,7,0,0,4,19,1,7,0,nan,nan,nan,nan,1.167,nan,nan,1,1,1,1.167,nan,nan,nan,nan,nan,-0.067,nan,nan,0,0,0,-0.067,nan,500,fresh
102416,0,0,0,0,0,0,7,0,0,4,19,1,7,0,nan,nan,nan,nan,1.167,nan,nan,1,1,1,1.167,nan,nan,nan,nan,nan,-0.067,nan,nan,0,0,0,-0.067,nan,500,fresh
103485,0,0,0,0,0,0,7,0,0,3,19,1,7,0,nan,nan,nan,nan,1.167,nan,nan,0.75,1,1,1.167,nan,nan,nan,nan,nan,-0.067,nan,nan,0.125,0,0,-0.067,nan,500,fresh
104555,0,0,0,0,0,0,6,0,0,4,19,1,7,0,nan,nan,nan,nan,1,nan,nan,1,1,1,1.167,nan,nan,nan,nan,nan,0,nan,nan,0,0,0,-0.067,nan,500,fresh
105625,0,0,0,0,0,0,7,0,0,4,19,1,7,0,nan,nan,nan,nan,1.167,nan,nan,1,1,1,1.167,nan,nan,nan,nan,nan,-0.067,nan,nan,0,0,0,-0.067,nan,500,fresh
106694,0,0,0,0,0,0,7,0,0,4,19,1,7,0,nan,nan,nan,nan,1.167,nan,nan,1,1,1,1.167,nan,nan,nan,nan,nan,-0.067,nan,nan,0,0,0,-0.067,nan,500,fresh
107763,0,0,0,0,0,0,7,0,0,4,19,1,7,0,nan,nan,nan,nan,1.167,nan,nan,1,1,1,1.167,nan,nan,nan,nan,nan,-0.067,nan,nan,0,0,0,-0.067,nan,500,fresh
108833,0,0,0,0,0,0,7,0,0,4,19,1,7,0,nan,nan,nan,nan,1.167,nan,nan,1,1,1,1.167,nan,nan,nan,nan,nan,-0.067,nan,nan,0,0,0,-0.067,nan,500,fresh
109903,0,0,0,0,0,0,7,0,0,4,19,1,7,0,nan,nan,nan,nan,1.167,nan,nan,1,1,1,1.167,nan,nan,nan,nan,nan,-0.067,nan,nan,0,0,0,-0.067,nan,500,fresh
110971,0,0,0,0,0,0,7,0,0,4,19,1,7,0,nan,nan,nan,nan,1.167,nan,nan,1,1,1,1.167,nan,nan,nan,nan,nan,-0.067,nan,nan,0,0,0,-0.067,nan,500,fresh
112041,0,0,0,0,0,0,7,0,0,4,19,1,7,0,nan,nan,nan,nan,1.167,nan,nan,1,1,1,1.167,nan,nan,nan,nan,nan,-0.067,nan,nan,0,0,0,-0.067,nan,500,fresh
113111,0,0,0,0,0,0,7,0,0,4,19,1,7,0,nan,nan,nan,nan,1.167,nan,nan,1,1,1,1.167,nan,nan,nan,nan,nan,-0.067,nan,nan,0,0,0,-0.067,nan,500,fresh
114180,0,0,0,0,0,0,7,0,0,4,19,1,7,0,nan,nan,nan,nan,1.167,nan,nan,1,1,1,1.167,nan,nan,nan,nan,nan,-0.067,nan,nan,0,0,0,-0.067,nan,500,fresh
115250,0,0,0,0,0,0,7,0,0,4,19,1,7,0,nan,nan,nan,nan,1.167,nan,nan,1,1,1,1.167,nan,nan,nan,nan,nan,-0.067,nan,nan,0,0,0,-0.067,nan,500,fresh
116319,0,0,0,0,0,0,7,0,0,4,19,1,7,0,nan,nan,nan,nan,1.167,nan,nan,1,1,1,1.167,nan,nan,nan,nan,nan,-0.067,nan,nan,0,0,0,-0.067,nan,500,fresh
117388,0,0,0,0,0,0,7,0,0,4,19,1,7,0,nan,nan,nan,nan,1.167,nan,nan,1,1,1,1.167,nan,nan,nan,nan,nan,-0.067,nan,nan,0,0,0,-0.067,nan,500,fresh
118457,0,0,0,0,0,0,7,0,0,4,19,1,7,0,nan,nan,nan,nan,1.167,nan,nan,1,1,1,1.167,nan,nan,nan,nan,nan,-0.067,nan,nan,0,0,0,-0.067,nan,500,fresh
119526,0,0,0,0,0,0,7,0,0,4,19,1,7,0,nan,nan,nan,nan,1.167,nan,nan,1,1,1,1.167,nan,nan,nan,nan,nan,-0.067,nan,nan,0,0,0,-0.067,nan,500,fresh
120596,0,0,0,0,0,0,7,0,0,4,19,1,7,0,nan,nan,nan,nan,1.167,nan,nan,1,1,1,1.167,nan,nan,nan,nan,nan,-0.067,nan,nan,0,0,0,-0.067,nan,500,fresh
121664,0,0,0,0,0,0,7,0,0,4,19,1,7,0,nan,nan,nan,nan,1.167,nan,nan,1,1,1,1.167,nan,nan,nan,nan,nan,-0.067,nan,nan,0,0,0,-0.067,nan,500,fresh
122733,0,0,0,0,0,0,6,0,0,4,19,1,7,0,nan,nan,nan,nan,1,nan,nan,1,1,1,1.167,nan,nan,nan,nan,nan,0,nan,nan,0,0,0,-0.067,nan,500,fresh
123803,0,0,0,0,0,0,7,0,0,4,19,1,7,0,nan,nan,nan,nan,1.167,nan,nan,1,1,1,1.167,nan,nan,nan,nan,nan,-0.067,nan,nan,0,0,0,-0.067,nan,500,fresh
124872,0,0,0,0,0,0,7,0,0,4,19,1,7,0,nan,nan,nan,nan,1.167,nan,nan,1,1,1,1.167,nan,nan,nan,nan,nan,-0.067,nan,nan,0,0,0,-0.067,nan,500,fresh
125941,0,0,0,0,0,0,7,0,0,4,19,1,7,0,nan,nan,nan,nan,1.167,nan,nan,1,1,1,1.167,nan,nan,nan,nan,nan,-0.067,nan,nan,0,0,0,-0.067,nan,500,fresh
127011,0,0,0,0,0,0,7,0,0,4,19,1,7,0,nan,nan,nan,nan,1.167,nan,nan,1,1,1,1.167,nan,nan,nan,nan,nan,-0.067,nan,nan,0,0,0,-0.067,nan,500,fresh
128081,0,0,0,0,0,0,7,0,0,4,19,1,7,0,nan,nan,nan,nan,1.167,nan,nan,1,1,1,1.167,nan,nan,nan,nan,nan,-0.067,nan,nan,0,0,0,-0.067,nan,500,fresh
129149,0,0,0,0,0,0,7,0,0,4,19,1,7,0,nan,nan,nan,nan,1.167,nan,nan,1,1,1,1.167,nan,nan,nan,nan,nan,-0.067,nan,nan,0,0,0,-0.067,nan,500,fresh
130219,0,0,0,0,0,0,7,0,0,4,19,1,7,0,nan,nan,nan,nan,1.167,nan,nan,1,1,1,1.167,nan,nan,nan,nan,nan,-0.067,nan,nan,0,0,0,-0.067,nan,500,fresh
131289,0,0,0,0,0,0,7,0,0,4,19,1,7,0,nan,nan,nan,nan,1.167,nan,nan,1,1,1,1.167,nan,nan,nan,nan,nan,-0.067,nan,nan,0,0,0,-0.067,nan,500,fresh
132359,0,0,0,0,0,0,7,0,0,4,19,1,6,0,nan,nan,nan,nan,1.167,nan,nan,1,1,1,1,nan,nan,nan,nan,nan,-0.067,nan,nan,0,0,0,0,nan,500,fresh
133429,0,0,0,0,0,0,7,0,0,4,19,1,7,0,nan,nan,nan,nan,1.167,nan,nan,1,1,1,1.167,nan,nan,nan,nan,nan,-0.067,nan,nan,0,0,0,-0.067,nan,500,fresh
134497,0,0,0,0,0,0,7,0,0,4,19,1,7,0,nan,nan,nan,nan,1.167,nan,nan,1,1,1,1.167,nan,nan,nan,nan,nan,-0.067,nan,nan,0,0,0,-0.067,nan,500,fresh
135567,0,0,0,0,0,0,7,0,0,4,19,1,7,0,nan,nan,nan,nan,1.167,nan,nan,1,1,1,1.167,nan,nan,nan,nan,nan,-0.067,nan,nan,0,0,0,-0.067,nan,500,fresh
136637,0,0,0,0,0,0,7,0,0,4,19,1,7,0,nan,nan,nan,nan,1.167,nan,nan,1,1,1,1.167,nan,nan,nan,nan,nan,-0.067,nan,nan,0,0,0,-0.067,nan,500,fresh
137707,0,0,0,0,0,0,7,0,0,4,19,1,7,0,nan,nan,nan,nan,1.167,nan,nan,1,1,1,1.167,nan,nan,nan,nan,nan,-0.067,nan,nan,0,0,0,-0.067,nan,500,fresh
138776,0,0,0,0,0,0,7,0,0,4,19,1,7,0,nan,nan,nan,nan,1.167,nan,nan,1,1,1,1.167,nan,nan,nan,nan,nan,-0.067,nan,nan,0,0,0,-0.067,nan,500,fresh
139845,0,0,0,0,0,0,7,0,0,4,19,1,7,0,nan,nan,nan,nan,1.167,nan,nan,1,1,1,1.167,nan,nan,nan,nan,nan,-0.067,nan,nan,0,0,0,-0.067,nan,500,fresh
140915,0,0,0,0,0,0,7,0,0,4,19,1,7,0,nan,nan,nan,nan,1.167,nan,nan,1,1,1,1.167,nan,nan,nan,nan,nan,-0.067,nan,nan,0,0,0,-0.067,nan,500,fresh
141984,0,0,0,0,0,0,7,0,0,4,19,1,7,0,nan,nan,nan,nan,1.167,nan,nan,1,1,1,1.167,nan,nan,nan,nan,nan,-0.067,nan,nan,0,0,0,-0.067,nan,500,fresh
143054,0,0,0,0,0,0,7,0,0,4,19,1,7,0,nan,nan,nan,nan,1.167,nan,nan,1,1,1,1.167,nan,nan,nan,nan,nan,-0.067,nan,nan,0,0,0,-0.067,nan,500,fresh
144124,0,0,0,0,0,0,7,0,0,4,19,1,7,0,nan,nan,nan,nan,1.167,nan,nan,1,1,1,1.167,nan,nan,nan,nan,nan,-0.067,nan,nan,0,0,0,-0.067,nan,500,fresh
145194,0,0,0,0,0,0,7,0,0,4,19,1,7,0,nan,nan,nan,nan,1.167,nan,nan,1,1,1,1.167,nan,nan,nan,nan,nan,-0.067,nan,nan,0,0,0,-0.067,nan,500,fresh
146264,0,0,0,0,0,0,7,0,0,4,19,1,7,0,nan,nan,nan,nan,1.167,nan,nan,1,1,1,1.167,nan,nan,nan,nan,nan,-0.067,nan,nan,0,0,0,-0.067,nan,500,fresh
147332,0,0,0,0,0,0,7,0,0,4,19,1,7,0,nan,nan,nan,nan,1.167,nan,nan,1,1,1,1.167,nan,nan,nan,nan,nan,-0.067,nan,nan,0,0,0,-0.067,nan,500,fresh
148402,0,0,0,0,0,0,7,0,0,4,19,1,7,0,nan,nan,nan,nan,1.167,nan,nan,1,1,1,1.167,nan,nan,nan,nan,nan,-0.067,nan,nan,0,0,0,-0.067,nan,500,fresh
149471,0,0,0,0,0,0,7,0,0,4,19,1,7,0,nan,nan,nan,nan,1.167,nan,nan,1,1,1,1.167,nan,nan,nan,nan,nan,-0.067,nan,nan,0,0,0,-0.067,nan,500,fresh
150541,0,0,0,0,0,0,7,0,0,4,19,1,7,0,nan,nan,nan,nan,1.167,nan,nan,1,1,1,1.167,nan,nan,nan,nan,nan,-0.067,nan,nan,0,0,0,-0.067,nan,500,fresh
151611,0,0,0,0,0,0,7,0,0,4,19,1,7,0,nan,nan,nan,nan,1.167,nan,nan,1,1,1,1.167,nan,nan,nan,nan,nan,-0.067,nan,nan,0,0,0,-0.067,nan,500,fresh
152680,0,0,0,0,0,0,7,0,0,4,19,1,7,0,nan,nan,nan,nan,1.167,nan,nan,1,1,1,1.167,nan,nan,nan,nan,nan,-0.067,nan,nan,0,0,0,-0.067,nan,500,fresh
153750,0,0,0,0,0,0,7,0,0,4,19,1,7,0,nan,nan,nan,nan,1.167,nan,nan,1,1,1,1.167,nan,nan,nan,nan,nan,-0.067,nan,nan,0,0,0,-0.067,nan,500,fresh
154820,0,0,0,0,0,0,7,0,0,4,19,1,7,0,nan,nan,nan,nan,1.167,nan,nan,1,1,1,1.167,nan,nan,nan,nan,nan,-0.067,nan,nan,0,0,0,-0.067,nan,500,fresh
155890,0,0,0,0,0,0,7,0,0,4,19,1,7,0,nan,nan,nan,nan,1.167,nan,nan,1,1,1,1.167,nan,nan,nan,nan,nan,-0.067,nan,nan,0,0,0,-0.067,nan,500,fresh
156960,0,0,0,0,0,0,7,0,0,4,19,1,7,0,nan,nan,nan,nan,1.167,nan,nan,1,1,1,1.167,nan,nan,nan,nan,nan,-0.067,nan,nan,0,0,0,-0.067,nan,500,fresh
158030,0,0,0,0,0,0,7,0,0,4,19,1,7,0,nan,nan,nan,nan,1.167,nan,nan,1,1,1,1.167,nan,nan,nan,nan,nan,-0.067,nan,nan,0,0,0,-0.067,nan,500,fresh
159100,0,0,0,0,0,0,7,0,0,4,19,1,6,0,nan,nan,nan,nan,1.167,nan,nan,1,1,1,1,nan,nan,nan,nan,nan,-0.067,nan,nan,0,0,0,0,nan,500,fresh
160168,0,0,0,0,0,0,7,0,0,4,19,1,7,0,nan,nan,nan,nan,1.167,nan,nan,1,1,1,1.167,nan,nan,nan,nan,nan,-0.067,nan,nan,0,0,0,-0.067,nan,500,fresh
161237,0,0,0,0,0,0,7,0,0,4,19,1,7,0,nan,nan,nan,nan,1.167,nan,nan,1,1,1,1.167,nan,nan,nan,nan,nan,-0.067,nan,nan,0,0,0,-0.067,nan,500,fresh
162306,0,0,0,0,0,0,7,0,0,4,19,1,7,0,nan,nan,nan,nan,1.167,nan,nan,1,1,1,1.167,nan,nan,nan,nan,nan,-0.067,nan,nan,0,0,0,-0.067,nan,500,fresh
163376,0,0,0,0,0,0,7,0,0,4,19,1,7,0,nan,nan,nan,nan,1.167,nan,nan,1,1,1,1.167,nan,nan,nan,nan,nan,-0.067,nan,nan,0,0,0,-0.067,nan,500,fresh
164444,0,0,0,0,0,0,7,0,0,4,19,1,7,0,nan,nan,nan,nan,1.167,nan,nan,1,1,1,1.167,nan,nan,nan,nan,nan,-0.067,nan,nan,0,0,0,-0.067,nan,500,fresh
165513,0,0,0,0,0,0,7,0,0,4,19,1,7,0,nan,nan,nan,nan,1.167,nan,nan,1,1,1,1.167,nan,nan,nan,nan,nan,-0.067,nan,nan,0,0,0,-0.067,nan,500,fresh
166583,0,0,0,0,0,0,7,0,0,4,19,1,7,0,nan,nan,nan,nan,1.167,nan,nan,1,1,1,1.167,nan,nan,nan,nan,nan,-0.067,nan,nan,0,0,0,-0.067,nan,500,fresh
167652,0,0,0,0,0,0,7,0,0,4,19,1,7,0,nan,nan,nan,nan,1.167,nan,nan,1,1,1,1.167,nan,nan,nan,nan,nan,-0.067,nan,nan,0,0,0,-0.067,nan,500,fresh
168722,0,0,0,0,0,0,7,0,0,4,19,1,7,0,nan,nan,nan,nan,1.167,nan,nan,1,1,1,1.167,nan,nan,nan,nan,nan,-0.067,nan,nan,0,0,0,-0.067,nan,500,fresh
169792,0,0,0,0,0,0,7,0,0,4,19,1,7,0,nan,nan,nan,nan,1.167,nan,nan,1,1,1,1.167,nan,nan,nan,nan,nan,-0.067,nan,nan,0,0,0,-0.067,nan,500,fresh
170862,0,0,0,0,0,0,7,0,0,4,19,1,7,0,nan,nan,nan,nan,1.167,nan,nan,1,1,1,1.167,nan,nan,nan,nan,nan,-0.067,nan,nan,0,0,0,-0.067,nan,500,fresh
171932,0,0,0,0,0,0,6,0,0,4,19,1,7,0,nan,nan,nan,nan,1,nan,nan,1,1,1,1.167,nan,nan,nan,nan,nan,0,nan,nan,0,0,0,-0.067,nan,500,fresh
173002,0,0,0,0,0,0,7,0,0,4,19,1,7,0,nan,nan,nan,nan,1.167,nan,nan,1,1,1,1.167,nan,nan,nan,nan,nan,-0.067,nan,nan,0,0,0,-0.067,nan,500,fresh
174072,0,0,0,0,0,0,7,0,0,4,19,1,7,0,nan,nan,nan,nan,1.167,nan,nan,1,1,1,1.167,nan,nan,nan,nan,nan,-0.067,nan,nan,0,0,0,-0.067,nan,500,fresh
175140,0,0,0,0,0,0,6,0,0,4,19,1,7,0,nan,nan,nan,nan,1,nan,nan,1,1,1,1.167,nan,nan,nan,nan,nan,0,nan,nan,0,0,0,-0.067,nan,500,fresh
176210,0,0,0,0,0,0,7,0,0,4,19,1,7,0,nan,nan,nan,nan,1.167,nan,nan,1,1,1,1.167,nan,nan,nan,nan,nan,-0.067,nan,nan,0,0,0,-0.067,nan,500,fresh
177280,0,0,0,0,0,0,7,0,0,4,19,1,7,0,nan,nan,nan,nan,1.167,nan,nan,1,1,1,1.167,nan,nan,nan,nan,nan,-0.067,nan,nan,0,0,0,-0.067,nan,500,fresh
178350,0,0,0,0,0,0,6,0,0,4,19,1,7,0,nan,nan,nan,nan,1,nan,nan,1,1,1,1.167,nan,nan,nan,nan,nan,0,nan,nan,0,0,0,-0.067,nan,500,fresh
179419,0,0,0,0,0,0,7,0,0,4,19,1,7,0,nan,nan,nan,nan,1.167,nan,nan,1,1,1,1.167,nan,nan,nan,nan,nan,-0.067,nan,nan,0,0,0,-0.067,nan,500,fresh
180488,0,0,0,0,0,0,7,0,0,4,19,1,7,0,nan,nan,nan,nan,1.167,nan,nan,1,1,1,1.167,nan,nan,nan,nan,nan,-0.067,nan,nan,0,0,0,-0.067,nan,500,fresh
181557,0,0,0,0,0,0,7,0,0,4,19,1,7,0,nan,nan,nan,nan,1.167,nan,nan,1,1,1,1.167,nan,nan,nan,nan,nan,-0.067,nan,nan,0,0,0,-0.067,nan,500,fresh
182627,0,0,0,0,0,0,7,0,0,4,19,1,7,0,nan,nan,nan,nan,1.167,nan,nan,1,1,1,1.167,nan,nan,nan,nan,nan,-0.067,nan,nan,0,0,0,-0.067,nan,500,fresh
183697,0,0,0,0,0,0,7,0,0,4,19,1,7,0,nan,nan,nan,nan,1.167,nan,nan,1,1,1,1.167,nan,nan,nan,nan,nan,-0.067,nan,nan,0,0,0,-0.067,nan,500,fresh
184766,0,0,0,0,0,0,7,0,0,4,19,1,7,0,nan,nan,nan,nan,1.167,nan,nan,1,1,1,1.167,nan,nan,nan,nan,nan,-0.067,nan,nan,0,0,0,-0.067,nan,500,fresh
185836,0,0,0,0,0,0,7,0,0,4,19,1,7,0,nan,nan,nan,nan,1.167,nan,nan,1,1,1,1.167,nan,nan,nan,nan,nan,-0.067,nan,nan,0,0,0,-0.067,nan,500,fresh
186906,0,0,0,0,0,0,7,0,0,4,19,1,7,0,nan,nan,nan,nan,1.167,nan,nan,1,1,1,1.167,nan,nan,nan,nan,nan,-0.067,nan,nan,0,0,0,-0.067,nan,500,fresh
187976,0,0,0,0,0,0,7,0,0,4,19,1,6,0,nan,nan,nan,nan,1.167,nan,nan,1,1,1,1,nan,nan,nan,nan,nan,-0.067,nan,nan,0,0,0,0,nan,500,fresh
189046,0,0,0,0,0,0,7,0,0,4,19,1,6,0,nan,nan,nan,nan,1.167,nan,nan,1,1,1,1,nan,nan,nan,nan,nan,-0.067,nan,nan,0,0,0,0,nan,500,fresh
190115,0,0,0,0,0,0,6,0,0,4,19,1,7,0,nan,nan,nan,nan,1,nan,nan,1,1,1,1.167,nan,nan,nan,nan,nan,0,nan,nan,0,0,0,-0.067,nan,500,fresh
191185,0,0,0,0,0,0,7,0,0,4,19,1,6,0,nan,nan,nan,nan,1.167,nan,nan,1,1,1,1,nan,nan,nan,nan,nan,-0.067,nan,nan,0,0,0,0,nan,500,fresh
192255,0,0,0,0,0,0,7,0,0,4,19,1,7,0,nan,nan,nan,nan,1.167,nan,nan,1,1,1,1.167,nan,nan,nan,nan,nan,-0.067,nan,nan,0,0,0,-0.067,nan,500,fresh
193324,0,0,0,0,0,0,7,0,0,4,19,1,7,0,nan,nan,nan,nan,1.167,nan,nan,1,1,1,1.167,nan,nan,nan,nan,nan,-0.067,nan,nan,0,0,0,-0.067,nan,500,fresh
194394,0,0,0,0,0,0,7,0,0,4,19,1,7,0,nan,nan,nan,nan,1.167,nan,nan,1,1,1,1.167,nan,nan,nan,nan,nan,-0.067,nan,nan,0,0,0,-0.067,nan,500,fresh
195464,0,0,0,0,0,0,7,0,0,4,19,1,7,0,nan,nan,nan,nan,1.167,nan,nan,1,1,1,1.167,nan,nan,nan,nan,nan,-0.067,nan,nan,0,0,0,-0.067,nan,500,fresh
196534,0,0,0,0,0,0,7,0,0,4,19,1,7,0,nan,nan,nan,nan,1.167,nan,nan,1,1,1,1.167,nan,nan,nan,nan,nan,-0.067,nan,nan,0,0,0,-0.067,nan,500,fresh
197604,0,0,0,0,0,0,7,0,0,4,19,1,7,0,nan,nan,nan,nan,1.167,nan,nan,1,1,1,1.167,nan,nan,nan,nan,nan,-0.067,nan,nan,0,0,0,-0.067,nan,500,fresh
198673,0,0,0,0,0,0,7,0,0,4,19,1,7,0,nan,nan,nan,nan,1.167,nan,nan,1,1,1,1.167,nan,nan,nan,nan,nan,-0.067,nan,nan,0,0,0,-0.067,nan,500,fresh
199741,0,0,0,0,0,0,6,0,0,4,19,1,7,0,nan,nan,nan,nan,1,nan,nan,1,1,1,1.167,nan,nan,nan,nan,nan,0,nan,nan,0,0,0,-0.067,nan,500,fresh
200810,0,0,0,0,0,0,7,0,0,4,19,1,7,0,nan,nan,nan,nan,1.167,nan,nan,1,1,1,1.167,nan,nan,nan,nan,nan,-0.067,nan,nan,0,0,0,-0.067,nan,500,fresh
201880,0,0,0,0,0,0,7,0,0,4,19,1,7,0,nan,nan,nan,nan,1.167,nan,nan,1,1,1,1.167,nan,nan,nan,nan,nan,-0.067,nan,nan,0,0,0,-0.067,nan,500,fresh
202950,0,0,0,0,0,0,7,0,0,4,19,1,7,0,nan,nan,nan,nan,1.167,nan,nan,1,1,1,1.167,nan,nan,nan,nan,nan,-0.067,nan,nan,0,0,0,-0.067,nan,500,fresh
204019,0,0,0,0,0,0,7,0,0,4,19,1,7,0,nan,nan,nan,nan,1.167,nan,nan,1,1,1,1.167,nan,nan,nan,nan,nan,-0.067,nan,nan,0,0,0,-0.067,nan,500,fresh
205089,0,0,0,0,0,0,7,0,0,4,19,1,6,0,nan,nan,nan,nan,1.167,nan,nan,1,1,1,1,nan,nan,nan,nan,nan,-0.067,nan,nan,0,0,0,0,nan,500,fresh
206159,0,0,0,0,0,0,7,0,0,4,19,1,7,0,nan,nan,nan,nan,1.167,nan,nan,1,1,1,1.167,nan,nan,nan,nan,nan,-0.067,nan,nan,0,0,0,-0.067,nan,500,fresh
207228,0,0,0,0,0,0,7,0,0,4,19,1,7,0,nan,nan,nan,nan,1.167,nan,nan,1,1,1,1.167,nan,nan,nan,nan,nan,-0.067,nan,nan,0,0,0,-0.067,nan,500,fresh
208298,0,0,0,0,0,0,7,0,0,4,19,1,6,0,nan,nan,nan,nan,1.167,nan,nan,1,1,1,1,nan,nan,nan,nan,nan,-0.067,nan,nan,0,0,0,0,nan,500,fresh
209368,0,0,0,0,0,0,7,0,0,4,19,1,7,0,nan,nan,nan,nan,1.167,nan,nan,1,1,1,1.167,nan,nan,nan,nan,nan,-0.067,nan,nan,0,0,0,-0.067,nan,500,fresh
210437,0,0,0,0,0,0,7,0,0,4,19,1,7,0,nan,nan,nan,nan,1.167,nan,nan,1,1,1,1.167,nan,nan,nan,nan,nan,-0.067,nan,nan,0,0,0,-0.067,nan,500,fresh
211507,0,0,0,0,0,0,6,0,0,4,19,1,7,0,nan,nan,nan,nan,1,nan,nan,1,1,1,1.167,nan,nan,nan,nan,nan,0,nan,nan,0,0,0,-0.067,nan,500,fresh
212576,0,0,0,0,0,0,6,0,0,4,19,1,7,0,nan,nan,nan,nan,1,nan,nan,1,1,1,1.167,nan,nan,nan,nan,nan,0,nan,nan,0,0,0,-0.067,nan,500,fresh
213644,0,0,0,0,0,0,7,0,0,4,19,1,6,0,nan,nan,nan,nan,1.167,nan,nan,1,1,1,1,nan,nan,nan,nan,nan,-0.067,nan,nan,0,0,0,0,nan,500,fresh
214713,0,0,0,0,0,0,7,0,0,4,19,1,7,0,nan,nan,nan,nan,1.167,nan,nan,1,1,1,1.167,nan,nan,nan,nan,nan,-0.067,nan,nan,0,0,0,-0.067,nan,500,fresh
215783,0,0,0,0,0,0,7,0,0,4,19,1,7,0,nan,nan,nan,nan,1.167,nan,nan,1,1,1,1.167,nan,nan,nan,nan,nan,-0.067,nan,nan,0,0,0,-0.067,nan,500,fresh
216853,0,0,0,0,0,0,7,0,0,4,19,1,7,0,nan,nan,nan,nan,1.167,nan,nan,1,1,1,1.167,nan,nan,nan,nan,nan,-0.067,nan,nan,0,0,0,-0.067,nan,500,fresh
217921,0,0,0,0,0,0,7,0,0,4,19,1,6,0,nan,nan,nan,nan,1.167,nan,nan,1,1,1,1,nan,nan,nan,nan,nan,-0.067,nan,nan,0,0,0,0,nan,500,fresh
218990,0,0,0,0,0,0,7,0,0,4,19,1,7,0,nan,nan,nan,nan,1.167,nan,nan,1,1,1,1.167,nan,nan,nan,nan,nan,-0.067,nan,nan,0,0,0,-0.067,nan,500,fresh
220060,0,0,0,0,0,0,6,0,0,4,19,1,7,0,nan,nan,nan,nan,1,nan,nan,1,1,1,1.167,nan,nan,nan,nan,nan,0,nan,nan,0,0,0,-0.067,nan,500,fresh
221130,0,0,0,0,0,0,7,0,0,4,19,1,7,0,nan,nan,nan,nan,1.167,nan,nan,1,1,1,1.167,nan,nan,nan,nan,nan,-0.067,nan,nan,0,0,0,-0.067,nan,500,fresh
222198,0,0,0,0,0,0,7,0,0,4,19,1,7,0,nan,nan,nan,nan,1.167,nan,nan,1,1,1,1.167,nan,nan,nan,nan,nan,-0.067,nan,nan,0,0,0,-0.067,nan,500,fresh
223267,0,0,0,0,0,0,7,0,0,4,19,1,7,0,nan,nan,nan,nan,1.167,nan,nan,1,1,1,1.167,nan,nan,nan,nan,nan,-0.067,nan,nan,0,0,0,-0.067,nan,500,fresh
224337,0,0,0,0,0,0,6,0,0,4,19,1,7,0,nan,nan,nan,nan,1,nan,nan,1,1,1,1.167,nan,nan,nan,nan,nan,0,nan,nan,0,0,0,-0.067,nan,500,fresh
225406,0,0,0,0,0,0,6,0,0,4,19,1,7,0,nan,nan,nan,nan,1,nan,nan,1,1,1,1.167,nan,nan,nan,nan,nan,0,nan,nan,0,0,0,-0.067,nan,500,fresh
226475,0,0,0,0,0,0,7,0,0,4,19,1,7,0,nan,nan,nan,nan,1.167,nan,nan,1,1,1,1.167,nan,nan,nan,nan,nan,-0.067,nan,nan,0,0,0,-0.067,nan,500,fresh
227544,0,0,0,0,0,0,6,0,0,4,19,1,7,0,nan,nan,nan,nan,1,nan,nan,1,1,1,1.167,nan,nan,nan,nan,nan,0,nan,nan,0,0,0,-0.067,nan,500,fresh
228614,0,0,0,0,0,0,7,0,0,4,19,1,7,0,nan,nan,nan,nan,1.167,nan,nan,1,1,1,1.167,nan,nan,nan,nan,nan,-0.067,nan,nan,0,0,0,-0.067,nan,500,fresh
229683,0,0,0,0,0,0,7,0,0,3,19,1,7,0,nan,nan,nan,nan,1.167,nan,nan,0.75,1,1,1.167,nan,nan,nan,nan,nan,-0.067,nan,nan,0.125,0,0,-0.067,nan,500,fresh
230752,0,0,0,0,0,0,6,0,0,4,19,1,6,0,nan,nan,nan,nan,1,nan,nan,1,1,1,1,nan,nan,nan,nan,nan,0,nan,nan,0,0,0,0,nan,500,fresh
231822,0,0,0,0,0,0,7,0,0,4,19,1,7,0,nan,nan,nan,nan,1.167,nan,nan,1,1,1,1.167,nan,nan,nan,nan,nan,-0.067,nan,nan,0,0,0,-0.067,nan,500,fresh
232892,0,0,0,0,0,0,7,0,0,4,19,1,7,0,nan,nan,nan,nan,1.167,nan,nan,1,1,1,1.167,nan,nan,nan,nan,nan,-0.067,nan,nan,0,0,0,-0.067,nan,500,fresh
233962,0,0,0,0,0,0,6,0,0,4,19,1,7,0,nan,nan,nan,nan,1,nan,nan,1,1,1,1.167,nan,nan,nan,nan,nan,0,nan,nan,0,0,0,-0.067,nan,500,fresh
235031,0,0,0,0,0,0,6,0,0,4,19,1,7,0,nan,nan,nan,nan,1,nan,nan,1,1,1,1.167,nan,nan,nan,nan,nan,0,nan,nan,0,0,0,-0.067,nan,500,fresh
236100,0,0,0,0,0,0,7,0,0,4,19,1,6,0,nan,nan,nan,nan,1.167,nan,nan,1,1,1,1,nan,nan,nan,nan,nan,-0.067,nan,nan,0,0,0,0,nan,500,fresh
237170,0,0,0,0,0,0,7,0,0,4,19,1,7,0,nan,nan,nan,nan,1.167,nan,nan,1,1,1,1.167,nan,nan,nan,nan,nan,-0.067,nan,nan,0,0,0,-0.067,nan,500,fresh
238240,0,0,0,0,0,0,7,0,0,4,19,1,7,0,nan,nan,nan,nan,1.167,nan,nan,1,1,1,1.167,nan,nan,nan,nan,nan,-0.067,nan,nan,0,0,0,-0.067,nan,500,fresh
239309,0,0,0,0,0,0,7,0,0,4,19,1,6,0,nan,nan,nan,nan,1.167,nan,nan,1,1,1,1,nan,nan,nan,nan,nan,-0.067,nan,nan,0,0,0,0,nan,500,fresh
240379,0,0,0,0,0,0,7,0,0,4,19,1,7,0,nan,nan,nan,nan,1.167,nan,nan,1,1,1,1.167,nan,nan,nan,nan,nan,-0.067,nan,nan,0,0,0,-0.067,nan,500,fresh
241449,0,0,0,0,0,0,7,0,0,4,19,1,6,0,nan,nan,nan,nan,1.167,nan,nan,1,1,1,1,nan,nan,nan,nan,nan,-0.067,nan,nan,0,0,0,0,nan,500,fresh
242519,0,0,0,0,0,0,7,0,0,4,19,1,7,0,nan,nan,nan,nan,1.167,nan,nan,1,1,1,1.167,nan,nan,nan,nan,nan,-0.067,nan,nan,0,0,0,-0.067,nan,500,fresh
243588,0,0,0,0,0,0,7,0,0,4,19,1,6,0,nan,nan,nan,nan,1.167,nan,nan,1,1,1,1,nan,nan,nan,nan,nan,-0.067,nan,nan,0,0,0,0,nan,500,fresh
244657,0,0,0,0,0,0,7,0,0,4,19,1,7,0,nan,nan,nan,nan,1.167,nan,nan,1,1,1,1.167,nan,nan,nan,nan,nan,-0.067,nan,nan,0,0,0,-0.067,nan,500,fresh
245727,0,0,0,0,0,0,7,0,0,4,19,1,7,0,nan,nan,nan,nan,1.167,nan,nan,1,1,1,1.167,nan,nan,nan,nan,nan,-0.067,nan,nan,0,0,0,-0.067,nan,500,fresh
246795,0,0,0,0,0,0,7,0,0,4,19,1,7,0,nan,nan,nan,nan,1.167,nan,nan,1,1,1,1.167,nan,nan,nan,nan,nan,-0.067,nan,nan,0,0,0,-0.067,nan,500,fresh
247864,0,0,0,0,0,0,7,0,0,4,19,1,7,0,nan,nan,nan,nan,1.167,nan,nan,1,1,1,1.167,nan,nan,nan,nan,nan,-0.067,nan,nan,0,0,0,-0.067,nan,500,fresh
248934,0,0,0,0,0,0,7,0,0,4,19,1,7,0,nan,nan,nan,nan,1.167,nan,nan,1,1,1,1.167,nan,nan,nan,nan,nan,-0.067,nan,nan,0,0,0,-0.067,nan,500,fresh
250004,0,0,0,0,0,0,6,0,0,4,19,1,7,0,nan,nan,nan,nan,1,nan,nan,1,1,1,1.167,nan,nan,nan,nan,nan,0,nan,nan,0,0,0,-0.067,nan,500,fresh
251073,0,0,0,0,0,0,7,0,0,4,19,1,7,0,nan,nan,nan,nan,1.167,nan,nan,1,1,1,1.167,nan,nan,nan,nan,nan,-0.067,nan,nan,0,0,0,-0.067,nan,500,fresh
252142,0,0,0,0,0,0,7,0,0,4,19,1,7,0,nan,nan,nan,nan,1.167,nan,nan,1,1,1,1.167,nan,nan,nan,nan,nan,-0.067,nan,nan,0,0,0,-0.067,nan,500,fresh
253212,0,0,0,0,0,0,7,0,0,4,19,1,7,0,nan,nan,nan,nan,1.167,nan,nan,1,1,1,1.167,nan,nan,nan,nan,nan,-0.067,nan,nan,0,0,0,-0.067,nan,500,fresh
254280,0,0,0,0,0,0,7,0,0,4,19,1,6,0,nan,nan,nan,nan,1.167,nan,nan,1,1,1,1,nan,nan,nan,nan,nan,-0.067,nan,nan,0,0,0,0,nan,500,fresh
255350,0,0,0,0,0,0,7,0,0,4,19,1,7,0,nan,nan,nan,nan,1.167,nan,nan,1,1,1,1.167,nan,nan,nan,nan,nan,-0.067,nan,nan,0,0,0,-0.067,nan,500,fresh
256419,0,0,0,0,0,0,7,0,0,4,19,1,7,0,nan,nan,nan,nan,1.167,nan,nan,1,1,1,1.167,nan,nan,nan,nan,nan,-0.067,nan,nan,0,0,0,-0.067,nan,500,fresh
257489,0,0,0,0,0,0,7,0,0,4,19,1,7,0,nan,nan,nan,nan,1.167,nan,nan,1,1,1,1.167,nan,nan,nan,nan,nan,-0.067,nan,nan,0,0,0,-0.067,nan,500,fresh
258559,0,0,0,0,0,0,7,0,0,4,19,1,7,0,nan,nan,nan,nan,1.167,nan,nan,1,1,1,1.167,nan,nan,nan,nan,nan,-0.067,nan,nan,0,0,0,-0.067,nan,500,fresh
259627,0,0,0,0,0,0,7,0,0,4,19,1,7,0,nan,nan,nan,nan,1.167,nan,nan,1,1,1,1.167,nan,nan,nan,nan,nan,-0.067,nan,nan,0,0,0,-0.067,nan,500,fresh
260695,0,0,0,0,0,0,7,0,0,4,19,1,7,0,nan,nan,nan,nan,1.167,nan,nan,1,1,1,1.167,nan,nan,nan,nan,nan,-0.067,nan,nan,0,0,0,-0.067,nan,500,fresh
261765,0,0,0,0,0,0,7,0,0,4,19,1,7,0,nan,nan,nan,nan,1.167,nan,nan,1,1,1,1.167,nan,nan,nan,nan,nan,-0.067,nan,nan,0,0,0,-0.067,nan,500,fresh
262834,0,0,0,0,0,0,7,0,0,4,19,1,7,0,nan,nan,nan,nan,1.167,nan,nan,1,1,1,1.167,nan,nan,nan,nan,nan,-0.067,nan,nan,0,0,0,-0.067,nan,500,fresh
263904,0,0,0,0,0,0,7,0,0,4,19,1,7,0,nan,nan,nan,nan,1.167,nan,nan,1,1,1,1.167,nan,nan,nan,nan,nan,-0.067,nan,nan,0,0,0,-0.067,nan,500,fresh
264974,0,0,0,0,0,0,6,0,0,4,19,1,6,0,nan,nan,nan,nan,1,nan,nan,1,1,1,1,nan,nan,nan,nan,nan,0,nan,nan,0,0,0,0,nan,500,fresh
266042,0,0,0,0,0,0,7,0,0,4,19,1,7,0,nan,nan,nan,nan,1.167,nan,nan,1,1,1,1.167,nan,nan,nan,nan,nan,-0.067,nan,nan,0,0,0,-0.067,nan,500,fresh
267111,0,0,0,0,0,0,7,0,0,4,19,1,7,0,nan,nan,nan,nan,1.167,nan,nan,1,1,1,1.167,nan,nan,nan,nan,nan,-0.067,nan,nan,0,0,0,-0.067,nan,500,fresh
268181,0,0,0,0,0,0,7,0,0,4,19,1,7,0,nan,nan,nan,nan,1.167,nan,nan,1,1,1,1.167,nan,nan,nan,nan,nan,-0.067,nan,nan,0,0,0,-0.067,nan,500,fresh
269251,0,0,0,0,0,0,7,0,0,4,19,1,7,0,nan,nan,nan,nan,1.167,nan,nan,1,1,1,1.167,nan,nan,nan,nan,nan,-0.067,nan,nan,0,0,0,-0.067,nan,500,fresh
270321,0,0,0,0,0,0,6,0,0,4,19,1,7,0,nan,nan,nan,nan,1,nan,nan,1,1,1,1.167,nan,nan,nan,nan,nan,0,nan,nan,0,0,0,-0.067,nan,500,fresh
271390,0,0,0,0,0,0,7,0,0,4,19,1,7,0,nan,nan,nan,nan,1.167,nan,nan,1,1,1,1.167,nan,nan,nan,nan,nan,-0.067,nan,nan,0,0,0,-0.067,nan,500,fresh
272459,0,0,0,0,0,0,7,0,0,4,19,1,6,0,nan,nan,nan,nan,1.167,nan,nan,1,1,1,1,nan,nan,nan,nan,nan,-0.067,nan,nan,0,0,0,0,nan,500,fresh
273528,0,0,0,0,0,0,7,0,0,4,19,1,6,0,nan,nan,nan,nan,1.167,nan,nan,1,1,1,1,nan,nan,nan,nan,nan,-0.067,nan,nan,0,0,0,0,nan,500,fresh
274597,0,0,0,0,0,0,7,0,0,4,19,1,7,0,nan,nan,nan,nan,1.167,nan,nan,1,1,1,1.167,nan,nan,nan,nan,nan,-0.067,nan,nan,0,0,0,-0.067,nan,500,fresh
275667,0,0,0,0,0,0,7,0,0,4,19,1,7,0,nan,nan,nan,nan,1.167,nan,nan,1,1,1,1.167,nan,nan,nan,nan,nan,-0.067,nan,nan,0,0,0,-0.067,nan,500,fresh
276737,0,0,0,0,0,0,6,0,0,4,19,1,7,0,nan,nan,nan,nan,1,nan,nan,1,1,1,1.167,nan,nan,nan,nan,nan,0,nan,nan,0,0,0,-0.067,nan,500,fresh
277806,0,0,0,0,0,0,7,0,0,4,19,1,7,0,nan,nan,nan,nan,1.167,nan,nan,1,1,1,1.167,nan,nan,nan,nan,nan,-0.067,nan,nan,0,0,0,-0.067,nan,500,fresh
278875,0,0,0,0,0,0,6,0,0,4,19,1,6,0,nan,nan,nan,nan,1,nan,nan,1,1,1,1,nan,nan,nan,nan,nan,0,nan,nan,0,0,0,0,nan,500,fresh
279945,0,0,0,0,0,0,7,0,0,4,19,1,7,0,nan,nan,nan,nan,1.167,nan,nan,1,1,1,1.167,nan,nan,nan,nan,nan,-0.067,nan,nan,0,0,0,-0.067,nan,500,fresh
281015,0,0,0,0,0,0,6,0,0,4,19,1,7,0,nan,nan,nan,nan,1,nan,nan,1,1,1,1.167,nan,nan,nan,nan,nan,0,nan,nan,0,0,0,-0.067,nan,500,fresh
282084,0,0,0,0,0,0,7,0,0,4,19,1,7,0,nan,nan,nan,nan,1.167,nan,nan,1,1,1,1.167,nan,nan,nan,nan,nan,-0.067,nan,nan,0,0,0,-0.067,nan,500,fresh
283153,0,0,0,0,0,0,7,0,0,4,19,1,7,0,nan,nan,nan,nan,1.167,nan,nan,1,1,1,1.167,nan,nan,nan,nan,nan,-0.067,nan,nan,0,0,0,-0.067,nan,500,fresh
284222,0,0,0,0,0,0,6,0,0,4,19,1,7,0,nan,nan,nan,nan,1,nan,nan,1,1,1,1.167,nan,nan,nan,nan,nan,0,nan,nan,0,0,0,-0.067,nan,500,fresh
285292,0,0,0,0,0,0,7,0,0,4,19,1,7,0,nan,nan,nan,nan,1.167,nan,nan,1,1,1,1.167,nan,nan,nan,nan,nan,-0.067,nan,nan,0,0,0,-0.067,nan,500,fresh
286361,0,0,0,0,0,0,7,0,0,4,19,1,7,0,nan,nan,nan,nan,1.167,nan,nan,1,1,1,1.167,nan,nan,nan,nan,nan,-0.067,nan,nan,0,0,0,-0.067,nan,500,fresh
287430,0,0,0,0,0,0,7,0,0,4,19,1,7,0,nan,nan,nan,nan,1.167,nan,nan,1,1,1,1.167,nan,nan,nan,nan,nan,-0.067,nan,nan,0,0,0,-0.067,nan,500,fresh
288499,0,0,0,0,0,0,6,0,0,4,19,1,7,0,nan,nan,nan,nan,1,nan,nan,1,1,1,1.167,nan,nan,nan,nan,nan,0,nan,nan,0,0,0,-0.067,nan,500,fresh
289569,0,0,0,0,0,0,7,0,0,4,19,1,7,0,nan,nan,nan,nan,1.167,nan,nan,1,1,1,1.167,nan,nan,nan,nan,nan,-0.067,nan,nan,0,0,0,-0.067,nan,500,fresh
290639,0,0,0,0,0,0,7,0,0,4,19,1,7,0,nan,nan,nan,nan,1.167,nan,nan,1,1,1,1.167,nan,nan,nan,nan,nan,-0.067,nan,nan,0,0,0,-0.067,nan,500,fresh
291709,0,0,0,0,0,0,6,0,0,4,19,1,7,0,nan,nan,nan,nan,1,nan,nan,1,1,1,1.167,nan,nan,nan,nan,nan,0,nan,nan,0,0,0,-0.067,nan,500,fresh
292779,0,0,0,0,0,0,7,0,0,4,19,1,7,0,nan,nan,nan,nan,1.167,nan,nan,1,1,1,1.167,nan,nan,nan,nan,nan,-0.067,nan,nan,0,0,0,-0.067,nan,500,fresh
293848,0,0,0,0,0,0,7,0,0,4,19,1,7,0,nan,nan,nan,nan,1.167,nan,nan,1,1,1,1.167,nan,nan,nan,nan,nan,-0.067,nan,nan,0,0,0,-0.067,nan,500,fresh
294918,0,0,0,0,0,0,7,0,0,4,19,1,7,0,nan,nan,nan,nan,1.167,nan,nan,1,1,1,1.167,nan,nan,nan,nan,nan,-0.067,nan,nan,0,0,0,-0.067,nan,500,fresh
295987,0,0,0,0,0,0,6,0,0,4,19,1,7,0,nan,nan,nan,nan,1,nan,nan,1,1,1,1.167,nan,nan,nan,nan,nan,0,nan,nan,0,0,0,-0.067,nan,500,fresh
297057,0,0,0,0,0,0,7,0,0,4,19,1,6,0,nan,nan,nan,nan,1.167,nan,nan,1,1,1,1,nan,nan,nan,nan,nan,-0.067,nan,nan,0,0,0,0,nan,500,fresh
298126,0,0,0,0,0,0,7,0,0,4,19,1,6,0,nan,nan,nan,nan,1.167,nan,nan,1,1,1,1,nan,nan,nan,nan,nan,-0.067,nan,nan,0,0,0,0,nan,500,fresh
299195,0,0,0,0,0,0,7,0,0,4,19,1,7,0,nan,nan,nan,nan,1.167,nan,nan,1,1,1,1.167,nan,nan,nan,nan,nan,-0.067,nan,nan,0,0,0,-0.067,nan,500,fresh
300265,0,0,0,0,0,0,7,0,0,4,19,1,6,0,nan,nan,nan,nan,1.167,nan,nan,1,1,1,1,nan,nan,nan,nan,nan,-0.067,nan,nan,0,0,0,0,nan,500,fresh
301335,0,0,0,0,0,0,7,0,0,4,19,1,7,0,nan,nan,nan,nan,1.167,nan,nan,1,1,1,1.167,nan,nan,nan,nan,nan,-0.067,nan,nan,0,0,0,-0.067,nan,500,fresh
302405,0,0,0,0,0,0,7,0,0,4,19,1,7,0,nan,nan,nan,nan,1.167,nan,nan,1,1,1,1.167,nan,nan,nan,nan,nan,-0.067,nan,nan,0,0,0,-0.067,nan,500,fresh
303475,0,0,0,0,0,0,7,0,0,4,19,1,7,0,nan,nan,nan,nan,1.167,nan,nan,1,1,1,1.167,nan,nan,nan,nan,nan,-0.067,nan,nan,0,0,0,-0.067,nan,500,fresh
304544,0,0,0,0,0,0,6,0,0,4,19,1,7,0,nan,nan,nan,nan,1,nan,nan,1,1,1,1.167,nan,nan,nan,nan,nan,0,nan,nan,0,0,0,-0.067,nan,500,fresh
305613,0,0,0,0,0,0,6,0,0,4,19,1,7,0,nan,nan,nan,nan,1,nan,nan,1,1,1,1.167,nan,nan,nan,nan,nan,0,nan,nan,0,0,0,-0.067,nan,500,fresh
306683,0,0,0,0,0,0,7,0,0,4,19,1,7,0,nan,nan,nan,nan,1.167,nan,nan,1,1,1,1.167,nan,nan,nan,nan,nan,-0.067,nan,nan,0,0,0,-0.067,nan,500,fresh
307752,0,0,0,0,0,0,7,0,0,3,19,1,7,0,nan,nan,nan,nan,1.167,nan,nan,0.75,1,1,1.167,nan,nan,nan,nan,nan,-0.067,nan,nan,0.125,0,0,-0.067,nan,500,fresh
308821,0,0,0,0,0,0,7,0,0,4,19,1,7,0,nan,nan,nan,nan,1.167,nan,nan,1,1,1,1.167,nan,nan,nan,nan,nan,-0.067,nan,nan,0,0,0,-0.067,nan,500,fresh
309891,0,0,0,0,0,0,7,0,0,4,19,1,6,0,nan,nan,nan,nan,1.167,nan,nan,1,1,1,1,nan,nan,nan,nan,nan,-0.067,nan,nan,0,0,0,0,nan,500,fresh
310960,0,0,0,0,0,0,7,0,0,4,19,1,7,0,nan,nan,nan,nan,1.167,nan,nan,1,1,1,1.167,nan,nan,nan,nan,nan,-0.067,nan,nan,0,0,0,-0.067,nan,500,fresh
312029,0,0,0,0,0,0,7,0,0,4,19,1,6,0,nan,nan,nan,nan,1.167,nan,nan,1,1,1,1,nan,nan,nan,nan,nan,-0.067,nan,nan,0,0,0,0,nan,500,fresh
313098,0,0,0,0,0,0,7,0,0,4,19,1,7,0,nan,nan,nan,nan,1.167,nan,nan,1,1,1,1.167,nan,nan,nan,nan,nan,-0.067,nan,nan,0,0,0,-0.067,nan,500,fresh
323795,0,0,0,0,0,0,7,0,0,4,19,1,7,0,nan,nan,nan,nan,1.167,nan,nan,1,1,1,1.167,nan,nan,nan,nan,nan,-0.067,nan,nan,0,0,0,-0.067,nan,500,fresh
324865,0,0,0,0,0,0,7,0,0,4,19,1,7,0,nan,nan,nan,nan,1.167,nan,nan,1,1,1,1.167,nan,nan,nan,nan,nan,-0.067,nan,nan,0,0,0,-0.067,nan,500,fresh
325934,0,0,0,0,0,0,7,0,0,4,19,1,7,0,nan,nan,nan,nan,1.167,nan,nan,1,1,1,1.167,nan,nan,nan,nan,nan,-0.067,nan,nan,0,0,0,-0.067,nan,500,fresh
327004,0,0,0,0,0,0,7,0,0,4,19,1,7,0,nan,nan,nan,nan,1.167,nan,nan,1,1,1,1.167,nan,nan,nan,nan,nan,-0.067,nan,nan,0,0,0,-0.067,nan,500,fresh
347322,0,0,0,0,0,0,7,0,0,4,20,1,7,0,nan,nan,nan,nan,1.167,nan,nan,1,1.053,1,1.167,nan,nan,nan,nan,nan,-0.067,nan,nan,0,-0.022,0,-0.067,nan,500,fresh
348392,0,0,0,0,0,0,7,0,0,4,20,1,7,0,nan,nan,nan,nan,1.167,nan,nan,1,1.053,1,1.167,nan,nan,nan,nan,nan,-0.067,nan,nan,0,-0.022,0,-0.067,nan,500,fresh
349461,0,0,0,0,0,0,7,0,0,4,19,1,7,0,nan,nan,nan,nan,1.167,nan,nan,1,1,1,1.167,nan,nan,nan,nan,nan,-0.067,nan,nan,0,0,0,-0.067,nan,500,fresh
350530,0,0,0,0,0,0,7,0,0,4,20,1,7,0,nan,nan,nan,nan,1.167,nan,nan,1,1.053,1,1.167,nan,nan,nan,nan,nan,-0.067,nan,nan,0,-0.022,0,-0.067,nan,500,fresh
351600,0,0,0,0,0,0,7,0,0,4,20,1,7,0,nan,nan,nan,nan,1.167,nan,nan,1,1.053,1,1.167,nan,nan,nan,nan,nan,-0.067,nan,nan,0,-0.022,0,-0.067,nan,500,fresh
352669,0,0,0,0,0,0,7,0,0,4,20,1,7,0,nan,nan,nan,nan,1.167,nan,nan,1,1.053,1,1.167,nan,nan,nan,nan,nan,-0.067,nan,nan,0,-0.022,0,-0.067,nan,500,fresh
353738,0,0,0,0,0,0,7,0,0,4,20,1,7,0,nan,nan,nan,nan,1.167,nan,nan,1,1.053,1,1.167,nan,nan,nan,nan,nan,-0.067,nan,nan,0,-0.022,0,-0.067,nan,500,fresh
354807,0,0,0,0,0,0,7,0,0,4,20,1,7,0,nan,nan,nan,nan,1.167,nan,nan,1,1.053,1,1.167,nan,nan,nan,nan,nan,-0.067,nan,nan,0,-0.022,0,-0.067,nan,500,fresh
355876,0,0,0,0,0,0,7,0,0,4,20,1,7,0,nan,nan,nan,nan,1.167,nan,nan,1,1.053,1,1.167,nan,nan,nan,nan,nan,-0.067,nan,nan,0,-0.022,0,-0.067,nan,500,fresh
356945,0,0,0,0,0,0,7,0,0,4,20,1,7,0,nan,nan,nan,nan,1.167,nan,nan,1,1.053,1,1.167,nan,nan,nan,nan,nan,-0.067,nan,nan,0,-0.022,0,-0.067,nan,500,fresh
358014,0,0,0,0,0,0,7,0,0,4,20,1,7,0,nan,nan,nan,nan,1.167,nan,nan,1,1.053,1,1.167,nan,nan,nan,nan,nan,-0.067,nan,nan,0,-0.022,0,-0.067,nan,500,fresh
359084,0,0,0,0,0,0,7,0,0,4,20,1,7,0,nan,nan,nan,nan,1.167,nan,nan,1,1.053,1,1.167,nan,nan,nan,nan,nan,-0.067,nan,nan,0,-0.022,0,-0.067,nan,500,fresh
360154,0,0,0,0,0,0,7,0,0,4,20,1,7,0,nan,nan,nan,nan,1.167,nan,nan,1,1.053,1,1.167,nan,nan,nan,nan,nan,-0.067,nan,nan,0,-0.022,0,-0.067,nan,500,fresh
361224,0,0,0,0,0,0,7,0,0,4,20,1,7,0,nan,nan,nan,nan,1.167,nan,nan,1,1.053,1,1.167,nan,nan,nan,nan,nan,-0.067,nan,nan,0,-0.022,0,-0.067,nan,500,fresh
362294,0,0,0,0,0,0,7,0,0,4,19,1,7,0,nan,nan,nan,nan,1.167,nan,nan,1,1,1,1.167,nan,nan,nan,nan,nan,-0.067,nan,nan,0,0,0,-0.067,nan,500,fresh
363364,0,0,0,0,0,0,7,0,0,4,20,1,7,0,nan,nan,nan,nan,1.167,nan,nan,1,1.053,1,1.167,nan,nan,nan,nan,nan,-0.067,nan,nan,0,-0.022,0,-0.067,nan,500,fresh
364434,0,0,0,0,0,0,7,0,0,4,20,1,7,0,nan,nan,nan,nan,1.167,nan,nan,1,1.053,1,1.167,nan,nan,nan,nan,nan,-0.067,nan,nan,0,-0.022,0,-0.067,nan,500,fresh
365504,0,0,0,0,0,0,7,0,0,4,20,1,7,0,nan,nan,nan,nan,1.167,nan,nan,1,1.053,1,1.167,nan,nan,nan,nan,nan,-0.067,nan,nan,0,-0.022,0,-0.067,nan,500,fresh
366574,0,0,0,0,0,0,7,0,0,4,20,1,7,0,nan,nan,nan,nan,1.167,nan,nan,1,1.053,1,1.167,nan,nan,nan,nan,nan,-0.067,nan,nan,0,-0.022,0,-0.067,nan,500,fresh
367643,0,0,0,0,0,0,7,0,0,4,20,1,7,0,nan,nan,nan,nan,1.167,nan,nan,1,1.053,1,1.167,nan,nan,nan,nan,nan,-0.067,nan,nan,0,-0.022,0,-0.067,nan,500,fresh
368713,0,0,0,0,0,0,7,0,0,4,20,1,7,0,nan,nan,nan,nan,1.167,nan,nan,1,1.053,1,1.167,nan,nan,nan,nan,nan,-0.067,nan,nan,0,-0.022,0,-0.067,nan,500,fresh
369783,0,0,0,0,0,0,7,0,0,4,20,1,7,0,nan,nan,nan,nan,1.167,nan,nan,1,1.053,1,1.167,nan,nan,nan,nan,nan,-0.067,nan,nan,0,-0.022,0,-0.067,nan,500,fresh
370852,0,0,0,0,0,0,7,0,0,4,20,1,7,0,nan,nan,nan,nan,1.167,nan,nan,1,1.053,1,1.167,nan,nan,nan,nan,nan,-0.067,nan,nan,0,-0.022,0,-0.067,nan,500,fresh
371922,0,0,0,0,0,0,7,0,0,4,20,1,7,0,nan,nan,nan,nan,1.167,nan,nan,1,1.053,1,1.167,nan,nan,nan,nan,nan,-0.067,nan,nan,0,-0.022,0,-0.067,nan,500,fresh
372991,0,0,0,0,0,0,7,0,0,4,20,1,7,0,nan,nan,nan,nan,1.167,nan,nan,1,1.053,1,1.167,nan,nan,nan,nan,nan,-0.067,nan,nan,0,-0.022,0,-0.067,nan,500,fresh
374059,0,0,0,0,0,0,7,0,0,4,19,1,7,0,nan,nan,nan,nan,1.167,nan,nan,1,1,1,1.167,nan,nan,nan,nan,nan,-0.067,nan,nan,0,0,0,-0.067,nan,500,fresh
375127,0,0,0,0,0,0,7,0,0,4,20,1,7,0,nan,nan,nan,nan,1.167,nan,nan,1,1.053,1,1.167,nan,nan,nan,nan,nan,-0.067,nan,nan,0,-0.022,0,-0.067,nan,500,fresh
376197,0,0,0,0,0,0,7,0,0,4,20,1,7,0,nan,nan,nan,nan,1.167,nan,nan,1,1.053,1,1.167,nan,nan,nan,nan,nan,-0.067,nan,nan,0,-0.022,0,-0.067,nan,500,fresh
377265,0,0,0,0,0,0,7,0,0,4,19,1,7,0,nan,nan,nan,nan,1.167,nan,nan,1,1,1,1.167,nan,nan,nan,nan,nan,-0.067,nan,nan,0,0,0,-0.067,nan,500,fresh
378333,0,0,0,0,0,0,7,0,0,4,20,1,7,0,nan,nan,nan,nan,1.167,nan,nan,1,1.053,1,1.167,nan,nan,nan,nan,nan,-0.067,nan,nan,0,-0.022,0,-0.067,nan,500,fresh
379403,0,0,0,0,0,0,7,0,0,4,20,1,7,0,nan,nan,nan,nan,1.167,nan,nan,1,1.053,1,1.167,nan,nan,nan,nan,nan,-0.067,nan,nan,0,-0.022,0,-0.067,nan,500,fresh
380473,0,0,0,0,0,0,7,0,0,4,20,1,7,0,nan,nan,nan,nan,1.167,nan,nan,1,1.053,1,1.167,nan,nan,nan,nan,nan,-0.067,nan,nan,0,-0.022,0,-0.067,nan,500,fresh
381542,0,0,0,0,0,0,7,0,0,4,20,1,7,0,nan,nan,nan,nan,1.167,nan,nan,1,1.053,1,1.167,nan,nan,nan,nan,nan,-0.067,nan,nan,0,-0.022,0,-0.067,nan,500,fresh
382612,0,0,0,0,0,0,7,0,0,4,20,1,7,0,nan,nan,nan,nan,1.167,nan,nan,1,1.053,1,1.167,nan,nan,nan,nan,nan,-0.067,nan,nan,0,-0.022,0,-0.067,nan,500,fresh
383681,0,0,0,0,0,0,7,0,0,4,19,1,7,0,nan,nan,nan,nan,1.167,nan,nan,1,1,1,1.167,nan,nan,nan,nan,nan,-0.067,nan,nan,0,0,0,-0.067,nan,500,fresh
384750,0,0,0,0,0,0,7,0,0,4,20,1,7,0,nan,nan,nan,nan,1.167,nan,nan,1,1.053,1,1.167,nan,nan,nan,nan,nan,-0.067,nan,nan,0,-0.022,0,-0.067,nan,500,fresh
385819,0,0,0,0,0,0,7,0,0,4,20,1,7,0,nan,nan,nan,nan,1.167,nan,nan,1,1.053,1,1.167,nan,nan,nan,nan,nan,-0.067,nan,nan,0,-0.022,0,-0.067,nan,500,fresh
386889,0,0,0,0,0,0,6,0,0,4,19,1,7,0,nan,nan,nan,nan,1,nan,nan,1,1,1,1.167,nan,nan,nan,nan,nan,0,nan,nan,0,0,0,-0.067,nan,500,fresh
387957,0,0,0,0,0,0,7,0,0,4,20,1,7,0,nan,nan,nan,nan,1.167,nan,nan,1,1.053,1,1.167,nan,nan,nan,nan,nan,-0.067,nan,nan,0,-0.022,0,-0.067,nan,500,fresh
389027,0,0,0,0,0,0,7,0,0,4,20,1,7,0,nan,nan,nan,nan,1.167,nan,nan,1,1.053,1,1.167,nan,nan,nan,nan,nan,-0.067,nan,nan,0,-0.022,0,-0.067,nan,500,fresh
390096,0,0,0,0,0,0,7,0,0,4,20,1,7,0,nan,nan,nan,nan,1.167,nan,nan,1,1.053,1,1.167,nan,nan,nan,nan,nan,-0.067,nan,nan,0,-0.022,0,-0.067,nan,500,fresh
391165,0,0,0,0,0,0,7,0,0,4,20,1,7,0,nan,nan,nan,nan,1.167,nan,nan,1,1.053,1,1.167,nan,nan,nan,nan,nan,-0.067,nan,nan,0,-0.022,0,-0.067,nan,500,fresh
392235,0,0,0,0,0,0,7,0,0,4,19,1,7,0,nan,nan,nan,nan,1.167,nan,nan,1,1,1,1.167,nan,nan,nan,nan,nan,-0.067,nan,nan,0,0,0,-0.067,nan,500,fresh
393304,0,0,0,0,0,0,7,0,0,4,19,1,7,0,nan,nan,nan,nan,1.167,nan,nan,1,1,1,1.167,nan,nan,nan,nan,nan,-0.067,nan,nan,0,0,0,-0.067,nan,500,fresh
394373,0,0,0,0,0,0,7,0,0,4,19,1,7,0,nan,nan,nan,nan,1.167,nan,nan,1,1,1,1.167,nan,nan,nan,nan,nan,-0.067,nan,nan,0,0,0,-0.067,nan,500,fresh
395443,0,0,0,0,0,0,7,0,0,4,19,1,7,0,nan,nan,nan,nan,1.167,nan,nan,1,1,1,1.167,nan,nan,nan,nan,nan,-0.067,nan,nan,0,0,0,-0.067,nan,500,fresh
396513,0,0,0,0,0,0,7,0,0,4,19,1,7,0,nan,nan,nan,nan,1.167,nan,nan,1,1,1,1.167,nan,nan,nan,nan,nan,-0.067,nan,nan,0,0,0,-0.067,nan,500,fresh
397582,0,0,0,0,0,0,7,0,0,4,20,1,7,0,nan,nan,nan,nan,1.167,nan,nan,1,1.053,1,1.167,nan,nan,nan,nan,nan,-0.067,nan,nan,0,-0.022,0,-0.067,nan,500,fresh
398651,0,0,0,0,0,0,7,0,0,4,19,1,7,0,nan,nan,nan,nan,1.167,nan,nan,1,1,1,1.167,nan,nan,nan,nan,nan,-0.067,nan,nan,0,0,0,-0.067,nan,500,fresh
399720,0,0,0,0,0,0,7,0,0,4,20,1,7,0,nan,nan,nan,nan,1.167,nan,nan,1,1.053,1,1.167,nan,nan,nan,nan,nan,-0.067,nan,nan,0,-0.022,0,-0.067,nan,500,fresh
400789,0,0,0,0,0,0,7,0,0,4,20,1,7,0,nan,nan,nan,nan,1.167,nan,nan,1,1.053,1,1.167,nan,nan,nan,nan,nan,-0.067,nan,nan,0,-0.022,0,-0.067,nan,500,fresh
401859,0,0,0,0,0,0,7,0,0,4,19,1,7,0,nan,nan,nan,nan,1.167,nan,nan,1,1,1,1.167,nan,nan,nan,nan,nan,-0.067,nan,nan,0,0,0,-0.067,nan,500,fresh
402928,0,0,0,0,0,0,7,0,0,4,20,1,7,0,nan,nan,nan,nan,1.167,nan,nan,1,1.053,1,1.167,nan,nan,nan,nan,nan,-0.067,nan,nan,0,-0.022,0,-0.067,nan,500,fresh
403997,0,0,0,0,0,0,7,0,0,4,19,1,7,0,nan,nan,nan,nan,1.167,nan,nan,1,1,1,1.167,nan,nan,nan,nan,nan,-0.067,nan,nan,0,0,0,-0.067,nan,500,fresh
405067,0,0,0,0,0,0,7,0,0,4,19,1,7,0,nan,nan,nan,nan,1.167,nan,nan,1,1,1,1.167,nan,nan,nan,nan,nan,-0.067,nan,nan,0,0,0,-0.067,nan,500,fresh
406136,0,0,0,0,0,0,6,0,0,4,19,1,7,0,nan,nan,nan,nan,1,nan,nan,1,1,1,1.167,nan,nan,nan,nan,nan,0,nan,nan,0,0,0,-0.067,nan,500,fresh
407206,0,0,0,0,0,0,7,0,0,4,19,1,7,0,nan,nan,nan,nan,1.167,nan,nan,1,1,1,1.167,nan,nan,nan,nan,nan,-0.067,nan,nan,0,0,0,-0.067,nan,500,fresh
408276,0,0,0,0,0,0,7,0,0,4,19,1,7,0,nan,nan,nan,nan,1.167,nan,nan,1,1,1,1.167,nan,nan,nan,nan,nan,-0.067,nan,nan,0,0,0,-0.067,nan,500,fresh
409345,0,0,0,0,0,0,7,0,0,4,19,1,7,0,nan,nan,nan,nan,1.167,nan,nan,1,1,1,1.167,nan,nan,nan,nan,nan,-0.067,nan,nan,0,0,0,-0.067,nan,500,fresh
410415,0,0,0,0,0,0,7,0,0,4,19,1,7,0,nan,nan,nan,nan,1.167,nan,nan,1,1,1,1.167,nan,nan,nan,nan,nan,-0.067,nan,nan,0,0,0,-0.067,nan,500,fresh
411485,0,0,0,0,0,0,7,0,0,4,19,1,7,0,nan,nan,nan,nan,1.167,nan,nan,1,1,1,1.167,nan,nan,nan,nan,nan,-0.067,nan,nan,0,0,0,-0.067,nan,500,fresh
412555,0,0,0,0,0,0,7,0,0,4,19,1,7,0,nan,nan,nan,nan,1.167,nan,nan,1,1,1,1.167,nan,nan,nan,nan,nan,-0.067,nan,nan,0,0,0,-0.067,nan,500,fresh
413625,0,0,0,0,0,0,7,0,0,4,19,1,7,0,nan,nan,nan,nan,1.167,nan,nan,1,1,1,1.167,nan,nan,nan,nan,nan,-0.067,nan,nan,0,0,0,-0.067,nan,500,fresh
414694,0,0,0,0,0,0,7,0,0,4,19,1,7,0,nan,nan,nan,nan,1.167,nan,nan,1,1,1,1.167,nan,nan,nan,nan,nan,-0.067,nan,nan,0,0,0,-0.067,nan,500,fresh
415763,0,0,0,0,0,0,7,0,0,4,19,1,7,0,nan,nan,nan,nan,1.167,nan,nan,1,1,1,1.167,nan,nan,nan,nan,nan,-0.067,nan,nan,0,0,0,-0.067,nan,500,fresh
416832,0,0,0,0,0,0,7,0,0,4,19,1,7,0,nan,nan,nan,nan,1.167,nan,nan,1,1,1,1.167,nan,nan,nan,nan,nan,-0.067,nan,nan,0,0,0,-0.067,nan,500,fresh
417901,0,0,0,0,0,0,7,0,0,4,19,1,7,0,nan,nan,nan,nan,1.167,nan,nan,1,1,1,1.167,nan,nan,nan,nan,nan,-0.067,nan,nan,0,0,0,-0.067,nan,500,fresh
418971,0,0,0,0,0,0,7,0,0,4,19,1,7,0,nan,nan,nan,nan,1.167,nan,nan,1,1,1,1.167,nan,nan,nan,nan,nan,-0.067,nan,nan,0,0,0,-0.067,nan,500,fresh
420041,0,0,0,0,0,0,7,0,0,4,19,1,7,0,nan,nan,nan,nan,1.167,nan,nan,1,1,1,1.167,nan,nan,nan,nan,nan,-0.067,nan,nan,0,0,0,-0.067,nan,500,fresh
421111,0,0,0,0,0,0,7,0,0,4,19,1,7,0,nan,nan,nan,nan,1.167,nan,nan,1,1,1,1.167,nan,nan,nan,nan,nan,-0.067,nan,nan,0,0,0,-0.067,nan,500,fresh
422181,0,0,0,0,0,0,7,0,0,4,20,1,7,0,nan,nan,nan,nan,1.167,nan,nan,1,1.053,1,1.167,nan,nan,nan,nan,nan,-0.067,nan,nan,0,-0.022,0,-0.067,nan,500,fresh
423250,0,0,0,0,0,0,7,0,0,4,19,1,7,0,nan,nan,nan,nan,1.167,nan,nan,1,1,1,1.167,nan,nan,nan,nan,nan,-0.067,nan,nan,0,0,0,-0.067,nan,500,fresh
424319,0,0,0,0,0,0,7,0,0,4,19,1,7,0,nan,nan,nan,nan,1.167,nan,nan,1,1,1,1.167,nan,nan,nan,nan,nan,-0.067,nan,nan,0,0,0,-0.067,nan,500,fresh
425389,0,0,0,0,0,0,7,0,0,4,19,1,7,0,nan,nan,nan,nan,1.167,nan,nan,1,1,1,1.167,nan,nan,nan,nan,nan,-0.067,nan,nan,0,0,0,-0.067,nan,500,fresh
426457,0,0,0,0,0,0,7,0,0,4,20,1,7,0,nan,nan,nan,nan,1.167,nan,nan,1,1.053,1,1.167,nan,nan,nan,nan,nan,-0.067,nan,nan,0,-0.022,0,-0.067,nan,500,fresh
427527,0,0,0,0,0,0,7,0,0,4,19,1,7,0,nan,nan,nan,nan,1.167,nan,nan,1,1,1,1.167,nan,nan,nan,nan,nan,-0.067,nan,nan,0,0,0,-0.067,nan,500,fresh
428597,0,0,0,0,0,0,7,0,0,4,19,1,7,0,nan,nan,nan,nan,1.167,nan,nan,1,1,1,1.167,nan,nan,nan,nan,nan,-0.067,nan,nan,0,0,0,-0.067,nan,500,fresh
429666,0,0,0,0,0,0,7,0,0,4,19,1,7,0,nan,nan,nan,nan,1.167,nan,nan,1,1,1,1.167,nan,nan,nan,nan,nan,-0.067,nan,nan,0,0,0,-0.067,nan,500,fresh
430736,0,0,0,0,0,0,7,0,0,4,19,1,7,0,nan,nan,nan,nan,1.167,nan,nan,1,1,1,1.167,nan,nan,nan,nan,nan,-0.067,nan,nan,0,0,0,-0.067,nan,500,fresh
431806,0,0,0,0,0,0,7,0,0,4,19,1,7,0,nan,nan,nan,nan,1.167,nan,nan,1,1,1,1.167,nan,nan,nan,nan,nan,-0.067,nan,nan,0,0,0,-0.067,nan,500,fresh
432875,0,0,0,0,0,0,7,0,0,4,19,1,7,0,nan,nan,nan,nan,1.167,nan,nan,1,1,1,1.167,nan,nan,nan,nan,nan,-0.067,nan,nan,0,0,0,-0.067,nan,500,fresh
433945,0,0,0,0,0,0,7,0,0,4,19,1,7,0,nan,nan,nan,nan,1.167,nan,nan,1,1,1,1.167,nan,nan,nan,nan,nan,-0.067,nan,nan,0,0,0,-0.067,nan,500,fresh
435015,0,0,0,0,0,0,7,0,0,4,19,1,7,0,nan,nan,nan,nan,1.167,nan,nan,1,1,1,1.167,nan,nan,nan,nan,nan,-0.067,nan,nan,0,0,0,-0.067,nan,500,fresh
436085,0,0,0,0,0,0,7,0,0,4,19,1,7,0,nan,nan,nan,nan,1.167,nan,nan,1,1,1,1.167,nan,nan,nan,nan,nan,-0.067,nan,nan,0,0,0,-0.067,nan,500,fresh
437154,0,0,0,0,0,0,7,0,0,4,19,1,7,0,nan,nan,nan,nan,1.167,nan,nan,1,1,1,1.167,nan,nan,nan,nan,nan,-0.067,nan,nan,0,0,0,-0.067,nan,500,fresh
438224,0,0,0,0,0,0,7,0,0,4,19,1,7,0,nan,nan,nan,nan,1.167,nan,nan,1,1,1,1.167,nan,nan,nan,nan,nan,-0.067,nan,nan,0,0,0,-0.067,nan,500,fresh
50008,0,0,0,0,0,0,7,0,0,4,19,1,7,0,nan,nan,nan,nan,1.167,nan,nan,1,1,1,1.167,nan,nan,nan,nan,nan,-0.067,nan,nan,0,0,0,-0.067,nan,500,fresh
51077,0,0,0,0,0,0,6,0,0,4,19,1,7,0,nan,nan,nan,nan,1,nan,nan,1,1,1,1.167,nan,nan,nan,nan,nan,0,nan,nan,0,0,0,-0.067,nan,500,fresh
52146,0,0,0,0,0,0,7,0,0,4,19,1,7,0,nan,nan,nan,nan,1.167,nan,nan,1,1,1,1.167,nan,nan,nan,nan,nan,-0.067,nan,nan,0,0,0,-0.067,nan,500,fresh
53216,0,0,0,0,0,0,7,0,0,4,19,1,6,0,nan,nan,nan,nan,1.167,nan,nan,1,1,1,1,nan,nan,nan,nan,nan,-0.067,nan,nan,0,0,0,0,nan,500,fresh
54285,0,0,0,0,0,0,7,0,0,4,19,1,7,0,nan,nan,nan,nan,1.167,nan,nan,1,1,1,1.167,nan,nan,nan,nan,nan,-0.067,nan,nan,0,0,0,-0.067,nan,500,fresh
55355,0,0,0,0,0,0,7,0,0,4,19,1,6,0,nan,nan,nan,nan,1.167,nan,nan,1,1,1,1,nan,nan,nan,nan,nan,-0.067,nan,nan,0,0,0,0,nan,500,fresh
56425,0,0,0,0,0,0,7,0,0,4,19,1,7,0,nan,nan,nan,nan,1.167,nan,nan,1,1,1,1.167,nan,nan,nan,nan,nan,-0.067,nan,nan,0,0,0,-0.067,nan,500,fresh
57495,0,0,0,0,0,0,7,0,0,4,19,1,7,0,nan,nan,nan,nan,1.167,nan,nan,1,1,1,1.167,nan,nan,nan,nan,nan,-0.067,nan,nan,0,0,0,-0.067,nan,500,fresh
58564,0,0,0,0,0,0,7,0,0,4,19,1,7,0,nan,nan,nan,nan,1.167,nan,nan,1,1,1,1.167,nan,nan,nan,nan,nan,-0.067,nan,nan,0,0,0,-0.067,nan,500,fresh
59634,0,0,0,0,0,0,7,0,0,4,19,1,7,0,nan,nan,nan,nan,1.167,nan,nan,1,1,1,1.167,nan,nan,nan,nan,nan,-0.067,nan,nan,0,0,0,-0.067,nan,500,fresh
60704,0,0,0,0,0,0,7,0,0,4,19,1,7,0,nan,nan,nan,nan,1.167,nan,nan,1,1,1,1.167,nan,nan,nan,nan,nan,-0.067,nan,nan,0,0,0,-0.067,nan,500,fresh
61774,0,0,0,0,0,0,7,0,0,4,19,1,7,0,nan,nan,nan,nan,1.167,nan,nan,1,1,1,1.167,nan,nan,nan,nan,nan,-0.067,nan,nan,0,0,0,-0.067,nan,500,fresh
62844,0,0,0,0,0,0,6,0,0,4,19,1,7,0,nan,nan,nan,nan,1,nan,nan,1,1,1,1.167,nan,nan,nan,nan,nan,0,nan,nan,0,0,0,-0.067,nan,500,fresh
63913,0,0,0,0,0,0,7,0,0,4,19,1,7,0,nan,nan,nan,nan,1.167,nan,nan,1,1,1,1.167,nan,nan,nan,nan,nan,-0.067,nan,nan,0,0,0,-0.067,nan,500,fresh
64983,0,0,0,0,0,0,7,0,0,4,19,1,7,0,nan,nan,nan,nan,1.167,nan,nan,1,1,1,1.167,nan,nan,nan,nan,nan,-0.067,nan,nan,0,0,0,-0.067,nan,500,fresh
66053,0,0,0,0,0,0,7,0,0,4,19,1,7,0,nan,nan,nan,nan,1.167,nan,nan,1,1,1,1.167,nan,nan,nan,nan,nan,-0.067,nan,nan,0,0,0,-0.067,nan,500,fresh
67123,0,0,0,0,0,0,7,0,0,4,19,1,7,0,nan,nan,nan,nan,1.167,nan,nan,1,1,1,1.167,nan,nan,nan,nan,nan,-0.067,nan,nan,0,0,0,-0.067,nan,500,fresh
68193,0,0,0,0,0,0,7,0,0,4,19,1,7,0,nan,nan,nan,nan,1.167,nan,nan,1,1,1,1.167,nan,nan,nan,nan,nan,-0.067,nan,nan,0,0,0,-0.067,nan,500,fresh
69263,0,0,0,0,0,0,7,0,0,4,19,1,7,0,nan,nan,nan,nan,1.167,nan,nan,1,1,1,1.167,nan,nan,nan,nan,nan,-0.067,nan,nan,0,0,0,-0.067,nan,500,fresh
70333,0,0,0,0,0,0,7,0,0,4,19,1,7,0,nan,nan,nan,nan,1.167,nan,nan,1,1,1,1.167,nan,nan,nan,nan,nan,-0.067,nan,nan,0,0,0,-0.067,nan,500,fresh
71403,0,0,0,0,0,0,7,0,0,4,19,1,7,0,nan,nan,nan,nan,1.167,nan,nan,1,1,1,1.167,nan,nan,nan,nan,nan,-0.067,nan,nan,0,0,0,-0.067,nan,500,fresh
72473,0,0,0,0,0,0,6,0,0,4,19,1,7,0,nan,nan,nan,nan,1,nan,nan,1,1,1,1.167,nan,nan,nan,nan,nan,0,nan,nan,0,0,0,-0.067,nan,500,fresh
73542,0,0,0,0,0,0,7,0,0,4,19,1,6,0,nan,nan,nan,nan,1.167,nan,nan,1,1,1,1,nan,nan,nan,nan,nan,-0.067,nan,nan,0,0,0,0,nan,500,fresh
74611,0,0,0,0,0,0,7,0,0,4,19,1,7,0,nan,nan,nan,nan,1.167,nan,nan,1,1,1,1.167,nan,nan,nan,nan,nan,-0.067,nan,nan,0,0,0,-0.067,nan,500,fresh
75681,0,0,0,0,0,0,7,0,0,4,19,1,7,0,nan,nan,nan,nan,1.167,nan,nan,1,1,1,1.167,nan,nan,nan,nan,nan,-0.067,nan,nan,0,0,0,-0.067,nan,500,fresh
76751,0,0,0,0,0,0,7,0,0,4,19,1,7,0,nan,nan,nan,nan,1.167,nan,nan,1,1,1,1.167,nan,nan,nan,nan,nan,-0.067,nan,nan,0,0,0,-0.067,nan,500,fresh
77821,0,0,0,0,0,0,7,0,0,4,19,1,7,0,nan,nan,nan,nan,1.167,nan,nan,1,1,1,1.167,nan,nan,nan,nan,nan,-0.067,nan,nan,0,0,0,-0.067,nan,500,fresh
78891,0,0,0,0,0,0,7,0,0,4,19,1,7,0,nan,nan,nan,nan,1.167,nan,nan,1,1,1,1.167,nan,nan,nan,nan,nan,-0.067,nan,nan,0,0,0,-0.067,nan,500,fresh
79960,0,0,0,0,0,0,7,0,0,4,19,1,6,0,nan,nan,nan,nan,1.167,nan,nan,1,1,1,1,nan,nan,nan,nan,nan,-0.067,nan,nan,0,0,0,0,nan,500,fresh
81030,0,0,0,0,0,0,6,0,0,4,19,1,7,0,nan,nan,nan,nan,1,nan,nan,1,1,1,1.167,nan,nan,nan,nan,nan,0,nan,nan,0,0,0,-0.067,nan,500,fresh
82099,0,0,0,0,0,0,7,0,0,4,19,1,7,0,nan,nan,nan,nan,1.167,nan,nan,1,1,1,1.167,nan,nan,nan,nan,nan,-0.067,nan,nan,0,0,0,-0.067,nan,500,fresh
83168,0,0,0,0,0,0,7,0,0,4,19,1,7,0,nan,nan,nan,nan,1.167,nan,nan,1,1,1,1.167,nan,nan,nan,nan,nan,-0.067,nan,nan,0,0,0,-0.067,nan,500,fresh
84238,0,0,0,0,0,0,7,0,0,4,19,1,6,0,nan,nan,nan,nan,1.167,nan,nan,1,1,1,1,nan,nan,nan,nan,nan,-0.067,nan,nan,0,0,0,0,nan,500,fresh
85308,0,0,0,0,0,0,7,0,0,4,19,1,7,0,nan,nan,nan,nan,1.167,nan,nan,1,1,1,1.167,nan,nan,nan,nan,nan,-0.067,nan,nan,0,0,0,-0.067,nan,500,fresh
86377,0,0,0,0,0,0,7,0,0,4,19,1,7,0,nan,nan,nan,nan,1.167,nan,nan,1,1,1,1.167,nan,nan,nan,nan,nan,-0.067,nan,nan,0,0,0,-0.067,nan,500,fresh
87447,0,0,0,0,0,0,7,0,0,4,19,1,7,0,nan,nan,nan,nan,1.167,nan,nan,1,1,1,1.167,nan,nan,nan,nan,nan,-0.067,nan,nan,0,0,0,-0.067,nan,500,fresh
88516,0,0,0,0,0,0,6,0,0,4,19,1,7,0,nan,nan,nan,nan,1,nan,nan,1,1,1,1.167,nan,nan,nan,nan,nan,0,nan,nan,0,0,0,-0.067,nan,500,fresh
89586,0,0,0,0,0,0,7,0,0,4,19,1,7,0,nan,nan,nan,nan,1.167,nan,nan,1,1,1,1.167,nan,nan,nan,nan,nan,-0.067,nan,nan,0,0,0,-0.067,nan,500,fresh
90655,0,0,0,0,0,0,7,0,0,4,19,1,7,0,nan,nan,nan,nan,1.167,nan,nan,1,1,1,1.167,nan,nan,nan,nan,nan,-0.067,nan,nan,0,0,0,-0.067,nan,500,fresh
91723,0,0,0,0,0,0,7,0,0,4,19,1,7,0,nan,nan,nan,nan,1.167,nan,nan,1,1,1,1.167,nan,nan,nan,nan,nan,-0.067,nan,nan,0,0,0,-0.067,nan,500,fresh
92792,0,0,0,0,0,0,7,0,0,4,19,1,7,0,nan,nan,nan,nan,1.167,nan,nan,1,1,1,1.167,nan,nan,nan,nan,nan,-0.067,nan,nan,0,0,0,-0.067,nan,500,fresh
93862,0,0,0,0,0,0,6,0,0,4,19,1,7,0,nan,nan,nan,nan,1,nan,nan,1,1,1,1.167,nan,nan,nan,nan,nan,0,nan,nan,0,0,0,-0.067,nan,500,fresh
94931,0,0,0,0,0,0,7,0,0,4,19,1,7,0,nan,nan,nan,nan,1.167,nan,nan,1,1,1,1.167,nan,nan,nan,nan,nan,-0.067,nan,nan,0,0,0,-0.067,nan,500,fresh
96000,0,0,0,0,0,0,7,0,0,4,19,1,7,0,nan,nan,nan,nan,1.167,nan,nan,1,1,1,1.167,nan,nan,nan,nan,nan,-0.067,nan,nan,0,0,0,-0.067,nan,500,fresh
97069,0,0,0,0,0,0,7,0,0,4,19,1,7,0,nan,nan,nan,nan,1.167,nan,nan,1,1,1,1.167,nan,nan,nan,nan,nan,-0.067,nan,nan,0,0,0,-0.067,nan,500,fresh
98138,0,0,0,0,0,0,7,0,0,4,19,1,7,0,nan,nan,nan,nan,1.167,nan,nan,1,1,1,1.167,nan,nan,nan,nan,nan,-0.067,nan,nan,0,0,0,-0.067,nan,500,fresh
99207,0,0,0,0,0,0,7,0,0,4,19,1,7,0,nan,nan,nan,nan,1.167,nan,nan,1,1,1,1.167,nan,nan,nan,nan,nan,-0.067,nan,nan,0,0,0,-0.067,nan,500,fresh
100276,0,0,0,0,0,0,7,0,0,4,19,1,7,0,nan,nan,nan,nan,1.167,nan,nan,1,1,1,1.167,nan,nan,nan,nan,nan,-0.067,nan,nan,0,0,0,-0.067,nan,500,fresh
101346,0,0,0,0,0,0,7,0,0,4,19,1,7,0,nan,nan,nan,nan,1.167,nan,nan,1,1,1,1.167,nan,nan,nan,nan,nan,-0.067,nan,nan,0,0,0,-0.067,nan,500,fresh
102416,0,0,0,0,0,0,7,0,0,4,19,1,7,0,nan,nan,nan,nan,1.167,nan,nan,1,1,1,1.167,nan,nan,nan,nan,nan,-0.067,nan,nan,0,0,0,-0.067,nan,500,fresh
103485,0,0,0,0,0,0,7,0,0,3,19,1,7,0,nan,nan,nan,nan,1.167,nan,nan,0.75,1,1,1.167,nan,nan,nan,nan,nan,-0.067,nan,nan,0.125,0,0,-0.067,nan,500,fresh
104555,0,0,0,0,0,0,6,0,0,4,19,1,7,0,nan,nan,nan,nan,1,nan,nan,1,1,1,1.167,nan,nan,nan,nan,nan,0,nan,nan,0,0,0,-0.067,nan,500,fresh
105625,0,0,0,0,0,0,7,0,0,4,19,1,7,0,nan,nan,nan,nan,1.167,nan,nan,1,1,1,1.167,nan,nan,nan,nan,nan,-0.067,nan,nan,0,0,0,-0.067,nan,500,fresh
106694,0,0,0,0,0,0,7,0,0,4,19,1,7,0,nan,nan,nan,nan,1.167,nan,nan,1,1,1,1.167,nan,nan,nan,nan,nan,-0.067,nan,nan,0,0,0,-0.067,nan,500,fresh
107763,0,0,0,0,0,0,7,0,0,4,19,1,7,0,nan,nan,nan,nan,1.167,nan,nan,1,1,1,1.167,nan,nan,nan,nan,nan,-0.067,nan,nan,0,0,0,-0.067,nan,500,fresh
108833,0,0,0,0,0,0,7,0,0,4,19,1,7,0,nan,nan,nan,nan,1.167,nan,nan,1,1,1,1.167,nan,nan,nan,nan,nan,-0.067,nan,nan,0,0,0,-0.067,nan,500,fresh
109903,0,0,0,0,0,0,7,0,0,4,19,1,7,0,nan,nan,nan,nan,1.167,nan,nan,1,1,1,1.167,nan,nan,nan,nan,nan,-0.067,nan,nan,0,0,0,-0.067,nan,500,fresh
110971,0,0,0,0,0,0,7,0,0,4,19,1,7,0,nan,nan,nan,nan,1.167,nan,nan,1,1,1,1.167,nan,nan,nan,nan,nan,-0.067,nan,nan,0,0,0,-0.067,nan,500,fresh
112041,0,0,0,0,0,0,7,0,0,4,19,1,7,0,nan,nan,nan,nan,1.167,nan,nan,1,1,1,1.167,nan,nan,nan,nan,nan,-0.067,nan,nan,0,0,0,-0.067,nan,500,fresh
113111,0,0,0,0,0,0,7,0,0,4,19,1,7,0,nan,nan,nan,nan,1.167,nan,nan,1,1,1,1.167,nan,nan,nan,nan,nan,-0.067,nan,nan,0,0,0,-0.067,nan,500,fresh
114180,0,0,0,0,0,0,7,0,0,4,19,1,7,0,nan,nan,nan,nan,1.167,nan,nan,1,1,1,1.167,nan,nan,nan,nan,nan,-0.067,nan,nan,0,0,0,-0.067,nan,500,fresh
115250,0,0,0,0,0,0,7,0,0,4,19,1,7,0,nan,nan,nan,nan,1.167,nan,nan,1,1,1,1.167,nan,nan,nan,nan,nan,-0.067,nan,nan,0,0,0,-0.067,nan,500,fresh
116319,0,0,0,0,0,0,7,0,0,4,19,1,7,0,nan,nan,nan,nan,1.167,nan,nan,1,1,1,1.167,nan,nan,nan,nan,nan,-0.067,nan,nan,0,0,0,-0.067,nan,500,fresh
117388,0,0,0,0,0,0,7,0,0,4,19,1,7,0,nan,nan,nan,nan,1.167,nan,nan,1,1,1,1.167,nan,nan,nan,nan,nan,-0.067,nan,nan,0,0,0,-0.067,nan,500,fresh
118457,0,0,0,0,0,0,7,0,0,4,19,1,7,0,nan,nan,nan,nan,1.167,nan,nan,1,1,1,1.167,nan,nan,nan,nan,nan,-0.067,nan,nan,0,0,0,-0.067,nan,500,fresh
119526,0,0,0,0,0,0,7,0,0,4,19,1,7,0,nan,nan,nan,nan,1.167,nan,nan,1,1,1,1.167,nan,nan,nan,nan,nan,-0.067,nan,nan,0,0,0,-0.067,nan,500,fresh
120596,0,0,0,0,0,0,7,0,0,4,19,1,7,0,nan,nan,nan,nan,1.167,nan,nan,1,1,1,1.167,nan,nan,nan,nan,nan,-0.067,nan,nan,0,0,0,-0.067,nan,500,fresh
121664,0,0,0,0,0,0,7,0,0,4,19,1,7,0,nan,nan,nan,nan,1.167,nan,nan,1,1,1,1.167,nan,nan,nan,nan,nan,-0.067,nan,nan,0,0,0,-0.067,nan,500,fresh
122733,0,0,0,0,0,0,6,0,0,4,19,1,7,0,nan,nan,nan,nan,1,nan,nan,1,1,1,1.167,nan,nan,nan,nan,nan,0,nan,nan,0,0,0,-0.067,nan,500,fresh
123803,0,0,0,0,0,0,7,0,0,4,19,1,7,0,nan,nan,nan,nan,1.167,nan,nan,1,1,1,1.167,nan,nan,nan,nan,nan,-0.067,nan,nan,0,0,0,-0.067,nan,500,fresh
124872,0,0,0,0,0,0,7,0,0,4,19,1,7,0,nan,nan,nan,nan,1.167,nan,nan,1,1,1,1.167,nan,nan,nan,nan,nan,-0.067,nan,nan,0,0,0,-0.067,nan,500,fresh
125941,0,0,0,0,0,0,7,0,0,4,19,1,7,0,nan,nan,nan,nan,1.167,nan,nan,1,1,1,1.167,nan,nan,nan,nan,nan,-0.067,nan,nan,0,0,0,-0.067,nan,500,fresh
127011,0,0,0,0,0,0,7,0,0,4,19,1,7,0,nan,nan,nan,nan,1.167,nan,nan,1,1,1,1.167,nan,nan,nan,nan,nan,-0.067,nan,nan,0,0,0,-0.067,nan,500,fresh
128081,0,0,0,0,0,0,7,0,0,4,19,1,7,0,nan,nan,nan,nan,1.167,nan,nan,1,1,1,1.167,nan,nan,nan,nan,nan,-0.067,nan,nan,0,0,0,-0.067,nan,500,fresh
129149,0,0,0,0,0,0,7,0,0,4,19,1,7,0,nan,nan,nan,nan,1.167,nan,nan,1,1,1,1.167,nan,nan,nan,nan,nan,-0.067,nan,nan,0,0,0,-0.067,nan,500,fresh
130219,0,0,0,0,0,0,7,0,0,4,19,1,7,0,nan,nan,nan,nan,1.167,nan,nan,1,1,1,1.167,nan,nan,nan,nan,nan,-0.067,nan,nan,0,0,0,-0.067,nan,500,fresh
131289,0,0,0,0,0,0,7,0,0,4,19,1,7,0,nan,nan,nan,nan,1.167,nan,nan,1,1,1,1.167,nan,nan,nan,nan,nan,-0.067,nan,nan,0,0,0,-0.067,nan,500,fresh
132359,0,0,0,0,0,0,7,0,0,4,19,1,6,0,nan,nan,nan,nan,1.167,nan,nan,1,1,1,1,nan,nan,nan,nan,nan,-0.067,nan,nan,0,0,0,0,nan,500,fresh
133429,0,0,0,0,0,0,7,0,0,4,19,1,7,0,nan,nan,nan,nan,1.167,nan,nan,1,1,1,1.167,nan,nan,nan,nan,nan,-0.067,nan,nan,0,0,0,-0.067,nan,500,fresh
134497,0,0,0,0,0,0,7,0,0,4,19,1,7,0,nan,nan,nan,nan,1.167,nan,nan,1,1,1,1.167,nan,nan,nan,nan,nan,-0.067,nan,nan,0,0,0,-0.067,nan,500,fresh
135567,0,0,0,0,0,0,7,0,0,4,19,1,7,0,nan,nan,nan,nan,1.167,nan,nan,1,1,1,1.167,nan,nan,nan,nan,nan,-0.067,nan,nan,0,0,0,-0.067,nan,500,fresh
136637,0,0,0,0,0,0,7,0,0,4,19,1,7,0,nan,nan,nan,nan,1.167,nan,nan,1,1,1,1.167,nan,nan,nan,nan,nan,-0.067,nan,nan,0,0,0,-0.067,nan,500,fresh
137707,0,0,0,0,0,0,7,0,0,4,19,1,7,0,nan,nan,nan,nan,1.167,nan,nan,1,1,1,1.167,nan,nan,nan,nan,nan,-0.067,nan,nan,0,0,0,-0.067,nan,500,fresh
138776,0,0,0,0,0,0,7,0,0,4,19,1,7,0,nan,nan,nan,nan,1.167,nan,nan,1,1,1,1.167,nan,nan,nan,nan,nan,-0.067,nan,nan,0,0,0,-0.067,nan,500,fresh
139845,0,0,0,0,0,0,7,0,0,4,19,1,7,0,nan,nan,nan,nan,1.167,nan,nan,1,1,1,1.167,nan,nan,nan,nan,nan,-0.067,nan,nan,0,0,0,-0.067,nan,500,fresh
140915,0,0,0,0,0,0,7,0,0,4,19,1,7,0,nan,nan,nan,nan,1.167,nan,nan,1,1,1,1.167,nan,nan,nan,nan,nan,-0.067,nan,nan,0,0,0,-0.067,nan,500,fresh
141984,0,0,0,0,0,0,7,0,0,4,19,1,7,0,nan,nan,nan,nan,1.167,nan,nan,1,1,1,1.167,nan,nan,nan,nan,nan,-0.067,nan,nan,0,0,0,-0.067,nan,500,fresh
143054,0,0,0,0,0,0,7,0,0,4,19,1,7,0,nan,nan,nan,nan,1.167,nan,nan,1,1,1,1.167,nan,nan,nan,nan,nan,-0.067,nan,nan,0,0,0,-0.067,nan,500,fresh
144124,0,0,0,0,0,0,7,0,0,4,19,1,7,0,nan,nan,nan,nan,1.167,nan,nan,1,1,1,1.167,nan,nan,nan,nan,nan,-0.067,nan,nan,0,0,0,-0.067,nan,500,fresh
145194,0,0,0,0,0,0,7,0,0,4,19,1,7,0,nan,nan,nan,nan,1.167,nan,nan,1,1,1,1.167,nan,nan,nan,nan,nan,-0.067,nan,nan,0,0,0,-0.067,nan,500,fresh
146264,0,0,0,0,0,0,7,0,0,4,19,1,7,0,nan,nan,nan,nan,1.167,nan,nan,1,1,1,1.167,nan,nan,nan,nan,nan,-0.067,nan,nan,0,0,0,-0.067,nan,500,fresh
147332,0,0,0,0,0,0,7,0,0,4,19,1,7,0,nan,nan,nan,nan,1.167,nan,nan,1,1,1,1.167,nan,nan,nan,nan,nan,-0.067,nan,nan,0,0,0,-0.067,nan,500,fresh
148402,0,0,0,0,0,0,7,0,0,4,19,1,7,0,nan,nan,nan,nan,1.167,nan,nan,1,1,1,1.167,nan,nan,nan,nan,nan,-0.067,nan,nan,0,0,0,-0.067,nan,500,fresh
149471,0,0,0,0,0,0,7,0,0,4,19,1,7,0,nan,nan,nan,nan,1.167,nan,nan,1,1,1,1.167,nan,nan,nan,nan,nan,-0.067,nan,nan,0,0,0,-0.067,nan,500,fresh
150541,0,0,0,0,0,0,7,0,0,4,19,1,7,0,nan,nan,nan,nan,1.167,nan,nan,1,1,1,1.167,nan,nan,nan,nan,nan,-0.067,nan,nan,0,0,0,-0.067,nan,500,fresh
151611,0,0,0,0,0,0,7,0,0,4,19,1,7,0,nan,nan,nan,nan,1.167,nan,nan,1,1,1,1.167,nan,nan,nan,nan,nan,-0.067,nan,nan,0,0,0,-0.067,nan,500,fresh
152680,0,0,0,0,0,0,7,0,0,4,19,1,7,0,nan,nan,nan,nan,1.167,nan,nan,1,1,1,1.167,nan,nan,nan,nan,nan,-0.067,nan,nan,0,0,0,-0.067,nan,500,fresh
153750,0,0,0,0,0,0,7,0,0,4,19,1,7,0,nan,nan,nan,nan,1.167,nan,nan,1,1,1,1.167,nan,nan,nan,nan,nan,-0.067,nan,nan,0,0,0,-0.067,nan,500,fresh
154820,0,0,0,0,0,0,7,0,0,4,19,1,7,0,nan,nan,nan,nan,1.167,nan,nan,1,1,1,1.167,nan,nan,nan,nan,nan,-0.067,nan,nan,0,0,0,-0.067,nan,500,fresh
155890,0,0,0,0,0,0,7,0,0,4,19,1,7,0,nan,nan,nan,nan,1.167,nan,nan,1,1,1,1.167,nan,nan,nan,nan,nan,-0.067,nan,nan,0,0,0,-0.067,nan,500,fresh
156960,0,0,0,0,0,0,7,0,0,4,19,1,7,0,nan,nan,nan,nan,1.167,nan,nan,1,1,1,1.167,nan,nan,nan,nan,nan,-0.067,nan,nan,0,0,0,-0.067,nan,500,fresh
158030,0,0,0,0,0,0,7,0,0,4,19,1,7,0,nan,nan,nan,nan,1.167,nan,nan,1,1,1,1.167,nan,nan,nan,nan,nan,-0.067,nan,nan,0,0,0,-0.067,nan,500,fresh
159100,0,0,0,0,0,0,7,0,0,4,19,1,6,0,nan,nan,nan,nan,1.167,nan,nan,1,1,1,1,nan,nan,nan,nan,nan,-0.067,nan,nan,0,0,0,0,nan,500,fresh
160168,0,0,0,0,0,0,7,0,0,4,19,1,7,0,nan,nan,nan,nan,1.167,nan,nan,1,1,1,1.167,nan,nan,nan,nan,nan,-0.067,nan,nan,0,0,0,-0.067,nan,500,fresh
161237,0,0,0,0,0,0,7,0,0,4,19,1,7,0,nan,nan,nan,nan,1.167,nan,nan,1,1,1,1.167,nan,nan,nan,nan,nan,-0.067,nan,nan,0,0,0,-0.067,nan,500,fresh
162306,0,0,0,0,0,0,7,0,0,4,19,1,7,0,nan,nan,nan,nan,1.167,nan,nan,1,1,1,1.167,nan,nan,nan,nan,nan,-0.067,nan,nan,0,0,0,-0.067,nan,500,fresh
163376,0,0,0,0,0,0,7,0,0,4,19,1,7,0,nan,nan,nan,nan,1.167,nan,nan,1,1,1,1.167,nan,nan,nan,nan,nan,-0.067,nan,nan,0,0,0,-0.067,nan,500,fresh
164444,0,0,0,0,0,0,7,0,0,4,19,1,7,0,nan,nan,nan,nan,1.167,nan,nan,1,1,1,1.167,nan,nan,nan,nan,nan,-0.067,nan,nan,0,0,0,-0.067,nan,500,fresh
165513,0,0,0,0,0,0,7,0,0,4,19,1,7,0,nan,nan,nan,nan,1.167,nan,nan,1,1,1,1.167,nan,nan,nan,nan,nan,-0.067,nan,nan,0,0,0,-0.067,nan,500,fresh
166583,0,0,0,0,0,0,7,0,0,4,19,1,7,0,nan,nan,nan,nan,1.167,nan,nan,1,1,1,1.167,nan,nan,nan,nan,nan,-0.067,nan,nan,0,0,0,-0.067,nan,500,fresh
167652,0,0,0,0,0,0,7,0,0,4,19,1,7,0,nan,nan,nan,nan,1.167,nan,nan,1,1,1,1.167,nan,nan,nan,nan,nan,-0.067,nan,nan,0,0,0,-0.067,nan,500,fresh
168722,0,0,0,0,0,0,7,0,0,4,19,1,7,0,nan,nan,nan,nan,1.167,nan,nan,1,1,1,1.167,nan,nan,nan,nan,nan,-0.067,nan,nan,0,0,0,-0.067,nan,500,fresh
169792,0,0,0,0,0,0,7,0,0,4,19,1,7,0,nan,nan,nan,nan,1.167,nan,nan,1,1,1,1.167,nan,nan,nan,nan,nan,-0.067,nan,nan,0,0,0,-0.067,nan,500,fresh
170862,0,0,0,0,0,0,7,0,0,4,19,1,7,0,nan,nan,nan,nan,1.167,nan,nan,1,1,1,1.167,nan,nan,nan,nan,nan,-0.067,nan,nan,0,0,0,-0.067,nan,500,fresh
171932,0,0,0,0,0,0,6,0,0,4,19,1,7,0,nan,nan,nan,nan,1,nan,nan,1,1,1,1.167,nan,nan,nan,nan,nan,0,nan,nan,0,0,0,-0.067,nan,500,fresh
173002,0,0,0,0,0,0,7,0,0,4,19,1,7,0,nan,nan,nan,nan,1.167,nan,nan,1,1,1,1.167,nan,nan,nan,nan,nan,-0.067,nan,nan,0,0,0,-0.067,nan,500,fresh
174072,0,0,0,0,0,0,7,0,0,4,19,1,7,0,nan,nan,nan,nan,1.167,nan,nan,1,1,1,1.167,nan,nan,nan,nan,nan,-0.067,nan,nan,0,0,0,-0.067,nan,500,fresh
175140,0,0,0,0,0,0,6,0,0,4,19,1,7,0,nan,nan,nan,nan,1,nan,nan,1,1,1,1.167,nan,nan,nan,nan,nan,0,nan,nan,0,0,0,-0.067,nan,500,fresh
176210,0,0,0,0,0,0,7,0,0,4,19,1,7,0,nan,nan,nan,nan,1.167,nan,nan,1,1,1,1.167,nan,nan,nan,nan,nan,-0.067,nan,nan,0,0,0,-0.067,nan,500,fresh
177280,0,0,0,0,0,0,7,0,0,4,19,1,7,0,nan,nan,nan,nan,1.167,nan,nan,1,1,1,1.167,nan,nan,nan,nan,nan,-0.067,nan,nan,0,0,0,-0.067,nan,500,fresh
178350,0,0,0,0,0,0,6,0,0,4,19,1,7,0,nan,nan,nan,nan,1,nan,nan,1,1,1,1.167,nan,nan,nan,nan,nan,0,nan,nan,0,0,0,-0.067,nan,500,fresh
179419,0,0,0,0,0,0,7,0,0,4,19,1,7,0,nan,nan,nan,nan,1.167,nan,nan,1,1,1,1.167,nan,nan,nan,nan,nan,-0.067,nan,nan,0,0,0,-0.067,nan,500,fresh
180488,0,0,0,0,0,0,7,0,0,4,19,1,7,0,nan,nan,nan,nan,1.167,nan,nan,1,1,1,1.167,nan,nan,nan,nan,nan,-0.067,nan,nan,0,0,0,-0.067,nan,500,fresh
181557,0,0,0,0,0,0,7,0,0,4,19,1,7,0,nan,nan,nan,nan,1.167,nan,nan,1,1,1,1.167,nan,nan,nan,nan,nan,-0.067,nan,nan,0,0,0,-0.067,nan,500,fresh
182627,0,0,0,0,0,0,7,0,0,4,19,1,7,0,nan,nan,nan,nan,1.167,nan,nan,1,1,1,1.167,nan,nan,nan,nan,nan,-0.067,nan,nan,0,0,0,-0.067,nan,500,fresh
183697,0,0,0,0,0,0,7,0,0,4,19,1,7,0,nan,nan,nan,nan,1.167,nan,nan,1,1,1,1.167,nan,nan,nan,nan,nan,-0.067,nan,nan,0,0,0,-0.067,nan,500,fresh
184766,0,0,0,0,0,0,7,0,0,4,19,1,7,0,nan,nan,nan,nan,1.167,nan,nan,1,1,1,1.167,nan,nan,nan,nan,nan,-0.067,nan,nan,0,0,0,-0.067,nan,500,fresh
185836,0,0,0,0,0,0,7,0,0,4,19,1,7,0,nan,nan,nan,nan,1.167,nan,nan,1,1,1,1.167,nan,nan,nan,nan,nan,-0.067,nan,nan,0,0,0,-0.067,nan,500,fresh
186906,0,0,0,0,0,0,7,0,0,4,19,1,7,0,nan,nan,nan,nan,1.167,nan,nan,1,1,1,1.167,nan,nan,nan,nan,nan,-0.067,nan,nan,0,0,0,-0.067,nan,500,fresh
187976,0,0,0,0,0,0,7,0,0,4,19,1,6,0,nan,nan,nan,nan,1.167,nan,nan,1,1,1,1,nan,nan,nan,nan,nan,-0.067,nan,nan,0,0,0,0,nan,500,fresh
189046,0,0,0,0,0,0,7,0,0,4,19,1,6,0,nan,nan,nan,nan,1.167,nan,nan,1,1,1,1,nan,nan,nan,nan,nan,-0.067,nan,nan,0,0,0,0,nan,500,fresh
190115,0,0,0,0,0,0,6,0,0,4,19,1,7,0,nan,nan,nan,nan,1,nan,nan,1,1,1,1.167,nan,nan,nan,nan,nan,0,nan,nan,0,0,0,-0.067,nan,500,fresh
191185,0,0,0,0,0,0,7,0,0,4,19,1,6,0,nan,nan,nan,nan,1.167,nan,nan,1,1,1,1,nan,nan,nan,nan,nan,-0.067,nan,nan,0,0,0,0,nan,500,fresh
192255,0,0,0,0,0,0,7,0,0,4,19,1,7,0,nan,nan,nan,nan,1.167,nan,nan,1,1,1,1.167,nan,nan,nan,nan,nan,-0.067,nan,nan,0,0,0,-0.067,nan,500,fresh
193324,0,0,0,0,0,0,7,0,0,4,19,1,7,0,nan,nan,nan,nan,1.167,nan,nan,1,1,1,1.167,nan,nan,nan,nan,nan,-0.067,nan,nan,0,0,0,-0.067,nan,500,fresh
194394,0,0,0,0,0,0,7,0,0,4,19,1,7,0,nan,nan,nan,nan,1.167,nan,nan,1,1,1,1.167,nan,nan,nan,nan,nan,-0.067,nan,nan,0,0,0,-0.067,nan,500,fresh
195464,0,0,0,0,0,0,7,0,0,4,19,1,7,0,nan,nan,nan,nan,1.167,nan,nan,1,1,1,1.167,nan,nan,nan,nan,nan,-0.067,nan,nan,0,0,0,-0.067,nan,500,fresh
196534,0,0,0,0,0,0,7,0,0,4,19,1,7,0,nan,nan,nan,nan,1.167,nan,nan,1,1,1,1.167,nan,nan,nan,nan,nan,-0.067,nan,nan,0,0,0,-0.067,nan,500,fresh
197604,0,0,0,0,0,0,7,0,0,4,19,1,7,0,nan,nan,nan,nan,1.167,nan,nan,1,1,1,1.167,nan,nan,nan,nan,nan,-0.067,nan,nan,0,0,0,-0.067,nan,500,fresh
198673,0,0,0,0,0,0,7,0,0,4,19,1,7,0,nan,nan,nan,nan,1.167,nan,nan,1,1,1,1.167,nan,nan,nan,nan,nan,-0.067,nan,nan,0,0,0,-0.067,nan,500,fresh
199741,0,0,0,0,0,0,6,0,0,4,19,1,7,0,nan,nan,nan,nan,1,nan,nan,1,1,1,1.167,nan,nan,nan,nan,nan,0,nan,nan,0,0,0,-0.067,nan,500,fresh
200810,0,0,0,0,0,0,7,0,0,4,19,1,7,0,nan,nan,nan,nan,1.167,nan,nan,1,1,1,1.167,nan,nan,nan,nan,nan,-0.067,nan,nan,0,0,0,-0.067,nan,500,fresh
201880,0,0,0,0,0,0,7,0,0,4,19,1,7,0,nan,nan,nan,nan,1.167,nan,nan,1,1,1,1.167,nan,nan,nan,nan,nan,-0.067,nan,nan,0,0,0,-0.067,nan,500,fresh
202950,0,0,0,0,0,0,7,0,0,4,19,1,7,0,nan,nan,nan,nan,1.167,nan,nan,1,1,1,1.167,nan,nan,nan,nan,nan,-0.067,nan,nan,0,0,0,-0.067,nan,500,fresh
204019,0,0,0,0,0,0,7,0,0,4,19,1,7,0,nan,nan,nan,nan,1.167,nan,nan,1,1,1,1.167,nan,nan,nan,nan,nan,-0.067,nan,nan,0,0,0,-0.067,nan,500,fresh
205089,0,0,0,0,0,0,7,0,0,4,19,1,6,0,nan,nan,nan,nan,1.167,nan,nan,1,1,1,1,nan,nan,nan,nan,nan,-0.067,nan,nan,0,0,0,0,nan,500,fresh
206159,0,0,0,0,0,0,7,0,0,4,19,1,7,0,nan,nan,nan,nan,1.167,nan,nan,1,1,1,1.167,nan,nan,nan,nan,nan,-0.067,nan,nan,0,0,0,-0.067,nan,500,fresh
207228,0,0,0,0,0,0,7,0,0,4,19,1,7,0,nan,nan,nan,nan,1.167,nan,nan,1,1,1,1.167,nan,nan,nan,nan,nan,-0.067,nan,nan,0,0,0,-0.067,nan,500,fresh
208298,0,0,0,0,0,0,7,0,0,4,19,1,6,0,nan,nan,nan,nan,1.167,nan,nan,1,1,1,1,nan,nan,nan,nan,nan,-0.067,nan,nan,0,0,0,0,nan,500,fresh
209368,0,0,0,0,0,0,7,0,0,4,19,1,7,0,nan,nan,nan,nan,1.167,nan,nan,1,1,1,1.167,nan,nan,nan,nan,nan,-0.067,nan,nan,0,0,0,-0.067,nan,500,fresh
210437,0,0,0,0,0,0,7,0,0,4,19,1,7,0,nan,nan,nan,nan,1.167,nan,nan,1,1,1,1.167,nan,nan,nan,nan,nan,-0.067,nan,nan,0,0,0,-0.067,nan,500,fresh
211507,0,0,0,0,0,0,6,0,0,4,19,1,7,0,nan,nan,nan,nan,1,nan,nan,1,1,1,1.167,nan,nan,nan,nan,nan,0,nan,nan,0,0,0,-0.067,nan,500,fresh
212576,0,0,0,0,0,0,6,0,0,4,19,1,7,0,nan,nan,nan,nan,1,nan,nan,1,1,1,1.167,nan,nan,nan,nan,nan,0,nan,nan,0,0,0,-0.067,nan,500,fresh
213644,0,0,0,0,0,0,7,0,0,4,19,1,6,0,nan,nan,nan,nan,1.167,nan,nan,1,1,1,1,nan,nan,nan,nan,nan,-0.067,nan,nan,0,0,0,0,nan,500,fresh
214713,0,0,0,0,0,0,7,0,0,4,19,1,7,0,nan,nan,nan,nan,1.167,nan,nan,1,1,1,1.167,nan,nan,nan,nan,nan,-0.067,nan,nan,0,0,0,-0.067,nan,500,fresh
215783,0,0,0,0,0,0,7,0,0,4,19,1,7,0,nan,nan,nan,nan,1.167,nan,nan,1,1,1,1.167,nan,nan,nan,nan,nan,-0.067,nan,nan,0,0,0,-0.067,nan,500,fresh
216853,0,0,0,0,0,0,7,0,0,4,19,1,7,0,nan,nan,nan,nan,1.167,nan,nan,1,1,1,1.167,nan,nan,nan,nan,nan,-0.067,nan,nan,0,0,0,-0.067,nan,500,fresh
217921,0,0,0,0,0,0,7,0,0,4,19,1,6,0,nan,nan,nan,nan,1.167,nan,nan,1,1,1,1,nan,nan,nan,nan,nan,-0.067,nan,nan,0,0,0,0,nan,500,fresh
218990,0,0,0,0,0,0,7,0,0,4,19,1,7,0,nan,nan,nan,nan,1.167,nan,nan,1,1,1,1.167,nan,nan,nan,nan,nan,-0.067,nan,nan,0,0,0,-0.067,nan,500,fresh
220060,0,0,0,0,0,0,6,0,0,4,19,1,7,0,nan,nan,nan,nan,1,nan,nan,1,1,1,1.167,nan,nan,nan,nan,nan,0,nan,nan,0,0,0,-0.067,nan,500,fresh
221130,0,0,0,0,0,0,7,0,0,4,19,1,7,0,nan,nan,nan,nan,1.167,nan,nan,1,1,1,1.167,nan,nan,nan,nan,nan,-0.067,nan,nan,0,0,0,-0.067,nan,500,fresh
222198,0,0,0,0,0,0,7,0,0,4,19,1,7,0,nan,nan,nan,nan,1.167,nan,nan,1,1,1,1.167,nan,nan,nan,nan,nan,-0.067,nan,nan,0,0,0,-0.067,nan,500,fresh
223267,0,0,0,0,0,0,7,0,0,4,19,1,7,0,nan,nan,nan,nan,1.167,nan,nan,1,1,1,1.167,nan,nan,nan,nan,nan,-0.067,nan,nan,0,0,0,-0.067,nan,500,fresh
224337,0,0,0,0,0,0,6,0,0,4,19,1,7,0,nan,nan,nan,nan,1,nan,nan,1,1,1,1.167,nan,nan,nan,nan,nan,0,nan,nan,0,0,0,-0.067,nan,500,fresh
225406,0,0,0,0,0,0,6,0,0,4,19,1,7,0,nan,nan,nan,nan,1,nan,nan,1,1,1,1.167,nan,nan,nan,nan,nan,0,nan,nan,0,0,0,-0.067,nan,500,fresh
226475,0,0,0,0,0,0,7,0,0,4,19,1,7,0,nan,nan,nan,nan,1.167,nan,nan,1,1,1,1.167,nan,nan,nan,nan,nan,-0.067,nan,nan,0,0,0,-0.067,nan,500,fresh
227544,0,0,0,0,0,0,6,0,0,4,19,1,7,0,nan,nan,nan,nan,1,nan,nan,1,1,1,1.167,nan,nan,nan,nan,nan,0,nan,nan,0,0,0,-0.067,nan,500,fresh
228614,0,0,0,0,0,0,7,0,0,4,19,1,7,0,nan,nan,nan,nan,1.167,nan,nan,1,1,1,1.167,nan,nan,nan,nan,nan,-0.067,nan,nan,0,0,0,-0.067,nan,500,fresh
229683,0,0,0,0,0,0,7,0,0,3,19,1,7,0,nan,nan,nan,nan,1.167,nan,nan,0.75,1,1,1.167,nan,nan,nan,nan,nan,-0.067,nan,nan,0.125,0,0,-0.067,nan,500,fresh
230752,0,0,0,0,0,0,6,0,0,4,19,1,6,0,nan,nan,nan,nan,1,nan,nan,1,1,1,1,nan,nan,nan,nan,nan,0,nan,nan,0,0,0,0,nan,500,fresh
231822,0,0,0,0,0,0,7,0,0,4,19,1,7,0,nan,nan,nan,nan,1.167,nan,nan,1,1,1,1.167,nan,nan,nan,nan,nan,-0.067,nan,nan,0,0,0,-0.067,nan,500,fresh
232892,0,0,0,0,0,0,7,0,0,4,19,1,7,0,nan,nan,nan,nan,1.167,nan,nan,1,1,1,1.167,nan,nan,nan,nan,nan,-0.067,nan,nan,0,0,0,-0.067,nan,500,fresh
233962,0,0,0,0,0,0,6,0,0,4,19,1,7,0,nan,nan,nan,nan,1,nan,nan,1,1,1,1.167,nan,nan,nan,nan,nan,0,nan,nan,0,0,0,-0.067,nan,500,fresh
235031,0,0,0,0,0,0,6,0,0,4,19,1,7,0,nan,nan,nan,nan,1,nan,nan,1,1,1,1.167,nan,nan,nan,nan,nan,0,nan,nan,0,0,0,-0.067,nan,500,fresh
236100,0,0,0,0,0,0,7,0,0,4,19,1,6,0,nan,nan,nan,nan,1.167,nan,nan,1,1,1,1,nan,nan,nan,nan,nan,-0.067,nan,nan,0,0,0,0,nan,500,fresh
237170,0,0,0,0,0,0,7,0,0,4,19,1,7,0,nan,nan,nan,nan,1.167,nan,nan,1,1,1,1.167,nan,nan,nan,nan,nan,-0.067,nan,nan,0,0,0,-0.067,nan,500,fresh
238240,0,0,0,0,0,0,7,0,0,4,19,1,7,0,nan,nan,nan,nan,1.167,nan,nan,1,1,1,1.167,nan,nan,nan,nan,nan,-0.067,nan,nan,0,0,0,-0.067,nan,500,fresh
239309,0,0,0,0,0,0,7,0,0,4,19,1,6,0,nan,nan,nan,nan,1.167,nan,nan,1,1,1,1,nan,nan,nan,nan,nan,-0.067,nan,nan,0,0,0,0,nan,500,fresh
240379,0,0,0,0,0,0,7,0,0,4,19,1,7,0,nan,nan,nan,nan,1.167,nan,nan,1,1,1,1.167,nan,nan,nan,nan,nan,-0.067,nan,nan,0,0,0,-0.067,nan,500,fresh
241449,0,0,0,0,0,0,7,0,0,4,19,1,6,0,nan,nan,nan,nan,1.167,nan,nan,1,1,1,1,nan,nan,nan,nan,nan,-0.067,nan,nan,0,0,0,0,nan,500,fresh
242519,0,0,0,0,0,0,7,0,0,4,19,1,7,0,nan,nan,nan,nan,1.167,nan,nan,1,1,1,1.167,nan,nan,nan,nan,nan,-0.067,nan,nan,0,0,0,-0.067,nan,500,fresh
243588,0,0,0,0,0,0,7,0,0,4,19,1,6,0,nan,nan,nan,nan,1.167,nan,nan,1,1,1,1,nan,nan,nan,nan,nan,-0.067,nan,nan,0,0,0,0,nan,500,fresh
244657,0,0,0,0,0,0,7,0,0,4,19,1,7,0,nan,nan,nan,nan,1.167,nan,nan,1,1,1,1.167,nan,nan,nan,nan,nan,-0.067,nan,nan,0,0,0,-0.067,nan,500,fresh
245727,0,0,0,0,0,0,7,0,0,4,19,1,7,0,nan,nan,nan,nan,1.167,nan,nan,1,1,1,1.167,nan,nan,nan,nan,nan,-0.067,nan,nan,0,0,0,-0.067,nan,500,fresh
246795,0,0,0,0,0,0,7,0,0,4,19,1,7,0,nan,nan,nan,nan,1.167,nan,nan,1,1,1,1.167,nan,nan,nan,nan,nan,-0.067,nan,nan,0,0,0,-0.067,nan,500,fresh
247864,0,0,0,0,0,0,7,0,0,4,19,1,7,0,nan,nan,nan,nan,1.167,nan,nan,1,1,1,1.167,nan,nan,nan,nan,nan,-0.067,nan,nan,0,0,0,-0.067,nan,500,fresh
248934,0,0,0,0,0,0,7,0,0,4,19,1,7,0,nan,nan,nan,nan,1.167,nan,nan,1,1,1,1.167,nan,nan,nan,nan,nan,-0.067,nan,nan,0,0,0,-0.067,nan,500,fresh
250004,0,0,0,0,0,0,6,0,0,4,19,1,7,0,nan,nan,nan,nan,1,nan,nan,1,1,1,1.167,nan,nan,nan,nan,nan,0,nan,nan,0,0,0,-0.067,nan,500,fresh
251073,0,0,0,0,0,0,7,0,0,4,19,1,7,0,nan,nan,nan,nan,1.167,nan,nan,1,1,1,1.167,nan,nan,nan,nan,nan,-0.067,nan,nan,0,0,0,-0.067,nan,500,fresh
252142,0,0,0,0,0,0,7,0,0,4,19,1,7,0,nan,nan,nan,nan,1.167,nan,nan,1,1,1,1.167,nan,nan,nan,nan,nan,-0.067,nan,nan,0,0,0,-0.067,nan,500,fresh
253212,0,0,0,0,0,0,7,0,0,4,19,1,7,0,nan,nan,nan,nan,1.167,nan,nan,1,1,1,1.167,nan,nan,nan,nan,nan,-0.067,nan,nan,0,0,0,-0.067,nan,500,fresh
254280,0,0,0,0,0,0,7,0,0,4,19,1,6,0,nan,nan,nan,nan,1.167,nan,nan,1,1,1,1,nan,nan,nan,nan,nan,-0.067,nan,nan,0,0,0,0,nan,500,fresh
255350,0,0,0,0,0,0,7,0,0,4,19,1,7,0,nan,nan,nan,nan,1.167,nan,nan,1,1,1,1.167,nan,nan,nan,nan,nan,-0.067,nan,nan,0,0,0,-0.067,nan,500,fresh
256419,0,0,0,0,0,0,7,0,0,4,19,1,7,0,nan,nan,nan,nan,1.167,nan,nan,1,1,1,1.167,nan,nan,nan,nan,nan,-0.067,nan,nan,0,0,0,-0.067,nan,500,fresh
257489,0,0,0,0,0,0,7,0,0,4,19,1,7,0,nan,nan,nan,nan,1.167,nan,nan,1,1,1,1.167,nan,nan,nan,nan,nan,-0.067,nan,nan,0,0,0,-0.067,nan,500,fresh
258559,0,0,0,0,0,0,7,0,0,4,19,1,7,0,nan,nan,nan,nan,1.167,nan,nan,1,1,1,1.167,nan,nan,nan,nan,nan,-0.067,nan,nan,0,0,0,-0.067,nan,500,fresh
259627,0,0,0,0,0,0,7,0,0,4,19,1,7,0,nan,nan,nan,nan,1.167,nan,nan,1,1,1,1.167,nan,nan,nan,nan,nan,-0.067,nan,nan,0,0,0,-0.067,nan,500,fresh
260695,0,0,0,0,0,0,7,0,0,4,19,1,7,0,nan,nan,nan,nan,1.167,nan,nan,1,1,1,1.167,nan,nan,nan,nan,nan,-0.067,nan,nan,0,0,0,-0.067,nan,500,fresh
261765,0,0,0,0,0,0,7,0,0,4,19,1,7,0,nan,nan,nan,nan,1.167,nan,nan,1,1,1,1.167,nan,nan,nan,nan,nan,-0.067,nan,nan,0,0,0,-0.067,nan,500,fresh
262834,0,0,0,0,0,0,7,0,0,4,19,1,7,0,nan,nan,nan,nan,1.167,nan,nan,1,1,1,1.167,nan,nan,nan,nan,nan,-0.067,nan,nan,0,0,0,-0.067,nan,500,fresh
263904,0,0,0,0,0,0,7,0,0,4,19,1,7,0,nan,nan,nan,nan,1.167,nan,nan,1,1,1,1.167,nan,nan,nan,nan,nan,-0.067,nan,nan,0,0,0,-0.067,nan,500,fresh
264974,0,0,0,0,0,0,6,0,0,4,19,1,6,0,nan,nan,nan,nan,1,nan,nan,1,1,1,1,nan,nan,nan,nan,nan,0,nan,nan,0,0,0,0,nan,500,fresh
266042,0,0,0,0,0,0,7,0,0,4,19,1,7,0,nan,nan,nan,nan,1.167,nan,nan,1,1,1,1.167,nan,nan,nan,nan,nan,-0.067,nan,nan,0,0,0,-0.067,nan,500,fresh
267111,0,0,0,0,0,0,7,0,0,4,19,1,7,0,nan,nan,nan,nan,1.167,nan,nan,1,1,1,1.167,nan,nan,nan,nan,nan,-0.067,nan,nan,0,0,0,-0.067,nan,500,fresh
268181,0,0,0,0,0,0,7,0,0,4,19,1,7,0,nan,nan,nan,nan,1.167,nan,nan,1,1,1,1.167,nan,nan,nan,nan,nan,-0.067,nan,nan,0,0,0,-0.067,nan,500,fresh
269251,0,0,0,0,0,0,7,0,0,4,19,1,7,0,nan,nan,nan,nan,1.167,nan,nan,1,1,1,1.167,nan,nan,nan,nan,nan,-0.067,nan,nan,0,0,0,-0.067,nan,500,fresh
270321,0,0,0,0,0,0,6,0,0,4,19,1,7,0,nan,nan,nan,nan,1,nan,nan,1,1,1,1.167,nan,nan,nan,nan,nan,0,nan,nan,0,0,0,-0.067,nan,500,fresh
271390,0,0,0,0,0,0,7,0,0,4,19,1,7,0,nan,nan,nan,nan,1.167,nan,nan,1,1,1,1.167,nan,nan,nan,nan,nan,-0.067,nan,nan,0,0,0,-0.067,nan,500,fresh
272459,0,0,0,0,0,0,7,0,0,4,19,1,6,0,nan,nan,nan,nan,1.167,nan,nan,1,1,1,1,nan,nan,nan,nan,nan,-0.067,nan,nan,0,0,0,0,nan,500,fresh
273528,0,0,0,0,0,0,7,0,0,4,19,1,6,0,nan,nan,nan,nan,1.167,nan,nan,1,1,1,1,nan,nan,nan,nan,nan,-0.067,nan,nan,0,0,0,0,nan,500,fresh
274597,0,0,0,0,0,0,7,0,0,4,19,1,7,0,nan,nan,nan,nan,1.167,nan,nan,1,1,1,1.167,nan,nan,nan,nan,nan,-0.067,nan,nan,0,0,0,-0.067,nan,500,fresh
275667,0,0,0,0,0,0,7,0,0,4,19,1,7,0,nan,nan,nan,nan,1.167,nan,nan,1,1,1,1.167,nan,nan,nan,nan,nan,-0.067,nan,nan,0,0,0,-0.067,nan,500,fresh
276737,0,0,0,0,0,0,6,0,0,4,19,1,7,0,nan,nan,nan,nan,1,nan,nan,1,1,1,1.167,nan,nan,nan,nan,nan,0,nan,nan,0,0,0,-0.067,nan,500,fresh
277806,0,0,0,0,0,0,7,0,0,4,19,1,7,0,nan,nan,nan,nan,1.167,nan,nan,1,1,1,1.167,nan,nan,nan,nan,nan,-0.067,nan,nan,0,0,0,-0.067,nan,500,fresh
278875,0,0,0,0,0,0,6,0,0,4,19,1,6,0,nan,nan,nan,nan,1,nan,nan,1,1,1,1,nan,nan,nan,nan,nan,0,nan,nan,0,0,0,0,nan,500,fresh
279945,0,0,0,0,0,0,7,0,0,4,19,1,7,0,nan,nan,nan,nan,1.167,nan,nan,1,1,1,1.167,nan,nan,nan,nan,nan,-0.067,nan,nan,0,0,0,-0.067,nan,500,fresh
281015,0,0,0,0,0,0,6,0,0,4,19,1,7,0,nan,nan,nan,nan,1,nan,nan,1,1,1,1.167,nan,nan,nan,nan,nan,0,nan,nan,0,0,0,-0.067,nan,500,fresh
282084,0,0,0,0,0,0,7,0,0,4,19,1,7,0,nan,nan,nan,nan,1.167,nan,nan,1,1,1,1.167,nan,nan,nan,nan,nan,-0.067,nan,nan,0,0,0,-0.067,nan,500,fresh
283153,0,0,0,0,0,0,7,0,0,4,19,1,7,0,nan,nan,nan,nan,1.167,nan,nan,1,1,1,1.167,nan,nan,nan,nan,nan,-0.067,nan,nan,0,0,0,-0.067,nan,500,fresh
284222,0,0,0,0,0,0,6,0,0,4,19,1,7,0,nan,nan,nan,nan,1,nan,nan,1,1,1,1.167,nan,nan,nan,nan,nan,0,nan,nan,0,0,0,-0.067,nan,500,fresh
285292,0,0,0,0,0,0,7,0,0,4,19,1,7,0,nan,nan,nan,nan,1.167,nan,nan,1,1,1,1.167,nan,nan,nan,nan,nan,-0.067,nan,nan,0,0,0,-0.067,nan,500,fresh
286361,0,0,0,0,0,0,7,0,0,4,19,1,7,0,nan,nan,nan,nan,1.167,nan,nan,1,1,1,1.167,nan,nan,nan,nan,nan,-0.067,nan,nan,0,0,0,-0.067,nan,500,fresh
287430,0,0,0,0,0,0,7,0,0,4,19,1,7,0,nan,nan,nan,nan,1.167,nan,nan,1,1,1,1.167,nan,nan,nan,nan,nan,-0.067,nan,nan,0,0,0,-0.067,nan,500,fresh
288499,0,0,0,0,0,0,6,0,0,4,19,1,7,0,nan,nan,nan,nan,1,nan,nan,1,1,1,1.167,nan,nan,nan,nan,nan,0,nan,nan,0,0,0,-0.067,nan,500,fresh
289569,0,0,0,0,0,0,7,0,0,4,19,1,7,0,nan,nan,nan,nan,1.167,nan,nan,1,1,1,1.167,nan,nan,nan,nan,nan,-0.067,nan,nan,0,0,0,-0.067,nan,500,fresh
290639,0,0,0,0,0,0,7,0,0,4,19,1,7,0,nan,nan,nan,nan,1.167,nan,nan,1,1,1,1.167,nan,nan,nan,nan,nan,-0.067,nan,nan,0,0,0,-0.067,nan,500,fresh
291709,0,0,0,0,0,0,6,0,0,4,19,1,7,0,nan,nan,nan,nan,1,nan,nan,1,1,1,1.167,nan,nan,nan,nan,nan,0,nan,nan,0,0,0,-0.067,nan,500,fresh
292779,0,0,0,0,0,0,7,0,0,4,19,1,7,0,nan,nan,nan,nan,1.167,nan,nan,1,1,1,1.167,nan,nan,nan,nan,nan,-0.067,nan,nan,0,0,0,-0.067,nan,500,fresh
293848,0,0,0,0,0,0,7,0,0,4,19,1,7,0,nan,nan,nan,nan,1.167,nan,nan,1,1,1,1.167,nan,nan,nan,nan,nan,-0.067,nan,nan,0,0,0,-0.067,nan,500,fresh
294918,0,0,0,0,0,0,7,0,0,4,19,1,7,0,nan,nan,nan,nan,1.167,nan,nan,1,1,1,1.167,nan,nan,nan,nan,nan,-0.067,nan,nan,0,0,0,-0.067,nan,500,fresh
295987,0,0,0,0,0,0,6,0,0,4,19,1,7,0,nan,nan,nan,nan,1,nan,nan,1,1,1,1.167,nan,nan,nan,nan,nan,0,nan,nan,0,0,0,-0.067,nan,500,fresh
297057,0,0,0,0,0,0,7,0,0,4,19,1,6,0,nan,nan,nan,nan,1.167,nan,nan,1,1,1,1,nan,nan,nan,nan,nan,-0.067,nan,nan,0,0,0,0,nan,500,fresh
298126,0,0,0,0,0,0,7,0,0,4,19,1,6,0,nan,nan,nan,nan,1.167,nan,nan,1,1,1,1,nan,nan,nan,nan,nan,-0.067,nan,nan,0,0,0,0,nan,500,fresh
299195,0,0,0,0,0,0,7,0,0,4,19,1,7,0,nan,nan,nan,nan,1.167,nan,nan,1,1,1,1.167,nan,nan,nan,nan,nan,-0.067,nan,nan,0,0,0,-0.067,nan,500,fresh
300265,0,0,0,0,0,0,7,0,0,4,19,1,6,0,nan,nan,nan,nan,1.167,nan,nan,1,1,1,1,nan,nan,nan,nan,nan,-0.067,nan,nan,0,0,0,0,nan,500,fresh
301335,0,0,0,0,0,0,7,0,0,4,19,1,7,0,nan,nan,nan,nan,1.167,nan,nan,1,1,1,1.167,nan,nan,nan,nan,nan,-0.067,nan,nan,0,0,0,-0.067,nan,500,fresh
302405,0,0,0,0,0,0,7,0,0,4,19,1,7,0,nan,nan,nan,nan,1.167,nan,nan,1,1,1,1.167,nan,nan,nan,nan,nan,-0.067,nan,nan,0,0,0,-0.067,nan,500,fresh
303475,0,0,0,0,0,0,7,0,0,4,19,1,7,0,nan,nan,nan,nan,1.167,nan,nan,1,1,1,1.167,nan,nan,nan,nan,nan,-0.067,nan,nan,0,0,0,-0.067,nan,500,fresh
304544,0,0,0,0,0,0,6,0,0,4,19,1,7,0,nan,nan,nan,nan,1,nan,nan,1,1,1,1.167,nan,nan,nan,nan,nan,0,nan,nan,0,0,0,-0.067,nan,500,fresh
305613,0,0,0,0,0,0,6,0,0,4,19,1,7,0,nan,nan,nan,nan,1,nan,nan,1,1,1,1.167,nan,nan,nan,nan,nan,0,nan,nan,0,0,0,-0.067,nan,500,fresh
306683,0,0,0,0,0,0,7,0,0,4,19,1,7,0,nan,nan,nan,nan,1.167,nan,nan,1,1,1,1.167,nan,nan,nan,nan,nan,-0.067,nan,nan,0,0,0,-0.067,nan,500,fresh
307752,0,0,0,0,0,0,7,0,0,3,19,1,7,0,nan,nan,nan,nan,1.167,nan,nan,0.75,1,1,1.167,nan,nan,nan,nan,nan,-0.067,nan,nan,0.125,0,0,-0.067,nan,500,fresh
308821,0,0,0,0,0,0,7,0,0,4,19,1,7,0,nan,nan,nan,nan,1.167,nan,nan,1,1,1,1.167,nan,nan,nan,nan,nan,-0.067,nan,nan,0,0,0,-0.067,nan,500,fresh
309891,0,0,0,0,0,0,7,0,0,4,19,1,6,0,nan,nan,nan,nan,1.167,nan,nan,1,1,1,1,nan,nan,nan,nan,nan,-0.067,nan,nan,0,0,0,0,nan,500,fresh
310960,0,0,0,0,0,0,7,0,0,4,19,1,7,0,nan,nan,nan,nan,1.167,nan,nan,1,1,1,1.167,nan,nan,nan,nan,nan,-0.067,nan,nan,0,0,0,-0.067,nan,500,fresh
312029,0,0,0,0,0,0,7,0,0,4,19,1,6,0,nan,nan,nan,nan,1.167,nan,nan,1,1,1,1,nan,nan,nan,nan,nan,-0.067,nan,nan,0,0,0,0,nan,500,fresh
313098,0,0,0,0,0,0,7,0,0,4,19,1,7,0,nan,nan,nan,nan,1.167,nan,nan,1,1,1,1.167,nan,nan,nan,nan,nan,-0.067,nan,nan,0,0,0,-0.067,nan,500,fresh
323795,0,0,0,0,0,0,7,0,0,4,19,1,7,0,nan,nan,nan,nan,1.167,nan,nan,1,1,1,1.167,nan,nan,nan,nan,nan,-0.067,nan,nan,0,0,0,-0.067,nan,500,fresh
324865,0,0,0,0,0,0,7,0,0,4,19,1,7,0,nan,nan,nan,nan,1.167,nan,nan,1,1,1,1.167,nan,nan,nan,nan,nan,-0.067,nan,nan,0,0,0,-0.067,nan,500,fresh
325934,0,0,0,0,0,0,7,0,0,4,19,1,7,0,nan,nan,nan,nan,1.167,nan,nan,1,1,1,1.167,nan,nan,nan,nan,nan,-0.067,nan,nan,0,0,0,-0.067,nan,500,fresh
327004,0,0,0,0,0,0,7,0,0,4,19,1,7,0,nan,nan,nan,nan,1.167,nan,nan,1,1,1,1.167,nan,nan,nan,nan,nan,-0.067,nan,nan,0,0,0,-0.067,nan,500,fresh
347322,0,0,0,0,0,0,7,0,0,4,20,1,7,0,nan,nan,nan,nan,1.167,nan,nan,1,1.053,1,1.167,nan,nan,nan,nan,nan,-0.067,nan,nan,0,-0.022,0,-0.067,nan,500,fresh
348392,0,0,0,0,0,0,7,0,0,4,20,1,7,0,nan,nan,nan,nan,1.167,nan,nan,1,1.053,1,1.167,nan,nan,nan,nan,nan,-0.067,nan,nan,0,-0.022,0,-0.067,nan,500,fresh
349461,0,0,0,0,0,0,7,0,0,4,19,1,7,0,nan,nan,nan,nan,1.167,nan,nan,1,1,1,1.167,nan,nan,nan,nan,nan,-0.067,nan,nan,0,0,0,-0.067,nan,500,fresh
350530,0,0,0,0,0,0,7,0,0,4,20,1,7,0,nan,nan,nan,nan,1.167,nan,nan,1,1.053,1,1.167,nan,nan,nan,nan,nan,-0.067,nan,nan,0,-0.022,0,-0.067,nan,500,fresh
351600,0,0,0,0,0,0,7,0,0,4,20,1,7,0,nan,nan,nan,nan,1.167,nan,nan,1,1.053,1,1.167,nan,nan,nan,nan,nan,-0.067,nan,nan,0,-0.022,0,-0.067,nan,500,fresh
352669,0,0,0,0,0,0,7,0,0,4,20,1,7,0,nan,nan,nan,nan,1.167,nan,nan,1,1.053,1,1.167,nan,nan,nan,nan,nan,-0.067,nan,nan,0,-0.022,0,-0.067,nan,500,fresh
353738,0,0,0,0,0,0,7,0,0,4,20,1,7,0,nan,nan,nan,nan,1.167,nan,nan,1,1.053,1,1.167,nan,nan,nan,nan,nan,-0.067,nan,nan,0,-0.022,0,-0.067,nan,500,fresh
354807,0,0,0,0,0,0,7,0,0,4,20,1,7,0,nan,nan,nan,nan,1.167,nan,nan,1,1.053,1,1.167,nan,nan,nan,nan,nan,-0.067,nan,nan,0,-0.022,0,-0.067,nan,500,fresh
355876,0,0,0,0,0,0,7,0,0,4,20,1,7,0,nan,nan,nan,nan,1.167,nan,nan,1,1.053,1,1.167,nan,nan,nan,nan,nan,-0.067,nan,nan,0,-0.022,0,-0.067,nan,500,fresh
356945,0,0,0,0,0,0,7,0,0,4,20,1,7,0,nan,nan,nan,nan,1.167,nan,nan,1,1.053,1,1.167,nan,nan,nan,nan,nan,-0.067,nan,nan,0,-0.022,0,-0.067,nan,500,fresh
358014,0,0,0,0,0,0,7,0,0,4,20,1,7,0,nan,nan,nan,nan,1.167,nan,nan,1,1.053,1,1.167,nan,nan,nan,nan,nan,-0.067,nan,nan,0,-0.022,0,-0.067,nan,500,fresh
359084,0,0,0,0,0,0,7,0,0,4,20,1,7,0,nan,nan,nan,nan,1.167,nan,nan,1,1.053,1,1.167,nan,nan,nan,nan,nan,-0.067,nan,nan,0,-0.022,0,-0.067,nan,500,fresh
360154,0,0,0,0,0,0,7,0,0,4,20,1,7,0,nan,nan,nan,nan,1.167,nan,nan,1,1.053,1,1.167,nan,nan,nan,nan,nan,-0.067,nan,nan,0,-0.022,0,-0.067,nan,500,fresh
361224,0,0,0,0,0,0,7,0,0,4,20,1,7,0,nan,nan,nan,nan,1.167,nan,nan,1,1.053,1,1.167,nan,nan,nan,nan,nan,-0.067,nan,nan,0,-0.022,0,-0.067,nan,500,fresh
362294,0,0,0,0,0,0,7,0,0,4,19,1,7,0,nan,nan,nan,nan,1.167,nan,nan,1,1,1,1.167,nan,nan,nan,nan,nan,-0.067,nan,nan,0,0,0,-0.067,nan,500,fresh
363364,0,0,0,0,0,0,7,0,0,4,20,1,7,0,nan,nan,nan,nan,1.167,nan,nan,1,1.053,1,1.167,nan,nan,nan,nan,nan,-0.067,nan,nan,0,-0.022,0,-0.067,nan,500,fresh
364434,0,0,0,0,0,0,7,0,0,4,20,1,7,0,nan,nan,nan,nan,1.167,nan,nan,1,1.053,1,1.167,nan,nan,nan,nan,nan,-0.067,nan,nan,0,-0.022,0,-0.067,nan,500,fresh
365504,0,0,0,0,0,0,7,0,0,4,20,1,7,0,nan,nan,nan,nan,1.167,nan,nan,1,1.053,1,1.167,nan,nan,nan,nan,nan,-0.067,nan,nan,0,-0.022,0,-0.067,nan,500,fresh
366574,0,0,0,0,0,0,7,0,0,4,20,1,7,0,nan,nan,nan,nan,1.167,nan,nan,1,1.053,1,1.167,nan,nan,nan,nan,nan,-0.067,nan,nan,0,-0.022,0,-0.067,nan,500,fresh
367643,0,0,0,0,0,0,7,0,0,4,20,1,7,0,nan,nan,nan,nan,1.167,nan,nan,1,1.053,1,1.167,nan,nan,nan,nan,nan,-0.067,nan,nan,0,-0.022,0,-0.067,nan,500,fresh
368713,0,0,0,0,0,0,7,0,0,4,20,1,7,0,nan,nan,nan,nan,1.167,nan,nan,1,1.053,1,1.167,nan,nan,nan,nan,nan,-0.067,nan,nan,0,-0.022,0,-0.067,nan,500,fresh
369783,0,0,0,0,0,0,7,0,0,4,20,1,7,0,nan,nan,nan,nan,1.167,nan,nan,1,1.053,1,1.167,nan,nan,nan,nan,nan,-0.067,nan,nan,0,-0.022,0,-0.067,nan,500,fresh
370852,0,0,0,0,0,0,7,0,0,4,20,1,7,0,nan,nan,nan,nan,1.167,nan,nan,1,1.053,1,1.167,nan,nan,nan,nan,nan,-0.067,nan,nan,0,-0.022,0,-0.067,nan,500,fresh
371922,0,0,0,0,0,0,7,0,0,4,20,1,7,0,nan,nan,nan,nan,1.167,nan,nan,1,1.053,1,1.167,nan,nan,nan,nan,nan,-0.067,nan,nan,0,-0.022,0,-0.067,nan,500,fresh
372991,0,0,0,0,0,0,7,0,0,4,20,1,7,0,nan,nan,nan,nan,1.167,nan,nan,1,1.053,1,1.167,nan,nan,nan,nan,nan,-0.067,nan,nan,0,-0.022,0,-0.067,nan,500,fresh
374059,0,0,0,0,0,0,7,0,0,4,19,1,7,0,nan,nan,nan,nan,1.167,nan,nan,1,1,1,1.167,nan,nan,nan,nan,nan,-0.067,nan,nan,0,0,0,-0.067,nan,500,fresh
375127,0,0,0,0,0,0,7,0,0,4,20,1,7,0,nan,nan,nan,nan,1.167,nan,nan,1,1.053,1,1.167,nan,nan,nan,nan,nan,-0.067,nan,nan,0,-0.022,0,-0.067,nan,500,fresh
376197,0,0,0,0,0,0,7,0,0,4,20,1,7,0,nan,nan,nan,nan,1.167,nan,nan,1,1.053,1,1.167,nan,nan,nan,nan,nan,-0.067,nan,nan,0,-0.022,0,-0.067,nan,500,fresh
377265,0,0,0,0,0,0,7,0,0,4,19,1,7,0,nan,nan,nan,nan,1.167,nan,nan,1,1,1,1.167,nan,nan,nan,nan,nan,-0.067,nan,nan,0,0,0,-0.067,nan,500,fresh
378333,0,0,0,0,0,0,7,0,0,4,20,1,7,0,nan,nan,nan,nan,1.167,nan,nan,1,1.053,1,1.167,nan,nan,nan,nan,nan,-0.067,nan,nan,0,-0.022,0,-0.067,nan,500,fresh
379403,0,0,0,0,0,0,7,0,0,4,20,1,7,0,nan,nan,nan,nan,1.167,nan,nan,1,1.053,1,1.167,nan,nan,nan,nan,nan,-0.067,nan,nan,0,-0.022,0,-0.067,nan,500,fresh
380473,0,0,0,0,0,0,7,0,0,4,20,1,7,0,nan,nan,nan,nan,1.167,nan,nan,1,1.053,1,1.167,nan,nan,nan,nan,nan,-0.067,nan,nan,0,-0.022,0,-0.067,nan,500,fresh
381542,0,0,0,0,0,0,7,0,0,4,20,1,7,0,nan,nan,nan,nan,1.167,nan,nan,1,1.053,1,1.167,nan,nan,nan,nan,nan,-0.067,nan,nan,0,-0.022,0,-0.067,nan,500,fresh
382612,0,0,0,0,0,0,7,0,0,4,20,1,7,0,nan,nan,nan,nan,1.167,nan,nan,1,1.053,1,1.167,nan,nan,nan,nan,nan,-0.067,nan,nan,0,-0.022,0,-0.067,nan,500,fresh
383681,0,0,0,0,0,0,7,0,0,4,19,1,7,0,nan,nan,nan,nan,1.167,nan,nan,1,1,1,1.167,nan,nan,nan,nan,nan,-0.067,nan,nan,0,0,0,-0.067,nan,500,fresh
384750,0,0,0,0,0,0,7,0,0,4,20,1,7,0,nan,nan,nan,nan,1.167,nan,nan,1,1.053,1,1.167,nan,nan,nan,nan,nan,-0.067,nan,nan,0,-0.022,0,-0.067,nan,500,fresh
385819,0,0,0,0,0,0,7,0,0,4,20,1,7,0,nan,nan,nan,nan,1.167,nan,nan,1,1.053,1,1.167,nan,nan,nan,nan,nan,-0.067,nan,nan,0,-0.022,0,-0.067,nan,500,fresh
386889,0,0,0,0,0,0,6,0,0,4,19,1,7,0,nan,nan,nan,nan,1,nan,nan,1,1,1,1.167,nan,nan,nan,nan,nan,0,nan,nan,0,0,0,-0.067,nan,500,fresh
387957,0,0,0,0,0,0,7,0,0,4,20,1,7,0,nan,nan,nan,nan,1.167,nan,nan,1,1.053,1,1.167,nan,nan,nan,nan,nan,-0.067,nan,nan,0,-0.022,0,-0.067,nan,500,fresh
389027,0,0,0,0,0,0,7,0,0,4,20,1,7,0,nan,nan,nan,nan,1.167,nan,nan,1,1.053,1,1.167,nan,nan,nan,nan,nan,-0.067,nan,nan,0,-0.022,0,-0.067,nan,500,fresh
390096,0,0,0,0,0,0,7,0,0,4,20,1,7,0,nan,nan,nan,nan,1.167,nan,nan,1,1.053,1,1.167,nan,nan,nan,nan,nan,-0.067,nan,nan,0,-0.022,0,-0.067,nan,500,fresh
391165,0,0,0,0,0,0,7,0,0,4,20,1,7,0,nan,nan,nan,nan,1.167,nan,nan,1,1.053,1,1.167,nan,nan,nan,nan,nan,-0.067,nan,nan,0,-0.022,0,-0.067,nan,500,fresh
392235,0,0,0,0,0,0,7,0,0,4,19,1,7,0,nan,nan,nan,nan,1.167,nan,nan,1,1,1,1.167,nan,nan,nan,nan,nan,-0.067,nan,nan,0,0,0,-0.067,nan,500,fresh
393304,0,0,0,0,0,0,7,0,0,4,19,1,7,0,nan,nan,nan,nan,1.167,nan,nan,1,1,1,1.167,nan,nan,nan,nan,nan,-0.067,nan,nan,0,0,0,-0.067,nan,500,fresh
394373,0,0,0,0,0,0,7,0,0,4,19,1,7,0,nan,nan,nan,nan,1.167,nan,nan,1,1,1,1.167,nan,nan,nan,nan,nan,-0.067,nan,nan,0,0,0,-0.067,nan,500,fresh
395443,0,0,0,0,0,0,7,0,0,4,19,1,7,0,nan,nan,nan,nan,1.167,nan,nan,1,1,1,1.167,nan,nan,nan,nan,nan,-0.067,nan,nan,0,0,0,-0.067,nan,500,fresh
396513,0,0,0,0,0,0,7,0,0,4,19,1,7,0,nan,nan,nan,nan,1.167,nan,nan,1,1,1,1.167,nan,nan,nan,nan,nan,-0.067,nan,nan,0,0,0,-0.067,nan,500,fresh
397582,0,0,0,0,0,0,7,0,0,4,20,1,7,0,nan,nan,nan,nan,1.167,nan,nan,1,1.053,1,1.167,nan,nan,nan,nan,nan,-0.067,nan,nan,0,-0.022,0,-0.067,nan,500,fresh
398651,0,0,0,0,0,0,7,0,0,4,19,1,7,0,nan,nan,nan,nan,1.167,nan,nan,1,1,1,1.167,nan,nan,nan,nan,nan,-0.067,nan,nan,0,0,0,-0.067,nan,500,fresh
399720,0,0,0,0,0,0,7,0,0,4,20,1,7,0,nan,nan,nan,nan,1.167,nan,nan,1,1.053,1,1.167,nan,nan,nan,nan,nan,-0.067,nan,nan,0,-0.022,0,-0.067,nan,500,fresh
400789,0,0,0,0,0,0,7,0,0,4,20,1,7,0,nan,nan,nan,nan,1.167,nan,nan,1,1.053,1,1.167,nan,nan,nan,nan,nan,-0.067,nan,nan,0,-0.022,0,-0.067,nan,500,fresh
401859,0,0,0,0,0,0,7,0,0,4,19,1,7,0,nan,nan,nan,nan,1.167,nan,nan,1,1,1,1.167,nan,nan,nan,nan,nan,-0.067,nan,nan,0,0,0,-0.067,nan,500,fresh
402928,0,0,0,0,0,0,7,0,0,4,20,1,7,0,nan,nan,nan,nan,1.167,nan,nan,1,1.053,1,1.167,nan,nan,nan,nan,nan,-0.067,nan,nan,0,-0.022,0,-0.067,nan,500,fresh
403997,0,0,0,0,0,0,7,0,0,4,19,1,7,0,nan,nan,nan,nan,1.167,nan,nan,1,1,1,1.167,nan,nan,nan,nan,nan,-0.067,nan,nan,0,0,0,-0.067,nan,500,fresh
405067,0,0,0,0,0,0,7,0,0,4,19,1,7,0,nan,nan,nan,nan,1.167,nan,nan,1,1,1,1.167,nan,nan,nan,nan,nan,-0.067,nan,nan,0,0,0,-0.067,nan,500,fresh
406136,0,0,0,0,0,0,6,0,0,4,19,1,7,0,nan,nan,nan,nan,1,nan,nan,1,1,1,1.167,nan,nan,nan,nan,nan,0,nan,nan,0,0,0,-0.067,nan,500,fresh
407206,0,0,0,0,0,0,7,0,0,4,19,1,7,0,nan,nan,nan,nan,1.167,nan,nan,1,1,1,1.167,nan,nan,nan,nan,nan,-0.067,nan,nan,0,0,0,-0.067,nan,500,fresh
408276,0,0,0,0,0,0,7,0,0,4,19,1,7,0,nan,nan,nan,nan,1.167,nan,nan,1,1,1,1.167,nan,nan,nan,nan,nan,-0.067,nan,nan,0,0,0,-0.067,nan,500,fresh
409345,0,0,0,0,0,0,7,0,0,4,19,1,7,0,nan,nan,nan,nan,1.167,nan,nan,1,1,1,1.167,nan,nan,nan,nan,nan,-0.067,nan,nan,0,0,0,-0.067,nan,500,fresh
410415,0,0,0,0,0,0,7,0,0,4,19,1,7,0,nan,nan,nan,nan,1.167,nan,nan,1,1,1,1.167,nan,nan,nan,nan,nan,-0.067,nan,nan,0,0,0,-0.067,nan,500,fresh
411485,0,0,0,0,0,0,7,0,0,4,19,1,7,0,nan,nan,nan,nan,1.167,nan,nan,1,1,1,1.167,nan,nan,nan,nan,nan,-0.067,nan,nan,0,0,0,-0.067,nan,500,fresh
412555,0,0,0,0,0,0,7,0,0,4,19,1,7,0,nan,nan,nan,nan,1.167,nan,nan,1,1,1,1.167,nan,nan,nan,nan,nan,-0.067,nan,nan,0,0,0,-0.067,nan,500,fresh
413625,0,0,0,0,0,0,7,0,0,4,19,1,7,0,nan,nan,nan,nan,1.167,nan,nan,1,1,1,1.167,nan,nan,nan,nan,nan,-0.067,nan,nan,0,0,0,-0.067,nan,500,fresh
414694,0,0,0,0,0,0,7,0,0,4,19,1,7,0,nan,nan,nan,nan,1.167,nan,nan,1,1,1,1.167,nan,nan,nan,nan,nan,-0.067,nan,nan,0,0,0,-0.067,nan,500,fresh
415763,0,0,0,0,0,0,7,0,0,4,19,1,7,0,nan,nan,nan,nan,1.167,nan,nan,1,1,1,1.167,nan,nan,nan,nan,nan,-0.067,nan,nan,0,0,0,-0.067,nan,500,fresh
416832,0,0,0,0,0,0,7,0,0,4,19,1,7,0,nan,nan,nan,nan,1.167,nan,nan,1,1,1,1.167,nan,nan,nan,nan,nan,-0.067,nan,nan,0,0,0,-0.067,nan,500,fresh
417901,0,0,0,0,0,0,7,0,0,4,19,1,7,0,nan,nan,nan,nan,1.167,nan,nan,1,1,1,1.167,nan,nan,nan,nan,nan,-0.067,nan,nan,0,0,0,-0.067,nan,500,fresh
418971,0,0,0,0,0,0,7,0,0,4,19,1,7,0,nan,nan,nan,nan,1.167,nan,nan,1,1,1,1.167,nan,nan,nan,nan,nan,-0.067,nan,nan,0,0,0,-0.067,nan,500,fresh
420041,0,0,0,0,0,0,7,0,0,4,19,1,7,0,nan,nan,nan,nan,1.167,nan,nan,1,1,1,1.167,nan,nan,nan,nan,nan,-0.067,nan,nan,0,0,0,-0.067,nan,500,fresh
421111,0,0,0,0,0,0,7,0,0,4,19,1,7,0,nan,nan,nan,nan,1.167,nan,nan,1,1,1,1.167,nan,nan,nan,nan,nan,-0.067,nan,nan,0,0,0,-0.067,nan,500,fresh
422181,0,0,0,0,0,0,7,0,0,4,20,1,7,0,nan,nan,nan,nan,1.167,nan,nan,1,1.053,1,1.167,nan,nan,nan,nan,nan,-0.067,nan,nan,0,-0.022,0,-0.067,nan,500,fresh
423250,0,0,0,0,0,0,7,0,0,4,19,1,7,0,nan,nan,nan,nan,1.167,nan,nan,1,1,1,1.167,nan,nan,nan,nan,nan,-0.067,nan,nan,0,0,0,-0.067,nan,500,fresh
424319,0,0,0,0,0,0,7,0,0,4,19,1,7,0,nan,nan,nan,nan,1.167,nan,nan,1,1,1,1.167,nan,nan,nan,nan,nan,-0.067,nan,nan,0,0,0,-0.067,nan,500,fresh
425389,0,0,0,0,0,0,7,0,0,4,19,1,7,0,nan,nan,nan,nan,1.167,nan,nan,1,1,1,1.167,nan,nan,nan,nan,nan,-0.067,nan,nan,0,0,0,-0.067,nan,500,fresh
426457,0,0,0,0,0,0,7,0,0,4,20,1,7,0,nan,nan,nan,nan,1.167,nan,nan,1,1.053,1,1.167,nan,nan,nan,nan,nan,-0.067,nan,nan,0,-0.022,0,-0.067,nan,500,fresh
427527,0,0,0,0,0,0,7,0,0,4,19,1,7,0,nan,nan,nan,nan,1.167,nan,nan,1,1,1,1.167,nan,nan,nan,nan,nan,-0.067,nan,nan,0,0,0,-0.067,nan,500,fresh
428597,0,0,0,0,0,0,7,0,0,4,19,1,7,0,nan,nan,nan,nan,1.167,nan,nan,1,1,1,1.167,nan,nan,nan,nan,nan,-0.067,nan,nan,0,0,0,-0.067,nan,500,fresh
429666,0,0,0,0,0,0,7,0,0,4,19,1,7,0,nan,nan,nan,nan,1.167,nan,nan,1,1,1,1.167,nan,nan,nan,nan,nan,-0.067,nan,nan,0,0,0,-0.067,nan,500,fresh
430736,0,0,0,0,0,0,7,0,0,4,19,1,7,0,nan,nan,nan,nan,1.167,nan,nan,1,1,1,1.167,nan,nan,nan,nan,nan,-0.067,nan,nan,0,0,0,-0.067,nan,500,fresh
431806,0,0,0,0,0,0,7,0,0,4,19,1,7,0,nan,nan,nan,nan,1.167,nan,nan,1,1,1,1.167,nan,nan,nan,nan,nan,-0.067,nan,nan,0,0,0,-0.067,nan,500,fresh
432875,0,0,0,0,0,0,7,0,0,4,19,1,7,0,nan,nan,nan,nan,1.167,nan,nan,1,1,1,1.167,nan,nan,nan,nan,nan,-0.067,nan,nan,0,0,0,-0.067,nan,500,fresh
433945,0,0,0,0,0,0,7,0,0,4,19,1,7,0,nan,nan,nan,nan,1.167,nan,nan,1,1,1,1.167,nan,nan,nan,nan,nan,-0.067,nan,nan,0,0,0,-0.067,nan,500,fresh
435015,0,0,0,0,0,0,7,0,0,4,19,1,7,0,nan,nan,nan,nan,1.167,nan,nan,1,1,1,1.167,nan,nan,nan,nan,nan,-0.067,nan,nan,0,0,0,-0.067,nan,500,fresh
436085,0,0,0,0,0,0,7,0,0,4,19,1,7,0,nan,nan,nan,nan,1.167,nan,nan,1,1,1,1.167,nan,nan,nan,nan,nan,-0.067,nan,nan,0,0,0,-0.067,nan,500,fresh
437154,0,0,0,0,0,0,7,0,0,4,19,1,7,0,nan,nan,nan,nan,1.167,nan,nan,1,1,1,1.167,nan,nan,nan,nan,nan,-0.067,nan,nan,0,0,0,-0.067,nan,500,fresh
438224,0,0,0,0,0,0,7,0,0,4,19,1,7,0,nan,nan,nan,nan,1.167,nan,nan,1,1,1,1.167,nan,nan,nan,nan,nan,-0.067,nan,nan,0,0,0,-0.067,nan,500,fresh
50008,0,0,0,0,0,0,7,0,0,4,19,1,7,0,nan,nan,nan,nan,1.167,nan,nan,1,1,1,1.167,nan,nan,nan,nan,nan,-0.067,nan,nan,0,0,0,-0.067,nan,500,fresh
51077,0,0,0,0,0,0,6,0,0,4,19,1,7,0,nan,nan,nan,nan,1,nan,nan,1,1,1,1.167,nan,nan,nan,nan,nan,0,nan,nan,0,0,0,-0.067,nan,500,fresh
52146,0,0,0,0,0,0,7,0,0,4,19,1,7,0,nan,nan,nan,nan,1.167,nan,nan,1,1,1,1.167,nan,nan,nan,nan,nan,-0.067,nan,nan,0,0,0,-0.067,nan,500,fresh
53216,0,0,0,0,0,0,7,0,0,4,19,1,6,0,nan,nan,nan,nan,1.167,nan,nan,1,1,1,1,nan,nan,nan,nan,nan,-0.067,nan,nan,0,0,0,0,nan,500,fresh
54285,0,0,0,0,0,0,7,0,0,4,19,1,7,0,nan,nan,nan,nan,1.167,nan,nan,1,1,1,1.167,nan,nan,nan,nan,nan,-0.067,nan,nan,0,0,0,-0.067,nan,500,fresh
55355,0,0,0,0,0,0,7,0,0,4,19,1,6,0,nan,nan,nan,nan,1.167,nan,nan,1,1,1,1,nan,nan,nan,nan,nan,-0.067,nan,nan,0,0,0,0,nan,500,fresh
56425,0,0,0,0,0,0,7,0,0,4,19,1,7,0,nan,nan,nan,nan,1.167,nan,nan,1,1,1,1.167,nan,nan,nan,nan,nan,-0.067,nan,nan,0,0,0,-0.067,nan,500,fresh
57495,0,0,0,0,0,0,7,0,0,4,19,1,7,0,nan,nan,nan,nan,1.167,nan,nan,1,1,1,1.167,nan,nan,nan,nan,nan,-0.067,nan,nan,0,0,0,-0.067,nan,500,fresh
58564,0,0,0,0,0,0,7,0,0,4,19,1,7,0,nan,nan,nan,nan,1.167,nan,nan,1,1,1,1.167,nan,nan,nan,nan,nan,-0.067,nan,nan,0,0,0,-0.067,nan,500,fresh
59634,0,0,0,0,0,0,7,0,0,4,19,1,7,0,nan,nan,nan,nan,1.167,nan,nan,1,1,1,1.167,nan,nan,nan,nan,nan,-0.067,nan,nan,0,0,0,-0.067,nan,500,fresh
60704,0,0,0,0,0,0,7,0,0,4,19,1,7,0,nan,nan,nan,nan,1.167,nan,nan,1,1,1,1.167,nan,nan,nan,nan,nan,-0.067,nan,nan,0,0,0,-0.067,nan,500,fresh
61774,0,0,0,0,0,0,7,0,0,4,19,1,7,0,nan,nan,nan,nan,1.167,nan,nan,1,1,1,1.167,nan,nan,nan,nan,nan,-0.067,nan,nan,0,0,0,-0.067,nan,500,fresh
62844,0,0,0,0,0,0,6,0,0,4,19,1,7,0,nan,nan,nan,nan,1,nan,nan,1,1,1,1.167,nan,nan,nan,nan,nan,0,nan,nan,0,0,0,-0.067,nan,500,fresh
63913,0,0,0,0,0,0,7,0,0,4,19,1,7,0,nan,nan,nan,nan,1.167,nan,nan,1,1,1,1.167,nan,nan,nan,nan,nan,-0.067,nan,nan,0,0,0,-0.067,nan,500,fresh
64983,0,0,0,0,0,0,7,0,0,4,19,1,7,0,nan,nan,nan,nan,1.167,nan,nan,1,1,1,1.167,nan,nan,nan,nan,nan,-0.067,nan,nan,0,0,0,-0.067,nan,500,fresh
66053,0,0,0,0,0,0,7,0,0,4,19,1,7,0,nan,nan,nan,nan,1.167,nan,nan,1,1,1,1.167,nan,nan,nan,nan,nan,-0.067,nan,nan,0,0,0,-0.067,nan,500,fresh
67123,0,0,0,0,0,0,7,0,0,4,19,1,7,0,nan,nan,nan,nan,1.167,nan,nan,1,1,1,1.167,nan,nan,nan,nan,nan,-0.067,nan,nan,0,0,0,-0.067,nan,500,fresh
68193,0,0,0,0,0,0,7,0,0,4,19,1,7,0,nan,nan,nan,nan,1.167,nan,nan,1,1,1,1.167,nan,nan,nan,nan,nan,-0.067,nan,nan,0,0,0,-0.067,nan,500,fresh
69263,0,0,0,0,0,0,7,0,0,4,19,1,7,0,nan,nan,nan,nan,1.167,nan,nan,1,1,1,1.167,nan,nan,nan,nan,nan,-0.067,nan,nan,0,0,0,-0.067,nan,500,fresh
70333,0,0,0,0,0,0,7,0,0,4,19,1,7,0,nan,nan,nan,nan,1.167,nan,nan,1,1,1,1.167,nan,nan,nan,nan,nan,-0.067,nan,nan,0,0,0,-0.067,nan,500,fresh
71403,0,0,0,0,0,0,7,0,0,4,19,1,7,0,nan,nan,nan,nan,1.167,nan,nan,1,1,1,1.167,nan,nan,nan,nan,nan,-0.067,nan,nan,0,0,0,-0.067,nan,500,fresh
72473,0,0,0,0,0,0,6,0,0,4,19,1,7,0,nan,nan,nan,nan,1,nan,nan,1,1,1,1.167,nan,nan,nan,nan,nan,0,nan,nan,0,0,0,-0.067,nan,500,fresh
73542,0,0,0,0,0,0,7,0,0,4,19,1,6,0,nan,nan,nan,nan,1.167,nan,nan,1,1,1,1,nan,nan,nan,nan,nan,-0.067,nan,nan,0,0,0,0,nan,500,fresh
74611,0,0,0,0,0,0,7,0,0,4,19,1,7,0,nan,nan,nan,nan,1.167,nan,nan,1,1,1,1.167,nan,nan,nan,nan,nan,-0.067,nan,nan,0,0,0,-0.067,nan,500,fresh
75681,0,0,0,0,0,0,7,0,0,4,19,1,7,0,nan,nan,nan,nan,1.167,nan,nan,1,1,1,1.167,nan,nan,nan,nan,nan,-0.067,nan,nan,0,0,0,-0.067,nan,500,fresh
76751,0,0,0,0,0,0,7,0,0,4,19,1,7,0,nan,nan,nan,nan,1.167,nan,nan,1,1,1,1.167,nan,nan,nan,nan,nan,-0.067,nan,nan,0,0,0,-0.067,nan,500,fresh
77821,0,0,0,0,0,0,7,0,0,4,19,1,7,0,nan,nan,nan,nan,1.167,nan,nan,1,1,1,1.167,nan,nan,nan,nan,nan,-0.067,nan,nan,0,0,0,-0.067,nan,500,fresh
78891,0,0,0,0,0,0,7,0,0,4,19,1,7,0,nan,nan,nan,nan,1.167,nan,nan,1,1,1,1.167,nan,nan,nan,nan,nan,-0.067,nan,nan,0,0,0,-0.067,nan,500,fresh
79960,0,0,0,0,0,0,7,0,0,4,19,1,6,0,nan,nan,nan,nan,1.167,nan,nan,1,1,1,1,nan,nan,nan,nan,nan,-0.067,nan,nan,0,0,0,0,nan,500,fresh
81030,0,0,0,0,0,0,6,0,0,4,19,1,7,0,nan,nan,nan,nan,1,nan,nan,1,1,1,1.167,nan,nan,nan,nan,nan,0,nan,nan,0,0,0,-0.067,nan,500,fresh
82099,0,0,0,0,0,0,7,0,0,4,19,1,7,0,nan,nan,nan,nan,1.167,nan,nan,1,1,1,1.167,nan,nan,nan,nan,nan,-0.067,nan,nan,0,0,0,-0.067,nan,500,fresh
83168,0,0,0,0,0,0,7,0,0,4,19,1,7,0,nan,nan,nan,nan,1.167,nan,nan,1,1,1,1.167,nan,nan,nan,nan,nan,-0.067,nan,nan,0,0,0,-0.067,nan,500,fresh
84238,0,0,0,0,0,0,7,0,0,4,19,1,6,0,nan,nan,nan,nan,1.167,nan,nan,1,1,1,1,nan,nan,nan,nan,nan,-0.067,nan,nan,0,0,0,0,nan,500,fresh
85308,0,0,0,0,0,0,7,0,0,4,19,1,7,0,nan,nan,nan,nan,1.167,nan,nan,1,1,1,1.167,nan,nan,nan,nan,nan,-0.067,nan,nan,0,0,0,-0.067,nan,500,fresh
86377,0,0,0,0,0,0,7,0,0,4,19,1,7,0,nan,nan,nan,nan,1.167,nan,nan,1,1,1,1.167,nan,nan,nan,nan,nan,-0.067,nan,nan,0,0,0,-0.067,nan,500,fresh
87447,0,0,0,0,0,0,7,0,0,4,19,1,7,0,nan,nan,nan,nan,1.167,nan,nan,1,1,1,1.167,nan,nan,nan,nan,nan,-0.067,nan,nan,0,0,0,-0.067,nan,500,fresh
88516,0,0,0,0,0,0,6,0,0,4,19,1,7,0,nan,nan,nan,nan,1,nan,nan,1,1,1,1.167,nan,nan,nan,nan,nan,0,nan,nan,0,0,0,-0.067,nan,500,fresh
89586,0,0,0,0,0,0,7,0,0,4,19,1,7,0,nan,nan,nan,nan,1.167,nan,nan,1,1,1,1.167,nan,nan,nan,nan,nan,-0.067,nan,nan,0,0,0,-0.067,nan,500,fresh
90655,0,0,0,0,0,0,7,0,0,4,19,1,7,0,nan,nan,nan,nan,1.167,nan,nan,1,1,1,1.167,nan,nan,nan,nan,nan,-0.067,nan,nan,0,0,0,-0.067,nan,500,fresh
91723,0,0,0,0,0,0,7,0,0,4,19,1,7,0,nan,nan,nan,nan,1.167,nan,nan,1,1,1,1.167,nan,nan,nan,nan,nan,-0.067,nan,nan,0,0,0,-0.067,nan,500,fresh
92792,0,0,0,0,0,0,7,0,0,4,19,1,7,0,nan,nan,nan,nan,1.167,nan,nan,1,1,1,1.167,nan,nan,nan,nan,nan,-0.067,nan,nan,0,0,0,-0.067,nan,500,fresh
93862,0,0,0,0,0,0,6,0,0,4,19,1,7,0,nan,nan,nan,nan,1,nan,nan,1,1,1,1.167,nan,nan,nan,nan,nan,0,nan,nan,0,0,0,-0.067,nan,500,fresh
94931,0,0,0,0,0,0,7,0,0,4,19,1,7,0,nan,nan,nan,nan,1.167,nan,nan,1,1,1,1.167,nan,nan,nan,nan,nan,-0.067,nan,nan,0,0,0,-0.067,nan,500,fresh
96000,0,0,0,0,0,0,7,0,0,4,19,1,7,0,nan,nan,nan,nan,1.167,nan,nan,1,1,1,1.167,nan,nan,nan,nan,nan,-0.067,nan,nan,0,0,0,-0.067,nan,500,fresh
97069,0,0,0,0,0,0,7,0,0,4,19,1,7,0,nan,nan,nan,nan,1.167,nan,nan,1,1,1,1.167,nan,nan,nan,nan,nan,-0.067,nan,nan,0,0,0,-0.067,nan,500,fresh
98138,0,0,0,0,0,0,7,0,0,4,19,1,7,0,nan,nan,nan,nan,1.167,nan,nan,1,1,1,1.167,nan,nan,nan,nan,nan,-0.067,nan,nan,0,0,0,-0.067,nan,500,fresh
99207,0,0,0,0,0,0,7,0,0,4,19,1,7,0,nan,nan,nan,nan,1.167,nan,nan,1,1,1,1.167,nan,nan,nan,nan,nan,-0.067,nan,nan,0,0,0,-0.067,nan,500,fresh
100276,0,0,0,0,0,0,7,0,0,4,19,1,7,0,nan,nan,nan,nan,1.167,nan,nan,1,1,1,1.167,nan,nan,nan,nan,nan,-0.067,nan,nan,0,0,0,-0.067,nan,500,fresh
101346,0,0,0,0,0,0,7,0,0,4,19,1,7,0,nan,nan,nan,nan,1.167,nan,nan,1,1,1,1.167,nan,nan,nan,nan,nan,-0.067,nan,nan,0,0,0,-0.067,nan,500,fresh
102416,0,0,0,0,0,0,7,0,0,4,19,1,7,0,nan,nan,nan,nan,1.167,nan,nan,1,1,1,1.167,nan,nan,nan,nan,nan,-0.067,nan,nan,0,0,0,-0.067,nan,500,fresh
103485,0,0,0,0,0,0,7,0,0,3,19,1,7,0,nan,nan,nan,nan,1.167,nan,nan,0.75,1,1,1.167,nan,nan,nan,nan,nan,-0.067,nan,nan,0.125,0,0,-0.067,nan,500,fresh
104555,0,0,0,0,0,0,6,0,0,4,19,1,7,0,nan,nan,nan,nan,1,nan,nan,1,1,1,1.167,nan,nan,nan,nan,nan,0,nan,nan,0,0,0,-0.067,nan,500,fresh
105625,0,0,0,0,0,0,7,0,0,4,19,1,7,0,nan,nan,nan,nan,1.167,nan,nan,1,1,1,1.167,nan,nan,nan,nan,nan,-0.067,nan,nan,0,0,0,-0.067,nan,500,fresh
106694,0,0,0,0,0,0,7,0,0,4,19,1,7,0,nan,nan,nan,nan,1.167,nan,nan,1,1,1,1.167,nan,nan,nan,nan,nan,-0.067,nan,nan,0,0,0,-0.067,nan,500,fresh
107763,0,0,0,0,0,0,7,0,0,4,19,1,7,0,nan,nan,nan,nan,1.167,nan,nan,1,1,1,1.167,nan,nan,nan,nan,nan,-0.067,nan,nan,0,0,0,-0.067,nan,500,fresh
108833,0,0,0,0,0,0,7,0,0,4,19,1,7,0,nan,nan,nan,nan,1.167,nan,nan,1,1,1,1.167,nan,nan,nan,nan,nan,-0.067,nan,nan,0,0,0,-0.067,nan,500,fresh
109903,0,0,0,0,0,0,7,0,0,4,19,1,7,0,nan,nan,nan,nan,1.167,nan,nan,1,1,1,1.167,nan,nan,nan,nan,nan,-0.067,nan,nan,0,0,0,-0.067,nan,500,fresh
110971,0,0,0,0,0,0,7,0,0,4,19,1,7,0,nan,nan,nan,nan,1.167,nan,nan,1,1,1,1.167,nan,nan,nan,nan,nan,-0.067,nan,nan,0,0,0,-0.067,nan,500,fresh
112041,0,0,0,0,0,0,7,0,0,4,19,1,7,0,nan,nan,nan,nan,1.167,nan,nan,1,1,1,1.167,nan,nan,nan,nan,nan,-0.067,nan,nan,0,0,0,-0.067,nan,500,fresh
113111,0,0,0,0,0,0,7,0,0,4,19,1,7,0,nan,nan,nan,nan,1.167,nan,nan,1,1,1,1.167,nan,nan,nan,nan,nan,-0.067,nan,nan,0,0,0,-0.067,nan,500,fresh
114180,0,0,0,0,0,0,7,0,0,4,19,1,7,0,nan,nan,nan,nan,1.167,nan,nan,1,1,1,1.167,nan,nan,nan,nan,nan,-0.067,nan,nan,0,0,0,-0.067,nan,500,fresh
115250,0,0,0,0,0,0,7,0,0,4,19,1,7,0,nan,nan,nan,nan,1.167,nan,nan,1,1,1,1.167,nan,nan,nan,nan,nan,-0.067,nan,nan,0,0,0,-0.067,nan,500,fresh
116319,0,0,0,0,0,0,7,0,0,4,19,1,7,0,nan,nan,nan,nan,1.167,nan,nan,1,1,1,1.167,nan,nan,nan,nan,nan,-0.067,nan,nan,0,0,0,-0.067,nan,500,fresh
117388,0,0,0,0,0,0,7,0,0,4,19,1,7,0,nan,nan,nan,nan,1.167,nan,nan,1,1,1,1.167,nan,nan,nan,nan,nan,-0.067,nan,nan,0,0,0,-0.067,nan,500,fresh
118457,0,0,0,0,0,0,7,0,0,4,19,1,7,0,nan,nan,nan,nan,1.167,nan,nan,1,1,1,1.167,nan,nan,nan,nan,nan,-0.067,nan,nan,0,0,0,-0.067,nan,500,fresh
119526,0,0,0,0,0,0,7,0,0,4,19,1,7,0,nan,nan,nan,nan,1.167,nan,nan,1,1,1,1.167,nan,nan,nan,nan,nan,-0.067,nan,nan,0,0,0,-0.067,nan,500,fresh
120596,0,0,0,0,0,0,7,0,0,4,19,1,7,0,nan,nan,nan,nan,1.167,nan,nan,1,1,1,1.167,nan,nan,nan,nan,nan,-0.067,nan,nan,0,0,0,-0.067,nan,500,fresh
121664,0,0,0,0,0,0,7,0,0,4,19,1,7,0,nan,nan,nan,nan,1.167,nan,nan,1,1,1,1.167,nan,nan,nan,nan,nan,-0.067,nan,nan,0,0,0,-0.067,nan,500,fresh
122733,0,0,0,0,0,0,6,0,0,4,19,1,7,0,nan,nan,nan,nan,1,nan,nan,1,1,1,1.167,nan,nan,nan,nan,nan,0,nan,nan,0,0,0,-0.067,nan,500,fresh
123803,0,0,0,0,0,0,7,0,0,4,19,1,7,0,nan,nan,nan,nan,1.167,nan,nan,1,1,1,1.167,nan,nan,nan,nan,nan,-0.067,nan,nan,0,0,0,-0.067,nan,500,fresh
124872,0,0,0,0,0,0,7,0,0,4,19,1,7,0,nan,nan,nan,nan,1.167,nan,nan,1,1,1,1.167,nan,nan,nan,nan,nan,-0.067,nan,nan,0,0,0,-0.067,nan,500,fresh
125941,0,0,0,0,0,0,7,0,0,4,19,1,7,0,nan,nan,nan,nan,1.167,nan,nan,1,1,1,1.167,nan,nan,nan,nan,nan,-0.067,nan,nan,0,0,0,-0.067,nan,500,fresh
127011,0,0,0,0,0,0,7,0,0,4,19,1,7,0,nan,nan,nan,nan,1.167,nan,nan,1,1,1,1.167,nan,nan,nan,nan,nan,-0.067,nan,nan,0,0,0,-0.067,nan,500,fresh
128081,0,0,0,0,0,0,7,0,0,4,19,1,7,0,nan,nan,nan,nan,1.167,nan,nan,1,1,1,1.167,nan,nan,nan,nan,nan,-0.067,nan,nan,0,0,0,-0.067,nan,500,fresh
129149,0,0,0,0,0,0,7,0,0,4,19,1,7,0,nan,nan,nan,nan,1.167,nan,nan,1,1,1,1.167,nan,nan,nan,nan,nan,-0.067,nan,nan,0,0,0,-0.067,nan,500,fresh
130219,0,0,0,0,0,0,7,0,0,4,19,1,7,0,nan,nan,nan,nan,1.167,nan,nan,1,1,1,1.167,nan,nan,nan,nan,nan,-0.067,nan,nan,0,0,0,-0.067,nan,500,fresh
131289,0,0,0,0,0,0,7,0,0,4,19,1,7,0,nan,nan,nan,nan,1.167,nan,nan,1,1,1,1.167,nan,nan,nan,nan,nan,-0.067,nan,nan,0,0,0,-0.067,nan,500,fresh
132359,0,0,0,0,0,0,7,0,0,4,19,1,6,0,nan,nan,nan,nan,1.167,nan,nan,1,1,1,1,nan,nan,nan,nan,nan,-0.067,nan,nan,0,0,0,0,nan,500,fresh
133429,0,0,0,0,0,0,7,0,0,4,19,1,7,0,nan,nan,nan,nan,1.167,nan,nan,1,1,1,1.167,nan,nan,nan,nan,nan,-0.067,nan,nan,0,0,0,-0.067,nan,500,fresh
134497,0,0,0,0,0,0,7,0,0,4,19,1,7,0,nan,nan,nan,nan,1.167,nan,nan,1,1,1,1.167,nan,nan,nan,nan,nan,-0.067,nan,nan,0,0,0,-0.067,nan,500,fresh
135567,0,0,0,0,0,0,7,0,0,4,19,1,7,0,nan,nan,nan,nan,1.167,nan,nan,1,1,1,1.167,nan,nan,nan,nan,nan,-0.067,nan,nan,0,0,0,-0.067,nan,500,fresh
136637,0,0,0,0,0,0,7,0,0,4,19,1,7,0,nan,nan,nan,nan,1.167,nan,nan,1,1,1,1.167,nan,nan,nan,nan,nan,-0.067,nan,nan,0,0,0,-0.067,nan,500,fresh
137707,0,0,0,0,0,0,7,0,0,4,19,1,7,0,nan,nan,nan,nan,1.167,nan,nan,1,1,1,1.167,nan,nan,nan,nan,nan,-0.067,nan,nan,0,0,0,-0.067,nan,500,fresh
138776,0,0,0,0,0,0,7,0,0,4,19,1,7,0,nan,nan,nan,nan,1.167,nan,nan,1,1,1,1.167,nan,nan,nan,nan,nan,-0.067,nan,nan,0,0,0,-0.067,nan,500,fresh
139845,0,0,0,0,0,0,7,0,0,4,19,1,7,0,nan,nan,nan,nan,1.167,nan,nan,1,1,1,1.167,nan,nan,nan,nan,nan,-0.067,nan,nan,0,0,0,-0.067,nan,500,fresh
140915,0,0,0,0,0,0,7,0,0,4,19,1,7,0,nan,nan,nan,nan,1.167,nan,nan,1,1,1,1.167,nan,nan,nan,nan,nan,-0.067,nan,nan,0,0,0,-0.067,nan,500,fresh
141984,0,0,0,0,0,0,7,0,0,4,19,1,7,0,nan,nan,nan,nan,1.167,nan,nan,1,1,1,1.167,nan,nan,nan,nan,nan,-0.067,nan,nan,0,0,0,-0.067,nan,500,fresh
143054,0,0,0,0,0,0,7,0,0,4,19,1,7,0,nan,nan,nan,nan,1.167,nan,nan,1,1,1,1.167,nan,nan,nan,nan,nan,-0.067,nan,nan,0,0,0,-0.067,nan,500,fresh
144124,0,0,0,0,0,0,7,0,0,4,19,1,7,0,nan,nan,nan,nan,1.167,nan,nan,1,1,1,1.167,nan,nan,nan,nan,nan,-0.067,nan,nan,0,0,0,-0.067,nan,500,fresh
145194,0,0,0,0,0,0,7,0,0,4,19,1,7,0,nan,nan,nan,nan,1.167,nan,nan,1,1,1,1.167,nan,nan,nan,nan,nan,-0.067,nan,nan,0,0,0,-0.067,nan,500,fresh
146264,0,0,0,0,0,0,7,0,0,4,19,1,7,0,nan,nan,nan,nan,1.167,nan,nan,1,1,1,1.167,nan,nan,nan,nan,nan,-0.067,nan,nan,0,0,0,-0.067,nan,500,fresh
147332,0,0,0,0,0,0,7,0,0,4,19,1,7,0,nan,nan,nan,nan,1.167,nan,nan,1,1,1,1.167,nan,nan,nan,nan,nan,-0.067,nan,nan,0,0,0,-0.067,nan,500,fresh
148402,0,0,0,0,0,0,7,0,0,4,19,1,7,0,nan,nan,nan,nan,1.167,nan,nan,1,1,1,1.167,nan,nan,nan,nan,nan,-0.067,nan,nan,0,0,0,-0.067,nan,500,fresh
149471,0,0,0,0,0,0,7,0,0,4,19,1,7,0,nan,nan,nan,nan,1.167,nan,nan,1,1,1,1.167,nan,nan,nan,nan,nan,-0.067,nan,nan,0,0,0,-0.067,nan,500,fresh
150541,0,0,0,0,0,0,7,0,0,4,19,1,7,0,nan,nan,nan,nan,1.167,nan,nan,1,1,1,1.167,nan,nan,nan,nan,nan,-0.067,nan,nan,0,0,0,-0.067,nan,500,fresh
151611,0,0,0,0,0,0,7,0,0,4,19,1,7,0,nan,nan,nan,nan,1.167,nan,nan,1,1,1,1.167,nan,nan,nan,nan,nan,-0.067,nan,nan,0,0,0,-0.067,nan,500,fresh
152680,0,0,0,0,0,0,7,0,0,4,19,1,7,0,nan,nan,nan,nan,1.167,nan,nan,1,1,1,1.167,nan,nan,nan,nan,nan,-0.067,nan,nan,0,0,0,-0.067,nan,500,fresh
153750,0,0,0,0,0,0,7,0,0,4,19,1,7,0,nan,nan,nan,nan,1.167,nan,nan,1,1,1,1.167,nan,nan,nan,nan,nan,-0.067,nan,nan,0,0,0,-0.067,nan,500,fresh
154820,0,0,0,0,0,0,7,0,0,4,19,1,7,0,nan,nan,nan,nan,1.167,nan,nan,1,1,1,1.167,nan,nan,nan,nan,nan,-0.067,nan,nan,0,0,0,-0.067,nan,500,fresh
155890,0,0,0,0,0,0,7,0,0,4,19,1,7,0,nan,nan,nan,nan,1.167,nan,nan,1,1,1,1.167,nan,nan,nan,nan,nan,-0.067,nan,nan,0,0,0,-0.067,nan,500,fresh
156960,0,0,0,0,0,0,7,0,0,4,19,1,7,0,nan,nan,nan,nan,1.167,nan,nan,1,1,1,1.167,nan,nan,nan,nan,nan,-0.067,nan,nan,0,0,0,-0.067,nan,500,fresh
158030,0,0,0,0,0,0,7,0,0,4,19,1,7,0,nan,nan,nan,nan,1.167,nan,nan,1,1,1,1.167,nan,nan,nan,nan,nan,-0.067,nan,nan,0,0,0,-0.067,nan,500,fresh
159100,0,0,0,0,0,0,7,0,0,4,19,1,6,0,nan,nan,nan,nan,1.167,nan,nan,1,1,1,1,nan,nan,nan,nan,nan,-0.067,nan,nan,0,0,0,0,nan,500,fresh
160168,0,0,0,0,0,0,7,0,0,4,19,1,7,0,nan,nan,nan,nan,1.167,nan,nan,1,1,1,1.167,nan,nan,nan,nan,nan,-0.067,nan,nan,0,0,0,-0.067,nan,500,fresh
161237,0,0,0,0,0,0,7,0,0,4,19,1,7,0,nan,nan,nan,nan,1.167,nan,nan,1,1,1,1.167,nan,nan,nan,nan,nan,-0.067,nan,nan,0,0,0,-0.067,nan,500,fresh
162306,0,0,0,0,0,0,7,0,0,4,19,1,7,0,nan,nan,nan,nan,1.167,nan,nan,1,1,1,1.167,nan,nan,nan,nan,nan,-0.067,nan,nan,0,0,0,-0.067,nan,500,fresh
163376,0,0,0,0,0,0,7,0,0,4,19,1,7,0,nan,nan,nan,nan,1.167,nan,nan,1,1,1,1.167,nan,nan,nan,nan,nan,-0.067,nan,nan,0,0,0,-0.067,nan,500,fresh
164444,0,0,0,0,0,0,7,0,0,4,19,1,7,0,nan,nan,nan,nan,1.167,nan,nan,1,1,1,1.167,nan,nan,nan,nan,nan,-0.067,nan,nan,0,0,0,-0.067,nan,500,fresh
165513,0,0,0,0,0,0,7,0,0,4,19,1,7,0,nan,nan,nan,nan,1.167,nan,nan,1,1,1,1.167,nan,nan,nan,nan,nan,-0.067,nan,nan,0,0,0,-0.067,nan,500,fresh
166583,0,0,0,0,0,0,7,0,0,4,19,1,7,0,nan,nan,nan,nan,1.167,nan,nan,1,1,1,1.167,nan,nan,nan,nan,nan,-0.067,nan,nan,0,0,0,-0.067,nan,500,fresh
167652,0,0,0,0,0,0,7,0,0,4,19,1,7,0,nan,nan,nan,nan,1.167,nan,nan,1,1,1,1.167,nan,nan,nan,nan,nan,-0.067,nan,nan,0,0,0,-0.067,nan,500,fresh
168722,0,0,0,0,0,0,7,0,0,4,19,1,7,0,nan,nan,nan,nan,1.167,nan,nan,1,1,1,1.167,nan,nan,nan,nan,nan,-0.067,nan,nan,0,0,0,-0.067,nan,500,fresh
169792,0,0,0,0,0,0,7,0,0,4,19,1,7,0,nan,nan,nan,nan,1.167,nan,nan,1,1,1,1.167,nan,nan,nan,nan,nan,-0.067,nan,nan,0,0,0,-0.067,nan,500,fresh
170862,0,0,0,0,0,0,7,0,0,4,19,1,7,0,nan,nan,nan,nan,1.167,nan,nan,1,1,1,1.167,nan,nan,nan,nan,nan,-0.067,nan,nan,0,0,0,-0.067,nan,500,fresh
171932,0,0,0,0,0,0,6,0,0,4,19,1,7,0,nan,nan,nan,nan,1,nan,nan,1,1,1,1.167,nan,nan,nan,nan,nan,0,nan,nan,0,0,0,-0.067,nan,500,fresh
173002,0,0,0,0,0,0,7,0,0,4,19,1,7,0,nan,nan,nan,nan,1.167,nan,nan,1,1,1,1.167,nan,nan,nan,nan,nan,-0.067,nan,nan,0,0,0,-0.067,nan,500,fresh
174072,0,0,0,0,0,0,7,0,0,4,19,1,7,0,nan,nan,nan,nan,1.167,nan,nan,1,1,1,1.167,nan,nan,nan,nan,nan,-0.067,nan,nan,0,0,0,-0.067,nan,500,fresh
175140,0,0,0,0,0,0,6,0,0,4,19,1,7,0,nan,nan,nan,nan,1,nan,nan,1,1,1,1.167,nan,nan,nan,nan,nan,0,nan,nan,0,0,0,-0.067,nan,500,fresh
176210,0,0,0,0,0,0,7,0,0,4,19,1,7,0,nan,nan,nan,nan,1.167,nan,nan,1,1,1,1.167,nan,nan,nan,nan,nan,-0.067,nan,nan,0,0,0,-0.067,nan,500,fresh
177280,0,0,0,0,0,0,7,0,0,4,19,1,7,0,nan,nan,nan,nan,1.167,nan,nan,1,1,1,1.167,nan,nan,nan,nan,nan,-0.067,nan,nan,0,0,0,-0.067,nan,500,fresh
178350,0,0,0,0,0,0,6,0,0,4,19,1,7,0,nan,nan,nan,nan,1,nan,nan,1,1,1,1.167,nan,nan,nan,nan,nan,0,nan,nan,0,0,0,-0.067,nan,500,fresh
179419,0,0,0,0,0,0,7,0,0,4,19,1,7,0,nan,nan,nan,nan,1.167,nan,nan,1,1,1,1.167,nan,nan,nan,nan,nan,-0.067,nan,nan,0,0,0,-0.067,nan,500,fresh
180488,0,0,0,0,0,0,7,0,0,4,19,1,7,0,nan,nan,nan,nan,1.167,nan,nan,1,1,1,1.167,nan,nan,nan,nan,nan,-0.067,nan,nan,0,0,0,-0.067,nan,500,fresh
181557,0,0,0,0,0,0,7,0,0,4,19,1,7,0,nan,nan,nan,nan,1.167,nan,nan,1,1,1,1.167,nan,nan,nan,nan,nan,-0.067,nan,nan,0,0,0,-0.067,nan,500,fresh
182627,0,0,0,0,0,0,7,0,0,4,19,1,7,0,nan,nan,nan,nan,1.167,nan,nan,1,1,1,1.167,nan,nan,nan,nan,nan,-0.067,nan,nan,0,0,0,-0.067,nan,500,fresh
183697,0,0,0,0,0,0,7,0,0,4,19,1,7,0,nan,nan,nan,nan,1.167,nan,nan,1,1,1,1.167,nan,nan,nan,nan,nan,-0.067,nan,nan,0,0,0,-0.067,nan,500,fresh
184766,0,0,0,0,0,0,7,0,0,4,19,1,7,0,nan,nan,nan,nan,1.167,nan,nan,1,1,1,1.167,nan,nan,nan,nan,nan,-0.067,nan,nan,0,0,0,-0.067,nan,500,fresh
185836,0,0,0,0,0,0,7,0,0,4,19,1,7,0,nan,nan,nan,nan,1.167,nan,nan,1,1,1,1.167,nan,nan,nan,nan,nan,-0.067,nan,nan,0,0,0,-0.067,nan,500,fresh
186906,0,0,0,0,0,0,7,0,0,4,19,1,7,0,nan,nan,nan,nan,1.167,nan,nan,1,1,1,1.167,nan,nan,nan,nan,nan,-0.067,nan,nan,0,0,0,-0.067,nan,500,fresh
187976,0,0,0,0,0,0,7,0,0,4,19,1,6,0,nan,nan,nan,nan,1.167,nan,nan,1,1,1,1,nan,nan,nan,nan,nan,-0.067,nan,nan,0,0,0,0,nan,500,fresh
189046,0,0,0,0,0,0,7,0,0,4,19,1,6,0,nan,nan,nan,nan,1.167,nan,nan,1,1,1,1,nan,nan,nan,nan,nan,-0.067,nan,nan,0,0,0,0,nan,500,fresh
190115,0,0,0,0,0,0,6,0,0,4,19,1,7,0,nan,nan,nan,nan,1,nan,nan,1,1,1,1.167,nan,nan,nan,nan,nan,0,nan,nan,0,0,0,-0.067,nan,500,fresh
191185,0,0,0,0,0,0,7,0,0,4,19,1,6,0,nan,nan,nan,nan,1.167,nan,nan,1,1,1,1,nan,nan,nan,nan,nan,-0.067,nan,nan,0,0,0,0,nan,500,fresh
192255,0,0,0,0,0,0,7,0,0,4,19,1,7,0,nan,nan,nan,nan,1.167,nan,nan,1,1,1,1.167,nan,nan,nan,nan,nan,-0.067,nan,nan,0,0,0,-0.067,nan,500,fresh
193324,0,0,0,0,0,0,7,0,0,4,19,1,7,0,nan,nan,nan,nan,1.167,nan,nan,1,1,1,1.167,nan,nan,nan,nan,nan,-0.067,nan,nan,0,0,0,-0.067,nan,500,fresh
194394,0,0,0,0,0,0,7,0,0,4,19,1,7,0,nan,nan,nan,nan,1.167,nan,nan,1,1,1,1.167,nan,nan,nan,nan,nan,-0.067,nan,nan,0,0,0,-0.067,nan,500,fresh
195464,0,0,0,0,0,0,7,0,0,4,19,1,7,0,nan,nan,nan,nan,1.167,nan,nan,1,1,1,1.167,nan,nan,nan,nan,nan,-0.067,nan,nan,0,0,0,-0.067,nan,500,fresh
196534,0,0,0,0,0,0,7,0,0,4,19,1,7,0,nan,nan,nan,nan,1.167,nan,nan,1,1,1,1.167,nan,nan,nan,nan,nan,-0.067,nan,nan,0,0,0,-0.067,nan,500,fresh
197604,0,0,0,0,0,0,7,0,0,4,19,1,7,0,nan,nan,nan,nan,1.167,nan,nan,1,1,1,1.167,nan,nan,nan,nan,nan,-0.067,nan,nan,0,0,0,-0.067,nan,500,fresh
198673,0,0,0,0,0,0,7,0,0,4,19,1,7,0,nan,nan,nan,nan,1.167,nan,nan,1,1,1,1.167,nan,nan,nan,nan,nan,-0.067,nan,nan,0,0,0,-0.067,nan,500,fresh
199741,0,0,0,0,0,0,6,0,0,4,19,1,7,0,nan,nan,nan,nan,1,nan,nan,1,1,1,1.167,nan,nan,nan,nan,nan,0,nan,nan,0,0,0,-0.067,nan,500,fresh
200810,0,0,0,0,0,0,7,0,0,4,19,1,7,0,nan,nan,nan,nan,1.167,nan,nan,1,1,1,1.167,nan,nan,nan,nan,nan,-0.067,nan,nan,0,0,0,-0.067,nan,500,fresh
201880,0,0,0,0,0,0,7,0,0,4,19,1,7,0,nan,nan,nan,nan,1.167,nan,nan,1,1,1,1.167,nan,nan,nan,nan,nan,-0.067,nan,nan,0,0,0,-0.067,nan,500,fresh
202950,0,0,0,0,0,0,7,0,0,4,19,1,7,0,nan,nan,nan,nan,1.167,nan,nan,1,1,1,1.167,nan,nan,nan,nan,nan,-0.067,nan,nan,0,0,0,-0.067,nan,500,fresh
204019,0,0,0,0,0,0,7,0,0,4,19,1,7,0,nan,nan,nan,nan,1.167,nan,nan,1,1,1,1.167,nan,nan,nan,nan,nan,-0.067,nan,nan,0,0,0,-0.067,nan,500,fresh
205089,0,0,0,0,0,0,7,0,0,4,19,1,6,0,nan,nan,nan,nan,1.167,nan,nan,1,1,1,1,nan,nan,nan,nan,nan,-0.067,nan,nan,0,0,0,0,nan,500,fresh
206159,0,0,0,0,0,0,7,0,0,4,19,1,7,0,nan,nan,nan,nan,1.167,nan,nan,1,1,1,1.167,nan,nan,nan,nan,nan,-0.067,nan,nan,0,0,0,-0.067,nan,500,fresh
207228,0,0,0,0,0,0,7,0,0,4,19,1,7,0,nan,nan,nan,nan,1.167,nan,nan,1,1,1,1.167,nan,nan,nan,nan,nan,-0.067,nan,nan,0,0,0,-0.067,nan,500,fresh
208298,0,0,0,0,0,0,7,0,0,4,19,1,6,0,nan,nan,nan,nan,1.167,nan,nan,1,1,1,1,nan,nan,nan,nan,nan,-0.067,nan,nan,0,0,0,0,nan,500,fresh
209368,0,0,0,0,0,0,7,0,0,4,19,1,7,0,nan,nan,nan,nan,1.167,nan,nan,1,1,1,1.167,nan,nan,nan,nan,nan,-0.067,nan,nan,0,0,0,-0.067,nan,500,fresh
210437,0,0,0,0,0,0,7,0,0,4,19,1,7,0,nan,nan,nan,nan,1.167,nan,nan,1,1,1,1.167,nan,nan,nan,nan,nan,-0.067,nan,nan,0,0,0,-0.067,nan,500,fresh
211507,0,0,0,0,0,0,6,0,0,4,19,1,7,0,nan,nan,nan,nan,1,nan,nan,1,1,1,1.167,nan,nan,nan,nan,nan,0,nan,nan,0,0,0,-0.067,nan,500,fresh
212576,0,0,0,0,0,0,6,0,0,4,19,1,7,0,nan,nan,nan,nan,1,nan,nan,1,1,1,1.167,nan,nan,nan,nan,nan,0,nan,nan,0,0,0,-0.067,nan,500,fresh
213644,0,0,0,0,0,0,7,0,0,4,19,1,6,0,nan,nan,nan,nan,1.167,nan,nan,1,1,1,1,nan,nan,nan,nan,nan,-0.067,nan,nan,0,0,0,0,nan,500,fresh
214713,0,0,0,0,0,0,7,0,0,4,19,1,7,0,nan,nan,nan,nan,1.167,nan,nan,1,1,1,1.167,nan,nan,nan,nan,nan,-0.067,nan,nan,0,0,0,-0.067,nan,500,fresh
215783,0,0,0,0,0,0,7,0,0,4,19,1,7,0,nan,nan,nan,nan,1.167,nan,nan,1,1,1,1.167,nan,nan,nan,nan,nan,-0.067,nan,nan,0,0,0,-0.067,nan,500,fresh
216853,0,0,0,0,0,0,7,0,0,4,19,1,7,0,nan,nan,nan,nan,1.167,nan,nan,1,1,1,1.167,nan,nan,nan,nan,nan,-0.067,nan,nan,0,0,0,-0.067,nan,500,fresh
217921,0,0,0,0,0,0,7,0,0,4,19,1,6,0,nan,nan,nan,nan,1.167,nan,nan,1,1,1,1,nan,nan,nan,nan,nan,-0.067,nan,nan,0,0,0,0,nan,500,fresh
218990,0,0,0,0,0,0,7,0,0,4,19,1,7,0,nan,nan,nan,nan,1.167,nan,nan,1,1,1,1.167,nan,nan,nan,nan,nan,-0.067,nan,nan,0,0,0,-0.067,nan,500,fresh
220060,0,0,0,0,0,0,6,0,0,4,19,1,7,0,nan,nan,nan,nan,1,nan,nan,1,1,1,1.167,nan,nan,nan,nan,nan,0,nan,nan,0,0,0,-0.067,nan,500,fresh
221130,0,0,0,0,0,0,7,0,0,4,19,1,7,0,nan,nan,nan,nan,1.167,nan,nan,1,1,1,1.167,nan,nan,nan,nan,nan,-0.067,nan,nan,0,0,0,-0.067,nan,500,fresh
222198,0,0,0,0,0,0,7,0,0,4,19,1,7,0,nan,nan,nan,nan,1.167,nan,nan,1,1,1,1.167,nan,nan,nan,nan,nan,-0.067,nan,nan,0,0,0,-0.067,nan,500,fresh
223267,0,0,0,0,0,0,7,0,0,4,19,1,7,0,nan,nan,nan,nan,1.167,nan,nan,1,1,1,1.167,nan,nan,nan,nan,nan,-0.067,nan,nan,0,0,0,-0.067,nan,500,fresh
224337,0,0,0,0,0,0,6,0,0,4,19,1,7,0,nan,nan,nan,nan,1,nan,nan,1,1,1,1.167,nan,nan,nan,nan,nan,0,nan,nan,0,0,0,-0.067,nan,500,fresh
225406,0,0,0,0,0,0,6,0,0,4,19,1,7,0,nan,nan,nan,nan,1,nan,nan,1,1,1,1.167,nan,nan,nan,nan,nan,0,nan,nan,0,0,0,-0.067,nan,500,fresh
226475,0,0,0,0,0,0,7,0,0,4,19,1,7,0,nan,nan,nan,nan,1.167,nan,nan,1,1,1,1.167,nan,nan,nan,nan,nan,-0.067,nan,nan,0,0,0,-0.067,nan,500,fresh
227544,0,0,0,0,0,0,6,0,0,4,19,1,7,0,nan,nan,nan,nan,1,nan,nan,1,1,1,1.167,nan,nan,nan,nan,nan,0,nan,nan,0,0,0,-0.067,nan,500,fresh
228614,0,0,0,0,0,0,7,0,0,4,19,1,7,0,nan,nan,nan,nan,1.167,nan,nan,1,1,1,1.167,nan,nan,nan,nan,nan,-0.067,nan,nan,0,0,0,-0.067,nan,500,fresh
229683,0,0,0,0,0,0,7,0,0,3,19,1,7,0,nan,nan,nan,nan,1.167,nan,nan,0.75,1,1,1.167,nan,nan,nan,nan,nan,-0.067,nan,nan,0.125,0,0,-0.067,nan,500,fresh
230752,0,0,0,0,0,0,6,0,0,4,19,1,6,0,nan,nan,nan,nan,1,nan,nan,1,1,1,1,nan,nan,nan,nan,nan,0,nan,nan,0,0,0,0,nan,500,fresh
231822,0,0,0,0,0,0,7,0,0,4,19,1,7,0,nan,nan,nan,nan,1.167,nan,nan,1,1,1,1.167,nan,nan,nan,nan,nan,-0.067,nan,nan,0,0,0,-0.067,nan,500,fresh
232892,0,0,0,0,0,0,7,0,0,4,19,1,7,0,nan,nan,nan,nan,1.167,nan,nan,1,1,1,1.167,nan,nan,nan,nan,nan,-0.067,nan,nan,0,0,0,-0.067,nan,500,fresh
233962,0,0,0,0,0,0,6,0,0,4,19,1,7,0,nan,nan,nan,nan,1,nan,nan,1,1,1,1.167,nan,nan,nan,nan,nan,0,nan,nan,0,0,0,-0.067,nan,500,fresh
235031,0,0,0,0,0,0,6,0,0,4,19,1,7,0,nan,nan,nan,nan,1,nan,nan,1,1,1,1.167,nan,nan,nan,nan,nan,0,nan,nan,0,0,0,-0.067,nan,500,fresh
236100,0,0,0,0,0,0,7,0,0,4,19,1,6,0,nan,nan,nan,nan,1.167,nan,nan,1,1,1,1,nan,nan,nan,nan,nan,-0.067,nan,nan,0,0,0,0,nan,500,fresh
237170,0,0,0,0,0,0,7,0,0,4,19,1,7,0,nan,nan,nan,nan,1.167,nan,nan,1,1,1,1.167,nan,nan,nan,nan,nan,-0.067,nan,nan,0,0,0,-0.067,nan,500,fresh
238240,0,0,0,0,0,0,7,0,0,4,19,1,7,0,nan,nan,nan,nan,1.167,nan,nan,1,1,1,1.167,nan,nan,nan,nan,nan,-0.067,nan,nan,0,0,0,-0.067,nan,500,fresh
239309,0,0,0,0,0,0,7,0,0,4,19,1,6,0,nan,nan,nan,nan,1.167,nan,nan,1,1,1,1,nan,nan,nan,nan,nan,-0.067,nan,nan,0,0,0,0,nan,500,fresh
240379,0,0,0,0,0,0,7,0,0,4,19,1,7,0,nan,nan,nan,nan,1.167,nan,nan,1,1,1,1.167,nan,nan,nan,nan,nan,-0.067,nan,nan,0,0,0,-0.067,nan,500,fresh
241449,0,0,0,0,0,0,7,0,0,4,19,1,6,0,nan,nan,nan,nan,1.167,nan,nan,1,1,1,1,nan,nan,nan,nan,nan,-0.067,nan,nan,0,0,0,0,nan,500,fresh
242519,0,0,0,0,0,0,7,0,0,4,19,1,7,0,nan,nan,nan,nan,1.167,nan,nan,1,1,1,1.167,nan,nan,nan,nan,nan,-0.067,nan,nan,0,0,0,-0.067,nan,500,fresh
243588,0,0,0,0,0,0,7,0,0,4,19,1,6,0,nan,nan,nan,nan,1.167,nan,nan,1,1,1,1,nan,nan,nan,nan,nan,-0.067,nan,nan,0,0,0,0,nan,500,fresh
244657,0,0,0,0,0,0,7,0,0,4,19,1,7,0,nan,nan,nan,nan,1.167,nan,nan,1,1,1,1.167,nan,nan,nan,nan,nan,-0.067,nan,nan,0,0,0,-0.067,nan,500,fresh
245727,0,0,0,0,0,0,7,0,0,4,19,1,7,0,nan,nan,nan,nan,1.167,nan,nan,1,1,1,1.167,nan,nan,nan,nan,nan,-0.067,nan,nan,0,0,0,-0.067,nan,500,fresh
246795,0,0,0,0,0,0,7,0,0,4,19,1,7,0,nan,nan,nan,nan,1.167,nan,nan,1,1,1,1.167,nan,nan,nan,nan,nan,-0.067,nan,nan,0,0,0,-0.067,nan,500,fresh
247864,0,0,0,0,0,0,7,0,0,4,19,1,7,0,nan,nan,nan,nan,1.167,nan,nan,1,1,1,1.167,nan,nan,nan,nan,nan,-0.067,nan,nan,0,0,0,-0.067,nan,500,fresh
248934,0,0,0,0,0,0,7,0,0,4,19,1,7,0,nan,nan,nan,nan,1.167,nan,nan,1,1,1,1.167,nan,nan,nan,nan,nan,-0.067,nan,nan,0,0,0,-0.067,nan,500,fresh
250004,0,0,0,0,0,0,6,0,0,4,19,1,7,0,nan,nan,nan,nan,1,nan,nan,1,1,1,1.167,nan,nan,nan,nan,nan,0,nan,nan,0,0,0,-0.067,nan,500,fresh
251073,0,0,0,0,0,0,7,0,0,4,19,1,7,0,nan,nan,nan,nan,1.167,nan,nan,1,1,1,1.167,nan,nan,nan,nan,nan,-0.067,nan,nan,0,0,0,-0.067,nan,500,fresh
252142,0,0,0,0,0,0,7,0,0,4,19,1,7,0,nan,nan,nan,nan,1.167,nan,nan,1,1,1,1.167,nan,nan,nan,nan,nan,-0.067,nan,nan,0,0,0,-0.067,nan,500,fresh
253212,0,0,0,0,0,0,7,0,0,4,19,1,7,0,nan,nan,nan,nan,1.167,nan,nan,1,1,1,1.167,nan,nan,nan,nan,nan,-0.067,nan,nan,0,0,0,-0.067,nan,500,fresh
254280,0,0,0,0,0,0,7,0,0,4,19,1,6,0,nan,nan,nan,nan,1.167,nan,nan,1,1,1,1,nan,nan,nan,nan,nan,-0.067,nan,nan,0,0,0,0,nan,500,fresh
255350,0,0,0,0,0,0,7,0,0,4,19,1,7,0,nan,nan,nan,nan,1.167,nan,nan,1,1,1,1.167,nan,nan,nan,nan,nan,-0.067,nan,nan,0,0,0,-0.067,nan,500,fresh
256419,0,0,0,0,0,0,7,0,0,4,19,1,7,0,nan,nan,nan,nan,1.167,nan,nan,1,1,1,1.167,nan,nan,nan,nan,nan,-0.067,nan,nan,0,0,0,-0.067,nan,500,fresh
257489,0,0,0,0,0,0,7,0,0,4,19,1,7,0,nan,nan,nan,nan,1.167,nan,nan,1,1,1,1.167,nan,nan,nan,nan,nan,-0.067,nan,nan,0,0,0,-0.067,nan,500,fresh
258559,0,0,0,0,0,0,7,0,0,4,19,1,7,0,nan,nan,nan,nan,1.167,nan,nan,1,1,1,1.167,nan,nan,nan,nan,nan,-0.067,nan,nan,0,0,0,-0.067,nan,500,fresh
259627,0,0,0,0,0,0,7,0,0,4,19,1,7,0,nan,nan,nan,nan,1.167,nan,nan,1,1,1,1.167,nan,nan,nan,nan,nan,-0.067,nan,nan,0,0,0,-0.067,nan,500,fresh
260695,0,0,0,0,0,0,7,0,0,4,19,1,7,0,nan,nan,nan,nan,1.167,nan,nan,1,1,1,1.167,nan,nan,nan,nan,nan,-0.067,nan,nan,0,0,0,-0.067,nan,500,fresh
261765,0,0,0,0,0,0,7,0,0,4,19,1,7,0,nan,nan,nan,nan,1.167,nan,nan,1,1,1,1.167,nan,nan,nan,nan,nan,-0.067,nan,nan,0,0,0,-0.067,nan,500,fresh
262834,0,0,0,0,0,0,7,0,0,4,19,1,7,0,nan,nan,nan,nan,1.167,nan,nan,1,1,1,1.167,nan,nan,nan,nan,nan,-0.067,nan,nan,0,0,0,-0.067,nan,500,fresh
263904,0,0,0,0,0,0,7,0,0,4,19,1,7,0,nan,nan,nan,nan,1.167,nan,nan,1,1,1,1.167,nan,nan,nan,nan,nan,-0.067,nan,nan,0,0,0,-0.067,nan,500,fresh
264974,0,0,0,0,0,0,6,0,0,4,19,1,6,0,nan,nan,nan,nan,1,nan,nan,1,1,1,1,nan,nan,nan,nan,nan,0,nan,nan,0,0,0,0,nan,500,fresh
266042,0,0,0,0,0,0,7,0,0,4,19,1,7,0,nan,nan,nan,nan,1.167,nan,nan,1,1,1,1.167,nan,nan,nan,nan,nan,-0.067,nan,nan,0,0,0,-0.067,nan,500,fresh
267111,0,0,0,0,0,0,7,0,0,4,19,1,7,0,nan,nan,nan,nan,1.167,nan,nan,1,1,1,1.167,nan,nan,nan,nan,nan,-0.067,nan,nan,0,0,0,-0.067,nan,500,fresh
268181,0,0,0,0,0,0,7,0,0,4,19,1,7,0,nan,nan,nan,nan,1.167,nan,nan,1,1,1,1.167,nan,nan,nan,nan,nan,-0.067,nan,nan,0,0,0,-0.067,nan,500,fresh
269251,0,0,0,0,0,0,7,0,0,4,19,1,7,0,nan,nan,nan,nan,1.167,nan,nan,1,1,1,1.167,nan,nan,nan,nan,nan,-0.067,nan,nan,0,0,0,-0.067,nan,500,fresh
270321,0,0,0,0,0,0,6,0,0,4,19,1,7,0,nan,nan,nan,nan,1,nan,nan,1,1,1,1.167,nan,nan,nan,nan,nan,0,nan,nan,0,0,0,-0.067,nan,500,fresh
271390,0,0,0,0,0,0,7,0,0,4,19,1,7,0,nan,nan,nan,nan,1.167,nan,nan,1,1,1,1.167,nan,nan,nan,nan,nan,-0.067,nan,nan,0,0,0,-0.067,nan,500,fresh
272459,0,0,0,0,0,0,7,0,0,4,19,1,6,0,nan,nan,nan,nan,1.167,nan,nan,1,1,1,1,nan,nan,nan,nan,nan,-0.067,nan,nan,0,0,0,0,nan,500,fresh
273528,0,0,0,0,0,0,7,0,0,4,19,1,6,0,nan,nan,nan,nan,1.167,nan,nan,1,1,1,1,nan,nan,nan,nan,nan,-0.067,nan,nan,0,0,0,0,nan,500,fresh
274597,0,0,0,0,0,0,7,0,0,4,19,1,7,0,nan,nan,nan,nan,1.167,nan,nan,1,1,1,1.167,nan,nan,nan,nan,nan,-0.067,nan,nan,0,0,0,-0.067,nan,500,fresh
275667,0,0,0,0,0,0,7,0,0,4,19,1,7,0,nan,nan,nan,nan,1.167,nan,nan,1,1,1,1.167,nan,nan,nan,nan,nan,-0.067,nan,nan,0,0,0,-0.067,nan,500,fresh
276737,0,0,0,0,0,0,6,0,0,4,19,1,7,0,nan,nan,nan,nan,1,nan,nan,1,1,1,1.167,nan,nan,nan,nan,nan,0,nan,nan,0,0,0,-0.067,nan,500,fresh
277806,0,0,0,0,0,0,7,0,0,4,19,1,7,0,nan,nan,nan,nan,1.167,nan,nan,1,1,1,1.167,nan,nan,nan,nan,nan,-0.067,nan,nan,0,0,0,-0.067,nan,500,fresh
278875,0,0,0,0,0,0,6,0,0,4,19,1,6,0,nan,nan,nan,nan,1,nan,nan,1,1,1,1,nan,nan,nan,nan,nan,0,nan,nan,0,0,0,0,nan,500,fresh
279945,0,0,0,0,0,0,7,0,0,4,19,1,7,0,nan,nan,nan,nan,1.167,nan,nan,1,1,1,1.167,nan,nan,nan,nan,nan,-0.067,nan,nan,0,0,0,-0.067,nan,500,fresh
281015,0,0,0,0,0,0,6,0,0,4,19,1,7,0,nan,nan,nan,nan,1,nan,nan,1,1,1,1.167,nan,nan,nan,nan,nan,0,nan,nan,0,0,0,-0.067,nan,500,fresh
282084,0,0,0,0,0,0,7,0,0,4,19,1,7,0,nan,nan,nan,nan,1.167,nan,nan,1,1,1,1.167,nan,nan,nan,nan,nan,-0.067,nan,nan,0,0,0,-0.067,nan,500,fresh
283153,0,0,0,0,0,0,7,0,0,4,19,1,7,0,nan,nan,nan,nan,1.167,nan,nan,1,1,1,1.167,nan,nan,nan,nan,nan,-0.067,nan,nan,0,0,0,-0.067,nan,500,fresh
284222,0,0,0,0,0,0,6,0,0,4,19,1,7,0,nan,nan,nan,nan,1,nan,nan,1,1,1,1.167,nan,nan,nan,nan,nan,0,nan,nan,0,0,0,-0.067,nan,500,fresh
285292,0,0,0,0,0,0,7,0,0,4,19,1,7,0,nan,nan,nan,nan,1.167,nan,nan,1,1,1,1.167,nan,nan,nan,nan,nan,-0.067,nan,nan,0,0,0,-0.067,nan,500,fresh
286361,0,0,0,0,0,0,7,0,0,4,19,1,7,0,nan,nan,nan,nan,1.167,nan,nan,1,1,1,1.167,nan,nan,nan,nan,nan,-0.067,nan,nan,0,0,0,-0.067,nan,500,fresh
287430,0,0,0,0,0,0,7,0,0,4,19,1,7,0,nan,nan,nan,nan,1.167,nan,nan,1,1,1,1.167,nan,nan,nan,nan,nan,-0.067,nan,nan,0,0,0,-0.067,nan,500,fresh
288499,0,0,0,0,0,0,6,0,0,4,19,1,7,0,nan,nan,nan,nan,1,nan,nan,1,1,1,1.167,nan,nan,nan,nan,nan,0,nan,nan,0,0,0,-0.067,nan,500,fresh
289569,0,0,0,0,0,0,7,0,0,4,19,1,7,0,nan,nan,nan,nan,1.167,nan,nan,1,1,1,1.167,nan,nan,nan,nan,nan,-0.067,nan,nan,0,0,0,-0.067,nan,500,fresh
290639,0,0,0,0,0,0,7,0,0,4,19,1,7,0,nan,nan,nan,nan,1.167,nan,nan,1,1,1,1.167,nan,nan,nan,nan,nan,-0.067,nan,nan,0,0,0,-0.067,nan,500,fresh
291709,0,0,0,0,0,0,6,0,0,4,19,1,7,0,nan,nan,nan,nan,1,nan,nan,1,1,1,1.167,nan,nan,nan,nan,nan,0,nan,nan,0,0,0,-0.067,nan,500,fresh
292779,0,0,0,0,0,0,7,0,0,4,19,1,7,0,nan,nan,nan,nan,1.167,nan,nan,1,1,1,1.167,nan,nan,nan,nan,nan,-0.067,nan,nan,0,0,0,-0.067,nan,500,fresh
293848,0,0,0,0,0,0,7,0,0,4,19,1,7,0,nan,nan,nan,nan,1.167,nan,nan,1,1,1,1.167,nan,nan,nan,nan,nan,-0.067,nan,nan,0,0,0,-0.067,nan,500,fresh
294918,0,0,0,0,0,0,7,0,0,4,19,1,7,0,nan,nan,nan,nan,1.167,nan,nan,1,1,1,1.167,nan,nan,nan,nan,nan,-0.067,nan,nan,0,0,0,-0.067,nan,500,fresh
295987,0,0,0,0,0,0,6,0,0,4,19,1,7,0,nan,nan,nan,nan,1,nan,nan,1,1,1,1.167,nan,nan,nan,nan,nan,0,nan,nan,0,0,0,-0.067,nan,500,fresh
297057,0,0,0,0,0,0,7,0,0,4,19,1,6,0,nan,nan,nan,nan,1.167,nan,nan,1,1,1,1,nan,nan,nan,nan,nan,-0.067,nan,nan,0,0,0,0,nan,500,fresh
298126,0,0,0,0,0,0,7,0,0,4,19,1,6,0,nan,nan,nan,nan,1.167,nan,nan,1,1,1,1,nan,nan,nan,nan,nan,-0.067,nan,nan,0,0,0,0,nan,500,fresh
299195,0,0,0,0,0,0,7,0,0,4,19,1,7,0,nan,nan,nan,nan,1.167,nan,nan,1,1,1,1.167,nan,nan,nan,nan,nan,-0.067,nan,nan,0,0,0,-0.067,nan,500,fresh
300265,0,0,0,0,0,0,7,0,0,4,19,1,6,0,nan,nan,nan,nan,1.167,nan,nan,1,1,1,1,nan,nan,nan,nan,nan,-0.067,nan,nan,0,0,0,0,nan,500,fresh
301335,0,0,0,0,0,0,7,0,0,4,19,1,7,0,nan,nan,nan,nan,1.167,nan,nan,1,1,1,1.167,nan,nan,nan,nan,nan,-0.067,nan,nan,0,0,0,-0.067,nan,500,fresh
302405,0,0,0,0,0,0,7,0,0,4,19,1,7,0,nan,nan,nan,nan,1.167,nan,nan,1,1,1,1.167,nan,nan,nan,nan,nan,-0.067,nan,nan,0,0,0,-0.067,nan,500,fresh
303475,0,0,0,0,0,0,7,0,0,4,19,1,7,0,nan,nan,nan,nan,1.167,nan,nan,1,1,1,1.167,nan,nan,nan,nan,nan,-0.067,nan,nan,0,0,0,-0.067,nan,500,fresh
304544,0,0,0,0,0,0,6,0,0,4,19,1,7,0,nan,nan,nan,nan,1,nan,nan,1,1,1,1.167,nan,nan,nan,nan,nan,0,nan,nan,0,0,0,-0.067,nan,500,fresh
305613,0,0,0,0,0,0,6,0,0,4,19,1,7,0,nan,nan,nan,nan,1,nan,nan,1,1,1,1.167,nan,nan,nan,nan,nan,0,nan,nan,0,0,0,-0.067,nan,500,fresh
306683,0,0,0,0,0,0,7,0,0,4,19,1,7,0,nan,nan,nan,nan,1.167,nan,nan,1,1,1,1.167,nan,nan,nan,nan,nan,-0.067,nan,nan,0,0,0,-0.067,nan,500,fresh
307752,0,0,0,0,0,0,7,0,0,3,19,1,7,0,nan,nan,nan,nan,1.167,nan,nan,0.75,1,1,1.167,nan,nan,nan,nan,nan,-0.067,nan,nan,0.125,0,0,-0.067,nan,500,fresh
308821,0,0,0,0,0,0,7,0,0,4,19,1,7,0,nan,nan,nan,nan,1.167,nan,nan,1,1,1,1.167,nan,nan,nan,nan,nan,-0.067,nan,nan,0,0,0,-0.067,nan,500,fresh
309891,0,0,0,0,0,0,7,0,0,4,19,1,6,0,nan,nan,nan,nan,1.167,nan,nan,1,1,1,1,nan,nan,nan,nan,nan,-0.067,nan,nan,0,0,0,0,nan,500,fresh
310960,0,0,0,0,0,0,7,0,0,4,19,1,7,0,nan,nan,nan,nan,1.167,nan,nan,1,1,1,1.167,nan,nan,nan,nan,nan,-0.067,nan,nan,0,0,0,-0.067,nan,500,fresh
312029,0,0,0,0,0,0,7,0,0,4,19,1,6,0,nan,nan,nan,nan,1.167,nan,nan,1,1,1,1,nan,nan,nan,nan,nan,-0.067,nan,nan,0,0,0,0,nan,500,fresh
313098,0,0,0,0,0,0,7,0,0,4,19,1,7,0,nan,nan,nan,nan,1.167,nan,nan,1,1,1,1.167,nan,nan,nan,nan,nan,-0.067,nan,nan,0,0,0,-0.067,nan,500,fresh
323795,0,0,0,0,0,0,7,0,0,4,19,1,7,0,nan,nan,nan,nan,1.167,nan,nan,1,1,1,1.167,nan,nan,nan,nan,nan,-0.067,nan,nan,0,0,0,-0.067,nan,500,fresh
324865,0,0,0,0,0,0,7,0,0,4,19,1,7,0,nan,nan,nan,nan,1.167,nan,nan,1,1,1,1.167,nan,nan,nan,nan,nan,-0.067,nan,nan,0,0,0,-0.067,nan,500,fresh
325934,0,0,0,0,0,0,7,0,0,4,19,1,7,0,nan,nan,nan,nan,1.167,nan,nan,1,1,1,1.167,nan,nan,nan,nan,nan,-0.067,nan,nan,0,0,0,-0.067,nan,500,fresh
327004,0,0,0,0,0,0,7,0,0,4,19,1,7,0,nan,nan,nan,nan,1.167,nan,nan,1,1,1,1.167,nan,nan,nan,nan,nan,-0.067,nan,nan,0,0,0,-0.067,nan,500,fresh
347322,0,0,0,0,0,0,7,0,0,4,20,1,7,0,nan,nan,nan,nan,1.167,nan,nan,1,1.053,1,1.167,nan,nan,nan,nan,nan,-0.067,nan,nan,0,-0.022,0,-0.067,nan,500,fresh
348392,0,0,0,0,0,0,7,0,0,4,20,1,7,0,nan,nan,nan,nan,1.167,nan,nan,1,1.053,1,1.167,nan,nan,nan,nan,nan,-0.067,nan,nan,0,-0.022,0,-0.067,nan,500,fresh
349461,0,0,0,0,0,0,7,0,0,4,19,1,7,0,nan,nan,nan,nan,1.167,nan,nan,1,1,1,1.167,nan,nan,nan,nan,nan,-0.067,nan,nan,0,0,0,-0.067,nan,500,fresh
350530,0,0,0,0,0,0,7,0,0,4,20,1,7,0,nan,nan,nan,nan,1.167,nan,nan,1,1.053,1,1.167,nan,nan,nan,nan,nan,-0.067,nan,nan,0,-0.022,0,-0.067,nan,500,fresh
351600,0,0,0,0,0,0,7,0,0,4,20,1,7,0,nan,nan,nan,nan,1.167,nan,nan,1,1.053,1,1.167,nan,nan,nan,nan,nan,-0.067,nan,nan,0,-0.022,0,-0.067,nan,500,fresh
352669,0,0,0,0,0,0,7,0,0,4,20,1,7,0,nan,nan,nan,nan,1.167,nan,nan,1,1.053,1,1.167,nan,nan,nan,nan,nan,-0.067,nan,nan,0,-0.022,0,-0.067,nan,500,fresh
353738,0,0,0,0,0,0,7,0,0,4,20,1,7,0,nan,nan,nan,nan,1.167,nan,nan,1,1.053,1,1.167,nan,nan,nan,nan,nan,-0.067,nan,nan,0,-0.022,0,-0.067,nan,500,fresh
354807,0,0,0,0,0,0,7,0,0,4,20,1,7,0,nan,nan,nan,nan,1.167,nan,nan,1,1.053,1,1.167,nan,nan,nan,nan,nan,-0.067,nan,nan,0,-0.022,0,-0.067,nan,500,fresh
355876,0,0,0,0,0,0,7,0,0,4,20,1,7,0,nan,nan,nan,nan,1.167,nan,nan,1,1.053,1,1.167,nan,nan,nan,nan,nan,-0.067,nan,nan,0,-0.022,0,-0.067,nan,500,fresh
356945,0,0,0,0,0,0,7,0,0,4,20,1,7,0,nan,nan,nan,nan,1.167,nan,nan,1,1.053,1,1.167,nan,nan,nan,nan,nan,-0.067,nan,nan,0,-0.022,0,-0.067,nan,500,fresh
358014,0,0,0,0,0,0,7,0,0,4,20,1,7,0,nan,nan,nan,nan,1.167,nan,nan,1,1.053,1,1.167,nan,nan,nan,nan,nan,-0.067,nan,nan,0,-0.022,0,-0.067,nan,500,fresh
359084,0,0,0,0,0,0,7,0,0,4,20,1,7,0,nan,nan,nan,nan,1.167,nan,nan,1,1.053,1,1.167,nan,nan,nan,nan,nan,-0.067,nan,nan,0,-0.022,0,-0.067,nan,500,fresh
360154,0,0,0,0,0,0,7,0,0,4,20,1,7,0,nan,nan,nan,nan,1.167,nan,nan,1,1.053,1,1.167,nan,nan,nan,nan,nan,-0.067,nan,nan,0,-0.022,0,-0.067,nan,500,fresh
361224,0,0,0,0,0,0,7,0,0,4,20,1,7,0,nan,nan,nan,nan,1.167,nan,nan,1,1.053,1,1.167,nan,nan,nan,nan,nan,-0.067,nan,nan,0,-0.022,0,-0.067,nan,500,fresh
362294,0,0,0,0,0,0,7,0,0,4,19,1,7,0,nan,nan,nan,nan,1.167,nan,nan,1,1,1,1.167,nan,nan,nan,nan,nan,-0.067,nan,nan,0,0,0,-0.067,nan,500,fresh
363364,0,0,0,0,0,0,7,0,0,4,20,1,7,0,nan,nan,nan,nan,1.167,nan,nan,1,1.053,1,1.167,nan,nan,nan,nan,nan,-0.067,nan,nan,0,-0.022,0,-0.067,nan,500,fresh
364434,0,0,0,0,0,0,7,0,0,4,20,1,7,0,nan,nan,nan,nan,1.167,nan,nan,1,1.053,1,1.167,nan,nan,nan,nan,nan,-0.067,nan,nan,0,-0.022,0,-0.067,nan,500,fresh
365504,0,0,0,0,0,0,7,0,0,4,20,1,7,0,nan,nan,nan,nan,1.167,nan,nan,1,1.053,1,1.167,nan,nan,nan,nan,nan,-0.067,nan,nan,0,-0.022,0,-0.067,nan,500,fresh
366574,0,0,0,0,0,0,7,0,0,4,20,1,7,0,nan,nan,nan,nan,1.167,nan,nan,1,1.053,1,1.167,nan,nan,nan,nan,nan,-0.067,nan,nan,0,-0.022,0,-0.067,nan,500,fresh
367643,0,0,0,0,0,0,7,0,0,4,20,1,7,0,nan,nan,nan,nan,1.167,nan,nan,1,1.053,1,1.167,nan,nan,nan,nan,nan,-0.067,nan,nan,0,-0.022,0,-0.067,nan,500,fresh
368713,0,0,0,0,0,0,7,0,0,4,20,1,7,0,nan,nan,nan,nan,1.167,nan,nan,1,1.053,1,1.167,nan,nan,nan,nan,nan,-0.067,nan,nan,0,-0.022,0,-0.067,nan,500,fresh
369783,0,0,0,0,0,0,7,0,0,4,20,1,7,0,nan,nan,nan,nan,1.167,nan,nan,1,1.053,1,1.167,nan,nan,nan,nan,nan,-0.067,nan,nan,0,-0.022,0,-0.067,nan,500,fresh
370852,0,0,0,0,0,0,7,0,0,4,20,1,7,0,nan,nan,nan,nan,1.167,nan,nan,1,1.053,1,1.167,nan,nan,nan,nan,nan,-0.067,nan,nan,0,-0.022,0,-0.067,nan,500,fresh
371922,0,0,0,0,0,0,7,0,0,4,20,1,7,0,nan,nan,nan,nan,1.167,nan,nan,1,1.053,1,1.167,nan,nan,nan,nan,nan,-0.067,nan,nan,0,-0.022,0,-0.067,nan,500,fresh
372991,0,0,0,0,0,0,7,0,0,4,20,1,7,0,nan,nan,nan,nan,1.167,nan,nan,1,1.053,1,1.167,nan,nan,nan,nan,nan,-0.067,nan,nan,0,-0.022,0,-0.067,nan,500,fresh
374059,0,0,0,0,0,0,7,0,0,4,19,1,7,0,nan,nan,nan,nan,1.167,nan,nan,1,1,1,1.167,nan,nan,nan,nan,nan,-0.067,nan,nan,0,0,0,-0.067,nan,500,fresh
375127,0,0,0,0,0,0,7,0,0,4,20,1,7,0,nan,nan,nan,nan,1.167,nan,nan,1,1.053,1,1.167,nan,nan,nan,nan,nan,-0.067,nan,nan,0,-0.022,0,-0.067,nan,500,fresh
376197,0,0,0,0,0,0,7,0,0,4,20,1,7,0,nan,nan,nan,nan,1.167,nan,nan,1,1.053,1,1.167,nan,nan,nan,nan,nan,-0.067,nan,nan,0,-0.022,0,-0.067,nan,500,fresh
377265,0,0,0,0,0,0,7,0,0,4,19,1,7,0,nan,nan,nan,nan,1.167,nan,nan,1,1,1,1.167,nan,nan,nan,nan,nan,-0.067,nan,nan,0,0,0,-0.067,nan,500,fresh
378333,0,0,0,0,0,0,7,0,0,4,20,1,7,0,nan,nan,nan,nan,1.167,nan,nan,1,1.053,1,1.167,nan,nan,nan,nan,nan,-0.067,nan,nan,0,-0.022,0,-0.067,nan,500,fresh
379403,0,0,0,0,0,0,7,0,0,4,20,1,7,0,nan,nan,nan,nan,1.167,nan,nan,1,1.053,1,1.167,nan,nan,nan,nan,nan,-0.067,nan,nan,0,-0.022,0,-0.067,nan,500,fresh
380473,0,0,0,0,0,0,7,0,0,4,20,1,7,0,nan,nan,nan,nan,1.167,nan,nan,1,1.053,1,1.167,nan,nan,nan,nan,nan,-0.067,nan,nan,0,-0.022,0,-0.067,nan,500,fresh
381542,0,0,0,0,0,0,7,0,0,4,20,1,7,0,nan,nan,nan,nan,1.167,nan,nan,1,1.053,1,1.167,nan,nan,nan,nan,nan,-0.067,nan,nan,0,-0.022,0,-0.067,nan,500,fresh
382612,0,0,0,0,0,0,7,0,0,4,20,1,7,0,nan,nan,nan,nan,1.167,nan,nan,1,1.053,1,1.167,nan,nan,nan,nan,nan,-0.067,nan,nan,0,-0.022,0,-0.067,nan,500,fresh
383681,0,0,0,0,0,0,7,0,0,4,19,1,7,0,nan,nan,nan,nan,1.167,nan,nan,1,1,1,1.167,nan,nan,nan,nan,nan,-0.067,nan,nan,0,0,0,-0.067,nan,500,fresh
384750,0,0,0,0,0,0,7,0,0,4,20,1,7,0,nan,nan,nan,nan,1.167,nan,nan,1,1.053,1,1.167,nan,nan,nan,nan,nan,-0.067,nan,nan,0,-0.022,0,-0.067,nan,500,fresh
385819,0,0,0,0,0,0,7,0,0,4,20,1,7,0,nan,nan,nan,nan,1.167,nan,nan,1,1.053,1,1.167,nan,nan,nan,nan,nan,-0.067,nan,nan,0,-0.022,0,-0.067,nan,500,fresh
386889,0,0,0,0,0,0,6,0,0,4,19,1,7,0,nan,nan,nan,nan,1,nan,nan,1,1,1,1.167,nan,nan,nan,nan,nan,0,nan,nan,0,0,0,-0.067,nan,500,fresh
387957,0,0,0,0,0,0,7,0,0,4,20,1,7,0,nan,nan,nan,nan,1.167,nan,nan,1,1.053,1,1.167,nan,nan,nan,nan,nan,-0.067,nan,nan,0,-0.022,0,-0.067,nan,500,fresh
389027,0,0,0,0,0,0,7,0,0,4,20,1,7,0,nan,nan,nan,nan,1.167,nan,nan,1,1.053,1,1.167,nan,nan,nan,nan,nan,-0.067,nan,nan,0,-0.022,0,-0.067,nan,500,fresh
390096,0,0,0,0,0,0,7,0,0,4,20,1,7,0,nan,nan,nan,nan,1.167,nan,nan,1,1.053,1,1.167,nan,nan,nan,nan,nan,-0.067,nan,nan,0,-0.022,0,-0.067,nan,500,fresh
391165,0,0,0,0,0,0,7,0,0,4,20,1,7,0,nan,nan,nan,nan,1.167,nan,nan,1,1.053,1,1.167,nan,nan,nan,nan,nan,-0.067,nan,nan,0,-0.022,0,-0.067,nan,500,fresh
392235,0,0,0,0,0,0,7,0,0,4,19,1,7,0,nan,nan,nan,nan,1.167,nan,nan,1,1,1,1.167,nan,nan,nan,nan,nan,-0.067,nan,nan,0,0,0,-0.067,nan,500,fresh
393304,0,0,0,0,0,0,7,0,0,4,19,1,7,0,nan,nan,nan,nan,1.167,nan,nan,1,1,1,1.167,nan,nan,nan,nan,nan,-0.067,nan,nan,0,0,0,-0.067,nan,500,fresh
394373,0,0,0,0,0,0,7,0,0,4,19,1,7,0,nan,nan,nan,nan,1.167,nan,nan,1,1,1,1.167,nan,nan,nan,nan,nan,-0.067,nan,nan,0,0,0,-0.067,nan,500,fresh
395443,0,0,0,0,0,0,7,0,0,4,19,1,7,0,nan,nan,nan,nan,1.167,nan,nan,1,1,1,1.167,nan,nan,nan,nan,nan,-0.067,nan,nan,0,0,0,-0.067,nan,500,fresh
396513,0,0,0,0,0,0,7,0,0,4,19,1,7,0,nan,nan,nan,nan,1.167,nan,nan,1,1,1,1.167,nan,nan,nan,nan,nan,-0.067,nan,nan,0,0,0,-0.067,nan,500,fresh
397582,0,0,0,0,0,0,7,0,0,4,20,1,7,0,nan,nan,nan,nan,1.167,nan,nan,1,1.053,1,1.167,nan,nan,nan,nan,nan,-0.067,nan,nan,0,-0.022,0,-0.067,nan,500,fresh
398651,0,0,0,0,0,0,7,0,0,4,19,1,7,0,nan,nan,nan,nan,1.167,nan,nan,1,1,1,1.167,nan,nan,nan,nan,nan,-0.067,nan,nan,0,0,0,-0.067,nan,500,fresh
399720,0,0,0,0,0,0,7,0,0,4,20,1,7,0,nan,nan,nan,nan,1.167,nan,nan,1,1.053,1,1.167,nan,nan,nan,nan,nan,-0.067,nan,nan,0,-0.022,0,-0.067,nan,500,fresh
400789,0,0,0,0,0,0,7,0,0,4,20,1,7,0,nan,nan,nan,nan,1.167,nan,nan,1,1.053,1,1.167,nan,nan,nan,nan,nan,-0.067,nan,nan,0,-0.022,0,-0.067,nan,500,fresh
401859,0,0,0,0,0,0,7,0,0,4,19,1,7,0,nan,nan,nan,nan,1.167,nan,nan,1,1,1,1.167,nan,nan,nan,nan,nan,-0.067,nan,nan,0,0,0,-0.067,nan,500,fresh
402928,0,0,0,0,0,0,7,0,0,4,20,1,7,0,nan,nan,nan,nan,1.167,nan,nan,1,1.053,1,1.167,nan,nan,nan,nan,nan,-0.067,nan,nan,0,-0.022,0,-0.067,nan,500,fresh
403997,0,0,0,0,0,0,7,0,0,4,19,1,7,0,nan,nan,nan,nan,1.167,nan,nan,1,1,1,1.167,nan,nan,nan,nan,nan,-0.067,nan,nan,0,0,0,-0.067,nan,500,fresh
405067,0,0,0,0,0,0,7,0,0,4,19,1,7,0,nan,nan,nan,nan,1.167,nan,nan,1,1,1,1.167,nan,nan,nan,nan,nan,-0.067,nan,nan,0,0,0,-0.067,nan,500,fresh
406136,0,0,0,0,0,0,6,0,0,4,19,1,7,0,nan,nan,nan,nan,1,nan,nan,1,1,1,1.167,nan,nan,nan,nan,nan,0,nan,nan,0,0,0,-0.067,nan,500,fresh
407206,0,0,0,0,0,0,7,0,0,4,19,1,7,0,nan,nan,nan,nan,1.167,nan,nan,1,1,1,1.167,nan,nan,nan,nan,nan,-0.067,nan,nan,0,0,0,-0.067,nan,500,fresh
408276,0,0,0,0,0,0,7,0,0,4,19,1,7,0,nan,nan,nan,nan,1.167,nan,nan,1,1,1,1.167,nan,nan,nan,nan,nan,-0.067,nan,nan,0,0,0,-0.067,nan,500,fresh
409345,0,0,0,0,0,0,7,0,0,4,19,1,7,0,nan,nan,nan,nan,1.167,nan,nan,1,1,1,1.167,nan,nan,nan,nan,nan,-0.067,nan,nan,0,0,0,-0.067,nan,500,fresh
410415,0,0,0,0,0,0,7,0,0,4,19,1,7,0,nan,nan,nan,nan,1.167,nan,nan,1,1,1,1.167,nan,nan,nan,nan,nan,-0.067,nan,nan,0,0,0,-0.067,nan,500,fresh
411485,0,0,0,0,0,0,7,0,0,4,19,1,7,0,nan,nan,nan,nan,1.167,nan,nan,1,1,1,1.167,nan,nan,nan,nan,nan,-0.067,nan,nan,0,0,0,-0.067,nan,500,fresh
412555,0,0,0,0,0,0,7,0,0,4,19,1,7,0,nan,nan,nan,nan,1.167,nan,nan,1,1,1,1.167,nan,nan,nan,nan,nan,-0.067,nan,nan,0,0,0,-0.067,nan,500,fresh
413625,0,0,0,0,0,0,7,0,0,4,19,1,7,0,nan,nan,nan,nan,1.167,nan,nan,1,1,1,1.167,nan,nan,nan,nan,nan,-0.067,nan,nan,0,0,0,-0.067,nan,500,fresh
414694,0,0,0,0,0,0,7,0,0,4,19,1,7,0,nan,nan,nan,nan,1.167,nan,nan,1,1,1,1.167,nan,nan,nan,nan,nan,-0.067,nan,nan,0,0,0,-0.067,nan,500,fresh
415763,0,0,0,0,0,0,7,0,0,4,19,1,7,0,nan,nan,nan,nan,1.167,nan,nan,1,1,1,1.167,nan,nan,nan,nan,nan,-0.067,nan,nan,0,0,0,-0.067,nan,500,fresh
416832,0,0,0,0,0,0,7,0,0,4,19,1,7,0,nan,nan,nan,nan,1.167,nan,nan,1,1,1,1.167,nan,nan,nan,nan,nan,-0.067,nan,nan,0,0,0,-0.067,nan,500,fresh
417901,0,0,0,0,0,0,7,0,0,4,19,1,7,0,nan,nan,nan,nan,1.167,nan,nan,1,1,1,1.167,nan,nan,nan,nan,nan,-0.067,nan,nan,0,0,0,-0.067,nan,500,fresh
418971,0,0,0,0,0,0,7,0,0,4,19,1,7,0,nan,nan,nan,nan,1.167,nan,nan,1,1,1,1.167,nan,nan,nan,nan,nan,-0.067,nan,nan,0,0,0,-0.067,nan,500,fresh
420041,0,0,0,0,0,0,7,0,0,4,19,1,7,0,nan,nan,nan,nan,1.167,nan,nan,1,1,1,1.167,nan,nan,nan,nan,nan,-0.067,nan,nan,0,0,0,-0.067,nan,500,fresh
421111,0,0,0,0,0,0,7,0,0,4,19,1,7,0,nan,nan,nan,nan,1.167,nan,nan,1,1,1,1.167,nan,nan,nan,nan,nan,-0.067,nan,nan,0,0,0,-0.067,nan,500,fresh
422181,0,0,0,0,0,0,7,0,0,4,20,1,7,0,nan,nan,nan,nan,1.167,nan,nan,1,1.053,1,1.167,nan,nan,nan,nan,nan,-0.067,nan,nan,0,-0.022,0,-0.067,nan,500,fresh
423250,0,0,0,0,0,0,7,0,0,4,19,1,7,0,nan,nan,nan,nan,1.167,nan,nan,1,1,1,1.167,nan,nan,nan,nan,nan,-0.067,nan,nan,0,0,0,-0.067,nan,500,fresh
424319,0,0,0,0,0,0,7,0,0,4,19,1,7,0,nan,nan,nan,nan,1.167,nan,nan,1,1,1,1.167,nan,nan,nan,nan,nan,-0.067,nan,nan,0,0,0,-0.067,nan,500,fresh
425389,0,0,0,0,0,0,7,0,0,4,19,1,7,0,nan,nan,nan,nan,1.167,nan,nan,1,1,1,1.167,nan,nan,nan,nan,nan,-0.067,nan,nan,0,0,0,-0.067,nan,500,fresh
426457,0,0,0,0,0,0,7,0,0,4,20,1,7,0,nan,nan,nan,nan,1.167,nan,nan,1,1.053,1,1.167,nan,nan,nan,nan,nan,-0.067,nan,nan,0,-0.022,0,-0.067,nan,500,fresh
427527,0,0,0,0,0,0,7,0,0,4,19,1,7,0,nan,nan,nan,nan,1.167,nan,nan,1,1,1,1.167,nan,nan,nan,nan,nan,-0.067,nan,nan,0,0,0,-0.067,nan,500,fresh
428597,0,0,0,0,0,0,7,0,0,4,19,1,7,0,nan,nan,nan,nan,1.167,nan,nan,1,1,1,1.167,nan,nan,nan,nan,nan,-0.067,nan,nan,0,0,0,-0.067,nan,500,fresh
429666,0,0,0,0,0,0,7,0,0,4,19,1,7,0,nan,nan,nan,nan,1.167,nan,nan,1,1,1,1.167,nan,nan,nan,nan,nan,-0.067,nan,nan,0,0,0,-0.067,nan,500,fresh
430736,0,0,0,0,0,0,7,0,0,4,19,1,7,0,nan,nan,nan,nan,1.167,nan,nan,1,1,1,1.167,nan,nan,nan,nan,nan,-0.067,nan,nan,0,0,0,-0.067,nan,500,fresh
431806,0,0,0,0,0,0,7,0,0,4,19,1,7,0,nan,nan,nan,nan,1.167,nan,nan,1,1,1,1.167,nan,nan,nan,nan,nan,-0.067,nan,nan,0,0,0,-0.067,nan,500,fresh
432875,0,0,0,0,0,0,7,0,0,4,19,1,7,0,nan,nan,nan,nan,1.167,nan,nan,1,1,1,1.167,nan,nan,nan,nan,nan,-0.067,nan,nan,0,0,0,-0.067,nan,500,fresh
433945,0,0,0,0,0,0,7,0,0,4,19,1,7,0,nan,nan,nan,nan,1.167,nan,nan,1,1,1,1.167,nan,nan,nan,nan,nan,-0.067,nan,nan,0,0,0,-0.067,nan,500,fresh
435015,0,0,0,0,0,0,7,0,0,4,19,1,7,0,nan,nan,nan,nan,1.167,nan,nan,1,1,1,1.167,nan,nan,nan,nan,nan,-0.067,nan,nan,0,0,0,-0.067,nan,500,fresh
436085,0,0,0,0,0,0,7,0,0,4,19,1,7,0,nan,nan,nan,nan,1.167,nan,nan,1,1,1,1.167,nan,nan,nan,nan,nan,-0.067,nan,nan,0,0,0,-0.067,nan,500,fresh
437154,0,0,0,0,0,0,7,0,0,4,19,1,7,0,nan,nan,nan,nan,1.167,nan,nan,1,1,1,1.167,nan,nan,nan,nan,nan,-0.067,nan,nan,0,0,0,-0.067,nan,500,fresh
438224,0,0,0,0,0,0,7,0,0,4,19,1,7,0,nan,nan,nan,nan,1.167,nan,nan,1,1,1,1.167,nan,nan,nan,nan,nan,-0.067,nan,nan,0,0,0,-0.067,nan,500,fresh
50008,0,0,0,0,0,0,7,0,0,4,19,1,7,0,nan,nan,nan,nan,1.167,nan,nan,1,1,1,1.167,nan,nan,nan,nan,nan,-0.067,nan,nan,0,0,0,-0.067,nan,500,fresh
51077,0,0,0,0,0,0,6,0,0,4,19,1,7,0,nan,nan,nan,nan,1,nan,nan,1,1,1,1.167,nan,nan,nan,nan,nan,0,nan,nan,0,0,0,-0.067,nan,500,fresh
52146,0,0,0,0,0,0,7,0,0,4,19,1,7,0,nan,nan,nan,nan,1.167,nan,nan,1,1,1,1.167,nan,nan,nan,nan,nan,-0.067,nan,nan,0,0,0,-0.067,nan,500,fresh
53216,0,0,0,0,0,0,7,0,0,4,19,1,6,0,nan,nan,nan,nan,1.167,nan,nan,1,1,1,1,nan,nan,nan,nan,nan,-0.067,nan,nan,0,0,0,0,nan,500,fresh
54285,0,0,0,0,0,0,7,0,0,4,19,1,7,0,nan,nan,nan,nan,1.167,nan,nan,1,1,1,1.167,nan,nan,nan,nan,nan,-0.067,nan,nan,0,0,0,-0.067,nan,500,fresh
55355,0,0,0,0,0,0,7,0,0,4,19,1,6,0,nan,nan,nan,nan,1.167,nan,nan,1,1,1,1,nan,nan,nan,nan,nan,-0.067,nan,nan,0,0,0,0,nan,500,fresh
56425,0,0,0,0,0,0,7,0,0,4,19,1,7,0,nan,nan,nan,nan,1.167,nan,nan,1,1,1,1.167,nan,nan,nan,nan,nan,-0.067,nan,nan,0,0,0,-0.067,nan,500,fresh
57495,0,0,0,0,0,0,7,0,0,4,19,1,7,0,nan,nan,nan,nan,1.167,nan,nan,1,1,1,1.167,nan,nan,nan,nan,nan,-0.067,nan,nan,0,0,0,-0.067,nan,500,fresh
58564,0,0,0,0,0,0,7,0,0,4,19,1,7,0,nan,nan,nan,nan,1.167,nan,nan,1,1,1,1.167,nan,nan,nan,nan,nan,-0.067,nan,nan,0,0,0,-0.067,nan,500,fresh
59634,0,0,0,0,0,0,7,0,0,4,19,1,7,0,nan,nan,nan,nan,1.167,nan,nan,1,1,1,1.167,nan,nan,nan,nan,nan,-0.067,nan,nan,0,0,0,-0.067,nan,500,fresh
60704,0,0,0,0,0,0,7,0,0,4,19,1,7,0,nan,nan,nan,nan,1.167,nan,nan,1,1,1,1.167,nan,nan,nan,nan,nan,-0.067,nan,nan,0,0,0,-0.067,nan,500,fresh
61774,0,0,0,0,0,0,7,0,0,4,19,1,7,0,nan,nan,nan,nan,1.167,nan,nan,1,1,1,1.167,nan,nan,nan,nan,nan,-0.067,nan,nan,0,0,0,-0.067,nan,500,fresh
62844,0,0,0,0,0,0,6,0,0,4,19,1,7,0,nan,nan,nan,nan,1,nan,nan,1,1,1,1.167,nan,nan,nan,nan,nan,0,nan,nan,0,0,0,-0.067,nan,500,fresh
63913,0,0,0,0,0,0,7,0,0,4,19,1,7,0,nan,nan,nan,nan,1.167,nan,nan,1,1,1,1.167,nan,nan,nan,nan,nan,-0.067,nan,nan,0,0,0,-0.067,nan,500,fresh
64983,0,0,0,0,0,0,7,0,0,4,19,1,7,0,nan,nan,nan,nan,1.167,nan,nan,1,1,1,1.167,nan,nan,nan,nan,nan,-0.067,nan,nan,0,0,0,-0.067,nan,500,fresh
66053,0,0,0,0,0,0,7,0,0,4,19,1,7,0,nan,nan,nan,nan,1.167,nan,nan,1,1,1,1.167,nan,nan,nan,nan,nan,-0.067,nan,nan,0,0,0,-0.067,nan,500,fresh
67123,0,0,0,0,0,0,7,0,0,4,19,1,7,0,nan,nan,nan,nan,1.167,nan,nan,1,1,1,1.167,nan,nan,nan,nan,nan,-0.067,nan,nan,0,0,0,-0.067,nan,500,fresh
68193,0,0,0,0,0,0,7,0,0,4,19,1,7,0,nan,nan,nan,nan,1.167,nan,nan,1,1,1,1.167,nan,nan,nan,nan,nan,-0.067,nan,nan,0,0,0,-0.067,nan,500,fresh
69263,0,0,0,0,0,0,7,0,0,4,19,1,7,0,nan,nan,nan,nan,1.167,nan,nan,1,1,1,1.167,nan,nan,nan,nan,nan,-0.067,nan,nan,0,0,0,-0.067,nan,500,fresh
70333,0,0,0,0,0,0,7,0,0,4,19,1,7,0,nan,nan,nan,nan,1.167,nan,nan,1,1,1,1.167,nan,nan,nan,nan,nan,-0.067,nan,nan,0,0,0,-0.067,nan,500,fresh
71403,0,0,0,0,0,0,7,0,0,4,19,1,7,0,nan,nan,nan,nan,1.167,nan,nan,1,1,1,1.167,nan,nan,nan,nan,nan,-0.067,nan,nan,0,0,0,-0.067,nan,500,fresh
72473,0,0,0,0,0,0,6,0,0,4,19,1,7,0,nan,nan,nan,nan,1,nan,nan,1,1,1,1.167,nan,nan,nan,nan,nan,0,nan,nan,0,0,0,-0.067,nan,500,fresh
73542,0,0,0,0,0,0,7,0,0,4,19,1,6,0,nan,nan,nan,nan,1.167,nan,nan,1,1,1,1,nan,nan,nan,nan,nan,-0.067,nan,nan,0,0,0,0,nan,500,fresh
74611,0,0,0,0,0,0,7,0,0,4,19,1,7,0,nan,nan,nan,nan,1.167,nan,nan,1,1,1,1.167,nan,nan,nan,nan,nan,-0.067,nan,nan,0,0,0,-0.067,nan,500,fresh
75681,0,0,0,0,0,0,7,0,0,4,19,1,7,0,nan,nan,nan,nan,1.167,nan,nan,1,1,1,1.167,nan,nan,nan,nan,nan,-0.067,nan,nan,0,0,0,-0.067,nan,500,fresh
76751,0,0,0,0,0,0,7,0,0,4,19,1,7,0,nan,nan,nan,nan,1.167,nan,nan,1,1,1,1.167,nan,nan,nan,nan,nan,-0.067,nan,nan,0,0,0,-0.067,nan,500,fresh
77821,0,0,0,0,0,0,7,0,0,4,19,1,7,0,nan,nan,nan,nan,1.167,nan,nan,1,1,1,1.167,nan,nan,nan,nan,nan,-0.067,nan,nan,0,0,0,-0.067,nan,500,fresh
78891,0,0,0,0,0,0,7,0,0,4,19,1,7,0,nan,nan,nan,nan,1.167,nan,nan,1,1,1,1.167,nan,nan,nan,nan,nan,-0.067,nan,nan,0,0,0,-0.067,nan,500,fresh
79960,0,0,0,0,0,0,7,0,0,4,19,1,6,0,nan,nan,nan,nan,1.167,nan,nan,1,1,1,1,nan,nan,nan,nan,nan,-0.067,nan,nan,0,0,0,0,nan,500,fresh
81030,0,0,0,0,0,0,6,0,0,4,19,1,7,0,nan,nan,nan,nan,1,nan,nan,1,1,1,1.167,nan,nan,nan,nan,nan,0,nan,nan,0,0,0,-0.067,nan,500,fresh
82099,0,0,0,0,0,0,7,0,0,4,19,1,7,0,nan,nan,nan,nan,1.167,nan,nan,1,1,1,1.167,nan,nan,nan,nan,nan,-0.067,nan,nan,0,0,0,-0.067,nan,500,fresh
83168,0,0,0,0,0,0,7,0,0,4,19,1,7,0,nan,nan,nan,nan,1.167,nan,nan,1,1,1,1.167,nan,nan,nan,nan,nan,-0.067,nan,nan,0,0,0,-0.067,nan,500,fresh
84238,0,0,0,0,0,0,7,0,0,4,19,1,6,0,nan,nan,nan,nan,1.167,nan,nan,1,1,1,1,nan,nan,nan,nan,nan,-0.067,nan,nan,0,0,0,0,nan,500,fresh
85308,0,0,0,0,0,0,7,0,0,4,19,1,7,0,nan,nan,nan,nan,1.167,nan,nan,1,1,1,1.167,nan,nan,nan,nan,nan,-0.067,nan,nan,0,0,0,-0.067,nan,500,fresh
86377,0,0,0,0,0,0,7,0,0,4,19,1,7,0,nan,nan,nan,nan,1.167,nan,nan,1,1,1,1.167,nan,nan,nan,nan,nan,-0.067,nan,nan,0,0,0,-0.067,nan,500,fresh
87447,0,0,0,0,0,0,7,0,0,4,19,1,7,0,nan,nan,nan,nan,1.167,nan,nan,1,1,1,1.167,nan,nan,nan,nan,nan,-0.067,nan,nan,0,0,0,-0.067,nan,500,fresh
88516,0,0,0,0,0,0,6,0,0,4,19,1,7,0,nan,nan,nan,nan,1,nan,nan,1,1,1,1.167,nan,nan,nan,nan,nan,0,nan,nan,0,0,0,-0.067,nan,500,fresh
89586,0,0,0,0,0,0,7,0,0,4,19,1,7,0,nan,nan,nan,nan,1.167,nan,nan,1,1,1,1.167,nan,nan,nan,nan,nan,-0.067,nan,nan,0,0,0,-0.067,nan,500,fresh
90655,0,0,0,0,0,0,7,0,0,4,19,1,7,0,nan,nan,nan,nan,1.167,nan,nan,1,1,1,1.167,nan,nan,nan,nan,nan,-0.067,nan,nan,0,0,0,-0.067,nan,500,fresh
91723,0,0,0,0,0,0,7,0,0,4,19,1,7,0,nan,nan,nan,nan,1.167,nan,nan,1,1,1,1.167,nan,nan,nan,nan,nan,-0.067,nan,nan,0,0,0,-0.067,nan,500,fresh
92792,0,0,0,0,0,0,7,0,0,4,19,1,7,0,nan,nan,nan,nan,1.167,nan,nan,1,1,1,1.167,nan,nan,nan,nan,nan,-0.067,nan,nan,0,0,0,-0.067,nan,500,fresh
93862,0,0,0,0,0,0,6,0,0,4,19,1,7,0,nan,nan,nan,nan,1,nan,nan,1,1,1,1.167,nan,nan,nan,nan,nan,0,nan,nan,0,0,0,-0.067,nan,500,fresh
94931,0,0,0,0,0,0,7,0,0,4,19,1,7,0,nan,nan,nan,nan,1.167,nan,nan,1,1,1,1.167,nan,nan,nan,nan,nan,-0.067,nan,nan,0,0,0,-0.067,nan,500,fresh
96000,0,0,0,0,0,0,7,0,0,4,19,1,7,0,nan,nan,nan,nan,1.167,nan,nan,1,1,1,1.167,nan,nan,nan,nan,nan,-0.067,nan,nan,0,0,0,-0.067,nan,500,fresh
97069,0,0,0,0,0,0,7,0,0,4,19,1,7,0,nan,nan,nan,nan,1.167,nan,nan,1,1,1,1.167,nan,nan,nan,nan,nan,-0.067,nan,nan,0,0,0,-0.067,nan,500,fresh
98138,0,0,0,0,0,0,7,0,0,4,19,1,7,0,nan,nan,nan,nan,1.167,nan,nan,1,1,1,1.167,nan,nan,nan,nan,nan,-0.067,nan,nan,0,0,0,-0.067,nan,500,fresh
99207,0,0,0,0,0,0,7,0,0,4,19,1,7,0,nan,nan,nan,nan,1.167,nan,nan,1,1,1,1.167,nan,nan,nan,nan,nan,-0.067,nan,nan,0,0,0,-0.067,nan,500,fresh
100276,0,0,0,0,0,0,7,0,0,4,19,1,7,0,nan,nan,nan,nan,1.167,nan,nan,1,1,1,1.167,nan,nan,nan,nan,nan,-0.067,nan,nan,0,0,0,-0.067,nan,500,fresh
101346,0,0,0,0,0,0,7,0,0,4,19,1,7,0,nan,nan,nan,nan,1.167,nan,nan,1,1,1,1.167,nan,nan,nan,nan,nan,-0.067,nan,nan,0,0,0,-0.067,nan,500,fresh
102416,0,0,0,0,0,0,7,0,0,4,19,1,7,0,nan,nan,nan,nan,1.167,nan,nan,1,1,1,1.167,nan,nan,nan,nan,nan,-0.067,nan,nan,0,0,0,-0.067,nan,500,fresh
103485,0,0,0,0,0,0,7,0,0,3,19,1,7,0,nan,nan,nan,nan,1.167,nan,nan,0.75,1,1,1.167,nan,nan,nan,nan,nan,-0.067,nan,nan,0.125,0,0,-0.067,nan,500,fresh
104555,0,0,0,0,0,0,6,0,0,4,19,1,7,0,nan,nan,nan,nan,1,nan,nan,1,1,1,1.167,nan,nan,nan,nan,nan,0,nan,nan,0,0,0,-0.067,nan,500,fresh
105625,0,0,0,0,0,0,7,0,0,4,19,1,7,0,nan,nan,nan,nan,1.167,nan,nan,1,1,1,1.167,nan,nan,nan,nan,nan,-0.067,nan,nan,0,0,0,-0.067,nan,500,fresh
106694,0,0,0,0,0,0,7,0,0,4,19,1,7,0,nan,nan,nan,nan,1.167,nan,nan,1,1,1,1.167,nan,nan,nan,nan,nan,-0.067,nan,nan,0,0,0,-0.067,nan,500,fresh
107763,0,0,0,0,0,0,7,0,0,4,19,1,7,0,nan,nan,nan,nan,1.167,nan,nan,1,1,1,1.167,nan,nan,nan,nan,nan,-0.067,nan,nan,0,0,0,-0.067,nan,500,fresh
108833,0,0,0,0,0,0,7,0,0,4,19,1,7,0,nan,nan,nan,nan,1.167,nan,nan,1,1,1,1.167,nan,nan,nan,nan,nan,-0.067,nan,nan,0,0,0,-0.067,nan,500,fresh
109903,0,0,0,0,0,0,7,0,0,4,19,1,7,0,nan,nan,nan,nan,1.167,nan,nan,1,1,1,1.167,nan,nan,nan,nan,nan,-0.067,nan,nan,0,0,0,-0.067,nan,500,fresh
110971,0,0,0,0,0,0,7,0,0,4,19,1,7,0,nan,nan,nan,nan,1.167,nan,nan,1,1,1,1.167,nan,nan,nan,nan,nan,-0.067,nan,nan,0,0,0,-0.067,nan,500,fresh
112041,0,0,0,0,0,0,7,0,0,4,19,1,7,0,nan,nan,nan,nan,1.167,nan,nan,1,1,1,1.167,nan,nan,nan,nan,nan,-0.067,nan,nan,0,0,0,-0.067,nan,500,fresh
113111,0,0,0,0,0,0,7,0,0,4,19,1,7,0,nan,nan,nan,nan,1.167,nan,nan,1,1,1,1.167,nan,nan,nan,nan,nan,-0.067,nan,nan,0,0,0,-0.067,nan,500,fresh
114180,0,0,0,0,0,0,7,0,0,4,19,1,7,0,nan,nan,nan,nan,1.167,nan,nan,1,1,1,1.167,nan,nan,nan,nan,nan,-0.067,nan,nan,0,0,0,-0.067,nan,500,fresh
115250,0,0,0,0,0,0,7,0,0,4,19,1,7,0,nan,nan,nan,nan,1.167,nan,nan,1,1,1,1.167,nan,nan,nan,nan,nan,-0.067,nan,nan,0,0,0,-0.067,nan,500,fresh
116319,0,0,0,0,0,0,7,0,0,4,19,1,7,0,nan,nan,nan,nan,1.167,nan,nan,1,1,1,1.167,nan,nan,nan,nan,nan,-0.067,nan,nan,0,0,0,-0.067,nan,500,fresh
117388,0,0,0,0,0,0,7,0,0,4,19,1,7,0,nan,nan,nan,nan,1.167,nan,nan,1,1,1,1.167,nan,nan,nan,nan,nan,-0.067,nan,nan,0,0,0,-0.067,nan,500,fresh
118457,0,0,0,0,0,0,7,0,0,4,19,1,7,0,nan,nan,nan,nan,1.167,nan,nan,1,1,1,1.167,nan,nan,nan,nan,nan,-0.067,nan,nan,0,0,0,-0.067,nan,500,fresh
119526,0,0,0,0,0,0,7,0,0,4,19,1,7,0,nan,nan,nan,nan,1.167,nan,nan,1,1,1,1.167,nan,nan,nan,nan,nan,-0.067,nan,nan,0,0,0,-0.067,nan,500,fresh
120596,0,0,0,0,0,0,7,0,0,4,19,1,7,0,nan,nan,nan,nan,1.167,nan,nan,1,1,1,1.167,nan,nan,nan,nan,nan,-0.067,nan,nan,0,0,0,-0.067,nan,500,fresh
121664,0,0,0,0,0,0,7,0,0,4,19,1,7,0,nan,nan,nan,nan,1.167,nan,nan,1,1,1,1.167,nan,nan,nan,nan,nan,-0.067,nan,nan,0,0,0,-0.067,nan,500,fresh
122733,0,0,0,0,0,0,6,0,0,4,19,1,7,0,nan,nan,nan,nan,1,nan,nan,1,1,1,1.167,nan,nan,nan,nan,nan,0,nan,nan,0,0,0,-0.067,nan,500,fresh
123803,0,0,0,0,0,0,7,0,0,4,19,1,7,0,nan,nan,nan,nan,1.167,nan,nan,1,1,1,1.167,nan,nan,nan,nan,nan,-0.067,nan,nan,0,0,0,-0.067,nan,500,fresh
124872,0,0,0,0,0,0,7,0,0,4,19,1,7,0,nan,nan,nan,nan,1.167,nan,nan,1,1,1,1.167,nan,nan,nan,nan,nan,-0.067,nan,nan,0,0,0,-0.067,nan,500,fresh
125941,0,0,0,0,0,0,7,0,0,4,19,1,7,0,nan,nan,nan,nan,1.167,nan,nan,1,1,1,1.167,nan,nan,nan,nan,nan,-0.067,nan,nan,0,0,0,-0.067,nan,500,fresh
127011,0,0,0,0,0,0,7,0,0,4,19,1,7,0,nan,nan,nan,nan,1.167,nan,nan,1,1,1,1.167,nan,nan,nan,nan,nan,-0.067,nan,nan,0,0,0,-0.067,nan,500,fresh
128081,0,0,0,0,0,0,7,0,0,4,19,1,7,0,nan,nan,nan,nan,1.167,nan,nan,1,1,1,1.167,nan,nan,nan,nan,nan,-0.067,nan,nan,0,0,0,-0.067,nan,500,fresh
129149,0,0,0,0,0,0,7,0,0,4,19,1,7,0,nan,nan,nan,nan,1.167,nan,nan,1,1,1,1.167,nan,nan,nan,nan,nan,-0.067,nan,nan,0,0,0,-0.067,nan,500,fresh
130219,0,0,0,0,0,0,7,0,0,4,19,1,7,0,nan,nan,nan,nan,1.167,nan,nan,1,1,1,1.167,nan,nan,nan,nan,nan,-0.067,nan,nan,0,0,0,-0.067,nan,500,fresh
131289,0,0,0,0,0,0,7,0,0,4,19,1,7,0,nan,nan,nan,nan,1.167,nan,nan,1,1,1,1.167,nan,nan,nan,nan,nan,-0.067,nan,nan,0,0,0,-0.067,nan,500,fresh
132359,0,0,0,0,0,0,7,0,0,4,19,1,6,0,nan,nan,nan,nan,1.167,nan,nan,1,1,1,1,nan,nan,nan,nan,nan,-0.067,nan,nan,0,0,0,0,nan,500,fresh
133429,0,0,0,0,0,0,7,0,0,4,19,1,7,0,nan,nan,nan,nan,1.167,nan,nan,1,1,1,1.167,nan,nan,nan,nan,nan,-0.067,nan,nan,0,0,0,-0.067,nan,500,fresh
134497,0,0,0,0,0,0,7,0,0,4,19,1,7,0,nan,nan,nan,nan,1.167,nan,nan,1,1,1,1.167,nan,nan,nan,nan,nan,-0.067,nan,nan,0,0,0,-0.067,nan,500,fresh
135567,0,0,0,0,0,0,7,0,0,4,19,1,7,0,nan,nan,nan,nan,1.167,nan,nan,1,1,1,1.167,nan,nan,nan,nan,nan,-0.067,nan,nan,0,0,0,-0.067,nan,500,fresh
136637,0,0,0,0,0,0,7,0,0,4,19,1,7,0,nan,nan,nan,nan,1.167,nan,nan,1,1,1,1.167,nan,nan,nan,nan,nan,-0.067,nan,nan,0,0,0,-0.067,nan,500,fresh
137707,0,0,0,0,0,0,7,0,0,4,19,1,7,0,nan,nan,nan,nan,1.167,nan,nan,1,1,1,1.167,nan,nan,nan,nan,nan,-0.067,nan,nan,0,0,0,-0.067,nan,500,fresh
138776,0,0,0,0,0,0,7,0,0,4,19,1,7,0,nan,nan,nan,nan,1.167,nan,nan,1,1,1,1.167,nan,nan,nan,nan,nan,-0.067,nan,nan,0,0,0,-0.067,nan,500,fresh
139845,0,0,0,0,0,0,7,0,0,4,19,1,7,0,nan,nan,nan,nan,1.167,nan,nan,1,1,1,1.167,nan,nan,nan,nan,nan,-0.067,nan,nan,0,0,0,-0.067,nan,500,fresh
140915,0,0,0,0,0,0,7,0,0,4,19,1,7,0,nan,nan,nan,nan,1.167,nan,nan,1,1,1,1.167,nan,nan,nan,nan,nan,-0.067,nan,nan,0,0,0,-0.067,nan,500,fresh
141984,0,0,0,0,0,0,7,0,0,4,19,1,7,0,nan,nan,nan,nan,1.167,nan,nan,1,1,1,1.167,nan,nan,nan,nan,nan,-0.067,nan,nan,0,0,0,-0.067,nan,500,fresh
143054,0,0,0,0,0,0,7,0,0,4,19,1,7,0,nan,nan,nan,nan,1.167,nan,nan,1,1,1,1.167,nan,nan,nan,nan,nan,-0.067,nan,nan,0,0,0,-0.067,nan,500,fresh
144124,0,0,0,0,0,0,7,0,0,4,19,1,7,0,nan,nan,nan,nan,1.167,nan,nan,1,1,1,1.167,nan,nan,nan,nan,nan,-0.067,nan,nan,0,0,0,-0.067,nan,500,fresh
145194,0,0,0,0,0,0,7,0,0,4,19,1,7,0,nan,nan,nan,nan,1.167,nan,nan,1,1,1,1.167,nan,nan,nan,nan,nan,-0.067,nan,nan,0,0,0,-0.067,nan,500,fresh
146264,0,0,0,0,0,0,7,0,0,4,19,1,7,0,nan,nan,nan,nan,1.167,nan,nan,1,1,1,1.167,nan,nan,nan,nan,nan,-0.067,nan,nan,0,0,0,-0.067,nan,500,fresh
147332,0,0,0,0,0,0,7,0,0,4,19,1,7,0,nan,nan,nan,nan,1.167,nan,nan,1,1,1,1.167,nan,nan,nan,nan,nan,-0.067,nan,nan,0,0,0,-0.067,nan,500,fresh
148402,0,0,0,0,0,0,7,0,0,4,19,1,7,0,nan,nan,nan,nan,1.167,nan,nan,1,1,1,1.167,nan,nan,nan,nan,nan,-0.067,nan,nan,0,0,0,-0.067,nan,500,fresh
149471,0,0,0,0,0,0,7,0,0,4,19,1,7,0,nan,nan,nan,nan,1.167,nan,nan,1,1,1,1.167,nan,nan,nan,nan,nan,-0.067,nan,nan,0,0,0,-0.067,nan,500,fresh
150541,0,0,0,0,0,0,7,0,0,4,19,1,7,0,nan,nan,nan,nan,1.167,nan,nan,1,1,1,1.167,nan,nan,nan,nan,nan,-0.067,nan,nan,0,0,0,-0.067,nan,500,fresh
151611,0,0,0,0,0,0,7,0,0,4,19,1,7,0,nan,nan,nan,nan,1.167,nan,nan,1,1,1,1.167,nan,nan,nan,nan,nan,-0.067,nan,nan,0,0,0,-0.067,nan,500,fresh
152680,0,0,0,0,0,0,7,0,0,4,19,1,7,0,nan,nan,nan,nan,1.167,nan,nan,1,1,1,1.167,nan,nan,nan,nan,nan,-0.067,nan,nan,0,0,0,-0.067,nan,500,fresh
153750,0,0,0,0,0,0,7,0,0,4,19,1,7,0,nan,nan,nan,nan,1.167,nan,nan,1,1,1,1.167,nan,nan,nan,nan,nan,-0.067,nan,nan,0,0,0,-0.067,nan,500,fresh
154820,0,0,0,0,0,0,7,0,0,4,19,1,7,0,nan,nan,nan,nan,1.167,nan,nan,1,1,1,1.167,nan,nan,nan,nan,nan,-0.067,nan,nan,0,0,0,-0.067,nan,500,fresh
155890,0,0,0,0,0,0,7,0,0,4,19,1,7,0,nan,nan,nan,nan,1.167,nan,nan,1,1,1,1.167,nan,nan,nan,nan,nan,-0.067,nan,nan,0,0,0,-0.067,nan,500,fresh
156960,0,0,0,0,0,0,7,0,0,4,19,1,7,0,nan,nan,nan,nan,1.167,nan,nan,1,1,1,1.167,nan,nan,nan,nan,nan,-0.067,nan,nan,0,0,0,-0.067,nan,500,fresh
158030,0,0,0,0,0,0,7,0,0,4,19,1,7,0,nan,nan,nan,nan,1.167,nan,nan,1,1,1,1.167,nan,nan,nan,nan,nan,-0.067,nan,nan,0,0,0,-0.067,nan,500,fresh
159100,0,0,0,0,0,0,7,0,0,4,19,1,6,0,nan,nan,nan,nan,1.167,nan,nan,1,1,1,1,nan,nan,nan,nan,nan,-0.067,nan,nan,0,0,0,0,nan,500,fresh
160168,0,0,0,0,0,0,7,0,0,4,19,1,7,0,nan,nan,nan,nan,1.167,nan,nan,1,1,1,1.167,nan,nan,nan,nan,nan,-0.067,nan,nan,0,0,0,-0.067,nan,500,fresh
161237,0,0,0,0,0,0,7,0,0,4,19,1,7,0,nan,nan,nan,nan,1.167,nan,nan,1,1,1,1.167,nan,nan,nan,nan,nan,-0.067,nan,nan,0,0,0,-0.067,nan,500,fresh
162306,0,0,0,0,0,0,7,0,0,4,19,1,7,0,nan,nan,nan,nan,1.167,nan,nan,1,1,1,1.167,nan,nan,nan,nan,nan,-0.067,nan,nan,0,0,0,-0.067,nan,500,fresh
163376,0,0,0,0,0,0,7,0,0,4,19,1,7,0,nan,nan,nan,nan,1.167,nan,nan,1,1,1,1.167,nan,nan,nan,nan,nan,-0.067,nan,nan,0,0,0,-0.067,nan,500,fresh
164444,0,0,0,0,0,0,7,0,0,4,19,1,7,0,nan,nan,nan,nan,1.167,nan,nan,1,1,1,1.167,nan,nan,nan,nan,nan,-0.067,nan,nan,0,0,0,-0.067,nan,500,fresh
165513,0,0,0,0,0,0,7,0,0,4,19,1,7,0,nan,nan,nan,nan,1.167,nan,nan,1,1,1,1.167,nan,nan,nan,nan,nan,-0.067,nan,nan,0,0,0,-0.067,nan,500,fresh
166583,0,0,0,0,0,0,7,0,0,4,19,1,7,0,nan,nan,nan,nan,1.167,nan,nan,1,1,1,1.167,nan,nan,nan,nan,nan,-0.067,nan,nan,0,0,0,-0.067,nan,500,fresh
167652,0,0,0,0,0,0,7,0,0,4,19,1,7,0,nan,nan,nan,nan,1.167,nan,nan,1,1,1,1.167,nan,nan,nan,nan,nan,-0.067,nan,nan,0,0,0,-0.067,nan,500,fresh
168722,0,0,0,0,0,0,7,0,0,4,19,1,7,0,nan,nan,nan,nan,1.167,nan,nan,1,1,1,1.167,nan,nan,nan,nan,nan,-0.067,nan,nan,0,0,0,-0.067,nan,500,fresh
169792,0,0,0,0,0,0,7,0,0,4,19,1,7,0,nan,nan,nan,nan,1.167,nan,nan,1,1,1,1.167,nan,nan,nan,nan,nan,-0.067,nan,nan,0,0,0,-0.067,nan,500,fresh
170862,0,0,0,0,0,0,7,0,0,4,19,1,7,0,nan,nan,nan,nan,1.167,nan,nan,1,1,1,1.167,nan,nan,nan,nan,nan,-0.067,nan,nan,0,0,0,-0.067,nan,500,fresh
171932,0,0,0,0,0,0,6,0,0,4,19,1,7,0,nan,nan,nan,nan,1,nan,nan,1,1,1,1.167,nan,nan,nan,nan,nan,0,nan,nan,0,0,0,-0.067,nan,500,fresh
173002,0,0,0,0,0,0,7,0,0,4,19,1,7,0,nan,nan,nan,nan,1.167,nan,nan,1,1,1,1.167,nan,nan,nan,nan,nan,-0.067,nan,nan,0,0,0,-0.067,nan,500,fresh
174072,0,0,0,0,0,0,7,0,0,4,19,1,7,0,nan,nan,nan,nan,1.167,nan,nan,1,1,1,1.167,nan,nan,nan,nan,nan,-0.067,nan,nan,0,0,0,-0.067,nan,500,fresh
175140,0,0,0,0,0,0,6,0,0,4,19,1,7,0,nan,nan,nan,nan,1,nan,nan,1,1,1,1.167,nan,nan,nan,nan,nan,0,nan,nan,0,0,0,-0.067,nan,500,fresh
176210,0,0,0,0,0,0,7,0,0,4,19,1,7,0,nan,nan,nan,nan,1.167,nan,nan,1,1,1,1.167,nan,nan,nan,nan,nan,-0.067,nan,nan,0,0,0,-0.067,nan,500,fresh
177280,0,0,0,0,0,0,7,0,0,4,19,1,7,0,nan,nan,nan,nan,1.167,nan,nan,1,1,1,1.167,nan,nan,nan,nan,nan,-0.067,nan,nan,0,0,0,-0.067,nan,500,fresh
178350,0,0,0,0,0,0,6,0,0,4,19,1,7,0,nan,nan,nan,nan,1,nan,nan,1,1,1,1.167,nan,nan,nan,nan,nan,0,nan,nan,0,0,0,-0.067,nan,500,fresh
179419,0,0,0,0,0,0,7,0,0,4,19,1,7,0,nan,nan,nan,nan,1.167,nan,nan,1,1,1,1.167,nan,nan,nan,nan,nan,-0.067,nan,nan,0,0,0,-0.067,nan,500,fresh
180488,0,0,0,0,0,0,7,0,0,4,19,1,7,0,nan,nan,nan,nan,1.167,nan,nan,1,1,1,1.167,nan,nan,nan,nan,nan,-0.067,nan,nan,0,0,0,-0.067,nan,500,fresh
181557,0,0,0,0,0,0,7,0,0,4,19,1,7,0,nan,nan,nan,nan,1.167,nan,nan,1,1,1,1.167,nan,nan,nan,nan,nan,-0.067,nan,nan,0,0,0,-0.067,nan,500,fresh
182627,0,0,0,0,0,0,7,0,0,4,19,1,7,0,nan,nan,nan,nan,1.167,nan,nan,1,1,1,1.167,nan,nan,nan,nan,nan,-0.067,nan,nan,0,0,0,-0.067,nan,500,fresh
183697,0,0,0,0,0,0,7,0,0,4,19,1,7,0,nan,nan,nan,nan,1.167,nan,nan,1,1,1,1.167,nan,nan,nan,nan,nan,-0.067,nan,nan,0,0,0,-0.067,nan,500,fresh
184766,0,0,0,0,0,0,7,0,0,4,19,1,7,0,nan,nan,nan,nan,1.167,nan,nan,1,1,1,1.167,nan,nan,nan,nan,nan,-0.067,nan,nan,0,0,0,-0.067,nan,500,fresh
185836,0,0,0,0,0,0,7,0,0,4,19,1,7,0,nan,nan,nan,nan,1.167,nan,nan,1,1,1,1.167,nan,nan,nan,nan,nan,-0.067,nan,nan,0,0,0,-0.067,nan,500,fresh
186906,0,0,0,0,0,0,7,0,0,4,19,1,7,0,nan,nan,nan,nan,1.167,nan,nan,1,1,1,1.167,nan,nan,nan,nan,nan,-0.067,nan,nan,0,0,0,-0.067,nan,500,fresh
187976,0,0,0,0,0,0,7,0,0,4,19,1,6,0,nan,nan,nan,nan,1.167,nan,nan,1,1,1,1,nan,nan,nan,nan,nan,-0.067,nan,nan,0,0,0,0,nan,500,fresh
189046,0,0,0,0,0,0,7,0,0,4,19,1,6,0,nan,nan,nan,nan,1.167,nan,nan,1,1,1,1,nan,nan,nan,nan,nan,-0.067,nan,nan,0,0,0,0,nan,500,fresh
190115,0,0,0,0,0,0,6,0,0,4,19,1,7,0,nan,nan,nan,nan,1,nan,nan,1,1,1,1.167,nan,nan,nan,nan,nan,0,nan,nan,0,0,0,-0.067,nan,500,fresh
191185,0,0,0,0,0,0,7,0,0,4,19,1,6,0,nan,nan,nan,nan,1.167,nan,nan,1,1,1,1,nan,nan,nan,nan,nan,-0.067,nan,nan,0,0,0,0,nan,500,fresh
192255,0,0,0,0,0,0,7,0,0,4,19,1,7,0,nan,nan,nan,nan,1.167,nan,nan,1,1,1,1.167,nan,nan,nan,nan,nan,-0.067,nan,nan,0,0,0,-0.067,nan,500,fresh
193324,0,0,0,0,0,0,7,0,0,4,19,1,7,0,nan,nan,nan,nan,1.167,nan,nan,1,1,1,1.167,nan,nan,nan,nan,nan,-0.067,nan,nan,0,0,0,-0.067,nan,500,fresh
194394,0,0,0,0,0,0,7,0,0,4,19,1,7,0,nan,nan,nan,nan,1.167,nan,nan,1,1,1,1.167,nan,nan,nan,nan,nan,-0.067,nan,nan,0,0,0,-0.067,nan,500,fresh
195464,0,0,0,0,0,0,7,0,0,4,19,1,7,0,nan,nan,nan,nan,1.167,nan,nan,1,1,1,1.167,nan,nan,nan,nan,nan,-0.067,nan,nan,0,0,0,-0.067,nan,500,fresh
196534,0,0,0,0,0,0,7,0,0,4,19,1,7,0,nan,nan,nan,nan,1.167,nan,nan,1,1,1,1.167,nan,nan,nan,nan,nan,-0.067,nan,nan,0,0,0,-0.067,nan,500,fresh
197604,0,0,0,0,0,0,7,0,0,4,19,1,7,0,nan,nan,nan,nan,1.167,nan,nan,1,1,1,1.167,nan,nan,nan,nan,nan,-0.067,nan,nan,0,0,0,-0.067,nan,500,fresh
198673,0,0,0,0,0,0,7,0,0,4,19,1,7,0,nan,nan,nan,nan,1.167,nan,nan,1,1,1,1.167,nan,nan,nan,nan,nan,-0.067,nan,nan,0,0,0,-0.067,nan,500,fresh
199741,0,0,0,0,0,0,6,0,0,4,19,1,7,0,nan,nan,nan,nan,1,nan,nan,1,1,1,1.167,nan,nan,nan,nan,nan,0,nan,nan,0,0,0,-0.067,nan,500,fresh
200810,0,0,0,0,0,0,7,0,0,4,19,1,7,0,nan,nan,nan,nan,1.167,nan,nan,1,1,1,1.167,nan,nan,nan,nan,nan,-0.067,nan,nan,0,0,0,-0.067,nan,500,fresh
201880,0,0,0,0,0,0,7,0,0,4,19,1,7,0,nan,nan,nan,nan,1.167,nan,nan,1,1,1,1.167,nan,nan,nan,nan,nan,-0.067,nan,nan,0,0,0,-0.067,nan,500,fresh
202950,0,0,0,0,0,0,7,0,0,4,19,1,7,0,nan,nan,nan,nan,1.167,nan,nan,1,1,1,1.167,nan,nan,nan,nan,nan,-0.067,nan,nan,0,0,0,-0.067,nan,500,fresh
204019,0,0,0,0,0,0,7,0,0,4,19,1,7,0,nan,nan,nan,nan,1.167,nan,nan,1,1,1,1.167,nan,nan,nan,nan,nan,-0.067,nan,nan,0,0,0,-0.067,nan,500,fresh
205089,0,0,0,0,0,0,7,0,0,4,19,1,6,0,nan,nan,nan,nan,1.167,nan,nan,1,1,1,1,nan,nan,nan,nan,nan,-0.067,nan,nan,0,0,0,0,nan,500,fresh
206159,0,0,0,0,0,0,7,0,0,4,19,1,7,0,nan,nan,nan,nan,1.167,nan,nan,1,1,1,1.167,nan,nan,nan,nan,nan,-0.067,nan,nan,0,0,0,-0.067,nan,500,fresh
207228,0,0,0,0,0,0,7,0,0,4,19,1,7,0,nan,nan,nan,nan,1.167,nan,nan,1,1,1,1.167,nan,nan,nan,nan,nan,-0.067,nan,nan,0,0,0,-0.067,nan,500,fresh
208298,0,0,0,0,0,0,7,0,0,4,19,1,6,0,nan,nan,nan,nan,1.167,nan,nan,1,1,1,1,nan,nan,nan,nan,nan,-0.067,nan,nan,0,0,0,0,nan,500,fresh
209368,0,0,0,0,0,0,7,0,0,4,19,1,7,0,nan,nan,nan,nan,1.167,nan,nan,1,1,1,1.167,nan,nan,nan,nan,nan,-0.067,nan,nan,0,0,0,-0.067,nan,500,fresh
210437,0,0,0,0,0,0,7,0,0,4,19,1,7,0,nan,nan,nan,nan,1.167,nan,nan,1,1,1,1.167,nan,nan,nan,nan,nan,-0.067,nan,nan,0,0,0,-0.067,nan,500,fresh
211507,0,0,0,0,0,0,6,0,0,4,19,1,7,0,nan,nan,nan,nan,1,nan,nan,1,1,1,1.167,nan,nan,nan,nan,nan,0,nan,nan,0,0,0,-0.067,nan,500,fresh
212576,0,0,0,0,0,0,6,0,0,4,19,1,7,0,nan,nan,nan,nan,1,nan,nan,1,1,1,1.167,nan,nan,nan,nan,nan,0,nan,nan,0,0,0,-0.067,nan,500,fresh
213644,0,0,0,0,0,0,7,0,0,4,19,1,6,0,nan,nan,nan,nan,1.167,nan,nan,1,1,1,1,nan,nan,nan,nan,nan,-0.067,nan,nan,0,0,0,0,nan,500,fresh
214713,0,0,0,0,0,0,7,0,0,4,19,1,7,0,nan,nan,nan,nan,1.167,nan,nan,1,1,1,1.167,nan,nan,nan,nan,nan,-0.067,nan,nan,0,0,0,-0.067,nan,500,fresh
215783,0,0,0,0,0,0,7,0,0,4,19,1,7,0,nan,nan,nan,nan,1.167,nan,nan,1,1,1,1.167,nan,nan,nan,nan,nan,-0.067,nan,nan,0,0,0,-0.067,nan,500,fresh
216853,0,0,0,0,0,0,7,0,0,4,19,1,7,0,nan,nan,nan,nan,1.167,nan,nan,1,1,1,1.167,nan,nan,nan,nan,nan,-0.067,nan,nan,0,0,0,-0.067,nan,500,fresh
217921,0,0,0,0,0,0,7,0,0,4,19,1,6,0,nan,nan,nan,nan,1.167,nan,nan,1,1,1,1,nan,nan,nan,nan,nan,-0.067,nan,nan,0,0,0,0,nan,500,fresh
218990,0,0,0,0,0,0,7,0,0,4,19,1,7,0,nan,nan,nan,nan,1.167,nan,nan,1,1,1,1.167,nan,nan,nan,nan,nan,-0.067,nan,nan,0,0,0,-0.067,nan,500,fresh
220060,0,0,0,0,0,0,6,0,0,4,19,1,7,0,nan,nan,nan,nan,1,nan,nan,1,1,1,1.167,nan,nan,nan,nan,nan,0,nan,nan,0,0,0,-0.067,nan,500,fresh
221130,0,0,0,0,0,0,7,0,0,4,19,1,7,0,nan,nan,nan,nan,1.167,nan,nan,1,1,1,1.167,nan,nan,nan,nan,nan,-0.067,nan,nan,0,0,0,-0.067,nan,500,fresh
222198,0,0,0,0,0,0,7,0,0,4,19,1,7,0,nan,nan,nan,nan,1.167,nan,nan,1,1,1,1.167,nan,nan,nan,nan,nan,-0.067,nan,nan,0,0,0,-0.067,nan,500,fresh
223267,0,0,0,0,0,0,7,0,0,4,19,1,7,0,nan,nan,nan,nan,1.167,nan,nan,1,1,1,1.167,nan,nan,nan,nan,nan,-0.067,nan,nan,0,0,0,-0.067,nan,500,fresh
224337,0,0,0,0,0,0,6,0,0,4,19,1,7,0,nan,nan,nan,nan,1,nan,nan,1,1,1,1.167,nan,nan,nan,nan,nan,0,nan,nan,0,0,0,-0.067,nan,500,fresh
225406,0,0,0,0,0,0,6,0,0,4,19,1,7,0,nan,nan,nan,nan,1,nan,nan,1,1,1,1.167,nan,nan,nan,nan,nan,0,nan,nan,0,0,0,-0.067,nan,500,fresh
226475,0,0,0,0,0,0,7,0,0,4,19,1,7,0,nan,nan,nan,nan,1.167,nan,nan,1,1,1,1.167,nan,nan,nan,nan,nan,-0.067,nan,nan,0,0,0,-0.067,nan,500,fresh
227544,0,0,0,0,0,0,6,0,0,4,19,1,7,0,nan,nan,nan,nan,1,nan,nan,1,1,1,1.167,nan,nan,nan,nan,nan,0,nan,nan,0,0,0,-0.067,nan,500,fresh
228614,0,0,0,0,0,0,7,0,0,4,19,1,7,0,nan,nan,nan,nan,1.167,nan,nan,1,1,1,1.167,nan,nan,nan,nan,nan,-0.067,nan,nan,0,0,0,-0.067,nan,500,fresh
229683,0,0,0,0,0,0,7,0,0,3,19,1,7,0,nan,nan,nan,nan,1.167,nan,nan,0.75,1,1,1.167,nan,nan,nan,nan,nan,-0.067,nan,nan,0.125,0,0,-0.067,nan,500,fresh
230752,0,0,0,0,0,0,6,0,0,4,19,1,6,0,nan,nan,nan,nan,1,nan,nan,1,1,1,1,nan,nan,nan,nan,nan,0,nan,nan,0,0,0,0,nan,500,fresh
231822,0,0,0,0,0,0,7,0,0,4,19,1,7,0,nan,nan,nan,nan,1.167,nan,nan,1,1,1,1.167,nan,nan,nan,nan,nan,-0.067,nan,nan,0,0,0,-0.067,nan,500,fresh
232892,0,0,0,0,0,0,7,0,0,4,19,1,7,0,nan,nan,nan,nan,1.167,nan,nan,1,1,1,1.167,nan,nan,nan,nan,nan,-0.067,nan,nan,0,0,0,-0.067,nan,500,fresh
233962,0,0,0,0,0,0,6,0,0,4,19,1,7,0,nan,nan,nan,nan,1,nan,nan,1,1,1,1.167,nan,nan,nan,nan,nan,0,nan,nan,0,0,0,-0.067,nan,500,fresh
235031,0,0,0,0,0,0,6,0,0,4,19,1,7,0,nan,nan,nan,nan,1,nan,nan,1,1,1,1.167,nan,nan,nan,nan,nan,0,nan,nan,0,0,0,-0.067,nan,500,fresh
236100,0,0,0,0,0,0,7,0,0,4,19,1,6,0,nan,nan,nan,nan,1.167,nan,nan,1,1,1,1,nan,nan,nan,nan,nan,-0.067,nan,nan,0,0,0,0,nan,500,fresh
237170,0,0,0,0,0,0,7,0,0,4,19,1,7,0,nan,nan,nan,nan,1.167,nan,nan,1,1,1,1.167,nan,nan,nan,nan,nan,-0.067,nan,nan,0,0,0,-0.067,nan,500,fresh
238240,0,0,0,0,0,0,7,0,0,4,19,1,7,0,nan,nan,nan,nan,1.167,nan,nan,1,1,1,1.167,nan,nan,nan,nan,nan,-0.067,nan,nan,0,0,0,-0.067,nan,500,fresh
239309,0,0,0,0,0,0,7,0,0,4,19,1,6,0,nan,nan,nan,nan,1.167,nan,nan,1,1,1,1,nan,nan,nan,nan,nan,-0.067,nan,nan,0,0,0,0,nan,500,fresh
240379,0,0,0,0,0,0,7,0,0,4,19,1,7,0,nan,nan,nan,nan,1.167,nan,nan,1,1,1,1.167,nan,nan,nan,nan,nan,-0.067,nan,nan,0,0,0,-0.067,nan,500,fresh
241449,0,0,0,0,0,0,7,0,0,4,19,1,6,0,nan,nan,nan,nan,1.167,nan,nan,1,1,1,1,nan,nan,nan,nan,nan,-0.067,nan,nan,0,0,0,0,nan,500,fresh
242519,0,0,0,0,0,0,7,0,0,4,19,1,7,0,nan,nan,nan,nan,1.167,nan,nan,1,1,1,1.167,nan,nan,nan,nan,nan,-0.067,nan,nan,0,0,0,-0.067,nan,500,fresh
243588,0,0,0,0,0,0,7,0,0,4,19,1,6,0,nan,nan,nan,nan,1.167,nan,nan,1,1,1,1,nan,nan,nan,nan,nan,-0.067,nan,nan,0,0,0,0,nan,500,fresh
244657,0,0,0,0,0,0,7,0,0,4,19,1,7,0,nan,nan,nan,nan,1.167,nan,nan,1,1,1,1.167,nan,nan,nan,nan,nan,-0.067,nan,nan,0,0,0,-0.067,nan,500,fresh
245727,0,0,0,0,0,0,7,0,0,4,19,1,7,0,nan,nan,nan,nan,1.167,nan,nan,1,1,1,1.167,nan,nan,nan,nan,nan,-0.067,nan,nan,0,0,0,-0.067,nan,500,fresh
246795,0,0,0,0,0,0,7,0,0,4,19,1,7,0,nan,nan,nan,nan,1.167,nan,nan,1,1,1,1.167,nan,nan,nan,nan,nan,-0.067,nan,nan,0,0,0,-0.067,nan,500,fresh
247864,0,0,0,0,0,0,7,0,0,4,19,1,7,0,nan,nan,nan,nan,1.167,nan,nan,1,1,1,1.167,nan,nan,nan,nan,nan,-0.067,nan,nan,0,0,0,-0.067,nan,500,fresh
248934,0,0,0,0,0,0,7,0,0,4,19,1,7,0,nan,nan,nan,nan,1.167,nan,nan,1,1,1,1.167,nan,nan,nan,nan,nan,-0.067,nan,nan,0,0,0,-0.067,nan,500,fresh
250004,0,0,0,0,0,0,6,0,0,4,19,1,7,0,nan,nan,nan,nan,1,nan,nan,1,1,1,1.167,nan,nan,nan,nan,nan,0,nan,nan,0,0,0,-0.067,nan,500,fresh
251073,0,0,0,0,0,0,7,0,0,4,19,1,7,0,nan,nan,nan,nan,1.167,nan,nan,1,1,1,1.167,nan,nan,nan,nan,nan,-0.067,nan,nan,0,0,0,-0.067,nan,500,fresh
252142,0,0,0,0,0,0,7,0,0,4,19,1,7,0,nan,nan,nan,nan,1.167,nan,nan,1,1,1,1.167,nan,nan,nan,nan,nan,-0.067,nan,nan,0,0,0,-0.067,nan,500,fresh
253212,0,0,0,0,0,0,7,0,0,4,19,1,7,0,nan,nan,nan,nan,1.167,nan,nan,1,1,1,1.167,nan,nan,nan,nan,nan,-0.067,nan,nan,0,0,0,-0.067,nan,500,fresh
254280,0,0,0,0,0,0,7,0,0,4,19,1,6,0,nan,nan,nan,nan,1.167,nan,nan,1,1,1,1,nan,nan,nan,nan,nan,-0.067,nan,nan,0,0,0,0,nan,500,fresh
255350,0,0,0,0,0,0,7,0,0,4,19,1,7,0,nan,nan,nan,nan,1.167,nan,nan,1,1,1,1.167,nan,nan,nan,nan,nan,-0.067,nan,nan,0,0,0,-0.067,nan,500,fresh
256419,0,0,0,0,0,0,7,0,0,4,19,1,7,0,nan,nan,nan,nan,1.167,nan,nan,1,1,1,1.167,nan,nan,nan,nan,nan,-0.067,nan,nan,0,0,0,-0.067,nan,500,fresh
257489,0,0,0,0,0,0,7,0,0,4,19,1,7,0,nan,nan,nan,nan,1.167,nan,nan,1,1,1,1.167,nan,nan,nan,nan,nan,-0.067,nan,nan,0,0,0,-0.067,nan,500,fresh
258559,0,0,0,0,0,0,7,0,0,4,19,1,7,0,nan,nan,nan,nan,1.167,nan,nan,1,1,1,1.167,nan,nan,nan,nan,nan,-0.067,nan,nan,0,0,0,-0.067,nan,500,fresh
259627,0,0,0,0,0,0,7,0,0,4,19,1,7,0,nan,nan,nan,nan,1.167,nan,nan,1,1,1,1.167,nan,nan,nan,nan,nan,-0.067,nan,nan,0,0,0,-0.067,nan,500,fresh
260695,0,0,0,0,0,0,7,0,0,4,19,1,7,0,nan,nan,nan,nan,1.167,nan,nan,1,1,1,1.167,nan,nan,nan,nan,nan,-0.067,nan,nan,0,0,0,-0.067,nan,500,fresh
261765,0,0,0,0,0,0,7,0,0,4,19,1,7,0,nan,nan,nan,nan,1.167,nan,nan,1,1,1,1.167,nan,nan,nan,nan,nan,-0.067,nan,nan,0,0,0,-0.067,nan,500,fresh
262834,0,0,0,0,0,0,7,0,0,4,19,1,7,0,nan,nan,nan,nan,1.167,nan,nan,1,1,1,1.167,nan,nan,nan,nan,nan,-0.067,nan,nan,0,0,0,-0.067,nan,500,fresh
263904,0,0,0,0,0,0,7,0,0,4,19,1,7,0,nan,nan,nan,nan,1.167,nan,nan,1,1,1,1.167,nan,nan,nan,nan,nan,-0.067,nan,nan,0,0,0,-0.067,nan,500,fresh
264974,0,0,0,0,0,0,6,0,0,4,19,1,6,0,nan,nan,nan,nan,1,nan,nan,1,1,1,1,nan,nan,nan,nan,nan,0,nan,nan,0,0,0,0,nan,500,fresh
266042,0,0,0,0,0,0,7,0,0,4,19,1,7,0,nan,nan,nan,nan,1.167,nan,nan,1,1,1,1.167,nan,nan,nan,nan,nan,-0.067,nan,nan,0,0,0,-0.067,nan,500,fresh
267111,0,0,0,0,0,0,7,0,0,4,19,1,7,0,nan,nan,nan,nan,1.167,nan,nan,1,1,1,1.167,nan,nan,nan,nan,nan,-0.067,nan,nan,0,0,0,-0.067,nan,500,fresh
268181,0,0,0,0,0,0,7,0,0,4,19,1,7,0,nan,nan,nan,nan,1.167,nan,nan,1,1,1,1.167,nan,nan,nan,nan,nan,-0.067,nan,nan,0,0,0,-0.067,nan,500,fresh
269251,0,0,0,0,0,0,7,0,0,4,19,1,7,0,nan,nan,nan,nan,1.167,nan,nan,1,1,1,1.167,nan,nan,nan,nan,nan,-0.067,nan,nan,0,0,0,-0.067,nan,500,fresh
270321,0,0,0,0,0,0,6,0,0,4,19,1,7,0,nan,nan,nan,nan,1,nan,nan,1,1,1,1.167,nan,nan,nan,nan,nan,0,nan,nan,0,0,0,-0.067,nan,500,fresh
271390,0,0,0,0,0,0,7,0,0,4,19,1,7,0,nan,nan,nan,nan,1.167,nan,nan,1,1,1,1.167,nan,nan,nan,nan,nan,-0.067,nan,nan,0,0,0,-0.067,nan,500,fresh
272459,0,0,0,0,0,0,7,0,0,4,19,1,6,0,nan,nan,nan,nan,1.167,nan,nan,1,1,1,1,nan,nan,nan,nan,nan,-0.067,nan,nan,0,0,0,0,nan,500,fresh
273528,0,0,0,0,0,0,7,0,0,4,19,1,6,0,nan,nan,nan,nan,1.167,nan,nan,1,1,1,1,nan,nan,nan,nan,nan,-0.067,nan,nan,0,0,0,0,nan,500,fresh
274597,0,0,0,0,0,0,7,0,0,4,19,1,7,0,nan,nan,nan,nan,1.167,nan,nan,1,1,1,1.167,nan,nan,nan,nan,nan,-0.067,nan,nan,0,0,0,-0.067,nan,500,fresh
275667,0,0,0,0,0,0,7,0,0,4,19,1,7,0,nan,nan,nan,nan,1.167,nan,nan,1,1,1,1.167,nan,nan,nan,nan,nan,-0.067,nan,nan,0,0,0,-0.067,nan,500,fresh
276737,0,0,0,0,0,0,6,0,0,4,19,1,7,0,nan,nan,nan,nan,1,nan,nan,1,1,1,1.167,nan,nan,nan,nan,nan,0,nan,nan,0,0,0,-0.067,nan,500,fresh
277806,0,0,0,0,0,0,7,0,0,4,19,1,7,0,nan,nan,nan,nan,1.167,nan,nan,1,1,1,1.167,nan,nan,nan,nan,nan,-0.067,nan,nan,0,0,0,-0.067,nan,500,fresh
278875,0,0,0,0,0,0,6,0,0,4,19,1,6,0,nan,nan,nan,nan,1,nan,nan,1,1,1,1,nan,nan,nan,nan,nan,0,nan,nan,0,0,0,0,nan,500,fresh
279945,0,0,0,0,0,0,7,0,0,4,19,1,7,0,nan,nan,nan,nan,1.167,nan,nan,1,1,1,1.167,nan,nan,nan,nan,nan,-0.067,nan,nan,0,0,0,-0.067,nan,500,fresh
281015,0,0,0,0,0,0,6,0,0,4,19,1,7,0,nan,nan,nan,nan,1,nan,nan,1,1,1,1.167,nan,nan,nan,nan,nan,0,nan,nan,0,0,0,-0.067,nan,500,fresh
282084,0,0,0,0,0,0,7,0,0,4,19,1,7,0,nan,nan,nan,nan,1.167,nan,nan,1,1,1,1.167,nan,nan,nan,nan,nan,-0.067,nan,nan,0,0,0,-0.067,nan,500,fresh
283153,0,0,0,0,0,0,7,0,0,4,19,1,7,0,nan,nan,nan,nan,1.167,nan,nan,1,1,1,1.167,nan,nan,nan,nan,nan,-0.067,nan,nan,0,0,0,-0.067,nan,500,fresh
284222,0,0,0,0,0,0,6,0,0,4,19,1,7,0,nan,nan,nan,nan,1,nan,nan,1,1,1,1.167,nan,nan,nan,nan,nan,0,nan,nan,0,0,0,-0.067,nan,500,fresh
285292,0,0,0,0,0,0,7,0,0,4,19,1,7,0,nan,nan,nan,nan,1.167,nan,nan,1,1,1,1.167,nan,nan,nan,nan,nan,-0.067,nan,nan,0,0,0,-0.067,nan,500,fresh
286361,0,0,0,0,0,0,7,0,0,4,19,1,7,0,nan,nan,nan,nan,1.167,nan,nan,1,1,1,1.167,nan,nan,nan,nan,nan,-0.067,nan,nan,0,0,0,-0.067,nan,500,fresh
287430,0,0,0,0,0,0,7,0,0,4,19,1,7,0,nan,nan,nan,nan,1.167,nan,nan,1,1,1,1.167,nan,nan,nan,nan,nan,-0.067,nan,nan,0,0,0,-0.067,nan,500,fresh
288499,0,0,0,0,0,0,6,0,0,4,19,1,7,0,nan,nan,nan,nan,1,nan,nan,1,1,1,1.167,nan,nan,nan,nan,nan,0,nan,nan,0,0,0,-0.067,nan,500,fresh
289569,0,0,0,0,0,0,7,0,0,4,19,1,7,0,nan,nan,nan,nan,1.167,nan,nan,1,1,1,1.167,nan,nan,nan,nan,nan,-0.067,nan,nan,0,0,0,-0.067,nan,500,fresh
290639,0,0,0,0,0,0,7,0,0,4,19,1,7,0,nan,nan,nan,nan,1.167,nan,nan,1,1,1,1.167,nan,nan,nan,nan,nan,-0.067,nan,nan,0,0,0,-0.067,nan,500,fresh
291709,0,0,0,0,0,0,6,0,0,4,19,1,7,0,nan,nan,nan,nan,1,nan,nan,1,1,1,1.167,nan,nan,nan,nan,nan,0,nan,nan,0,0,0,-0.067,nan,500,fresh
292779,0,0,0,0,0,0,7,0,0,4,19,1,7,0,nan,nan,nan,nan,1.167,nan,nan,1,1,1,1.167,nan,nan,nan,nan,nan,-0.067,nan,nan,0,0,0,-0.067,nan,500,fresh
293848,0,0,0,0,0,0,7,0,0,4,19,1,7,0,nan,nan,nan,nan,1.167,nan,nan,1,1,1,1.167,nan,nan,nan,nan,nan,-0.067,nan,nan,0,0,0,-0.067,nan,500,fresh
294918,0,0,0,0,0,0,7,0,0,4,19,1,7,0,nan,nan,nan,nan,1.167,nan,nan,1,1,1,1.167,nan,nan,nan,nan,nan,-0.067,nan,nan,0,0,0,-0.067,nan,500,fresh
295987,0,0,0,0,0,0,6,0,0,4,19,1,7,0,nan,nan,nan,nan,1,nan,nan,1,1,1,1.167,nan,nan,nan,nan,nan,0,nan,nan,0,0,0,-0.067,nan,500,fresh
297057,0,0,0,0,0,0,7,0,0,4,19,1,6,0,nan,nan,nan,nan,1.167,nan,nan,1,1,1,1,nan,nan,nan,nan,nan,-0.067,nan,nan,0,0,0,0,nan,500,fresh
298126,0,0,0,0,0,0,7,0,0,4,19,1,6,0,nan,nan,nan,nan,1.167,nan,nan,1,1,1,1,nan,nan,nan,nan,nan,-0.067,nan,nan,0,0,0,0,nan,500,fresh
299195,0,0,0,0,0,0,7,0,0,4,19,1,7,0,nan,nan,nan,nan,1.167,nan,nan,1,1,1,1.167,nan,nan,nan,nan,nan,-0.067,nan,nan,0,0,0,-0.067,nan,500,fresh
300265,0,0,0,0,0,0,7,0,0,4,19,1,6,0,nan,nan,nan,nan,1.167,nan,nan,1,1,1,1,nan,nan,nan,nan,nan,-0.067,nan,nan,0,0,0,0,nan,500,fresh
301335,0,0,0,0,0,0,7,0,0,4,19,1,7,0,nan,nan,nan,nan,1.167,nan,nan,1,1,1,1.167,nan,nan,nan,nan,nan,-0.067,nan,nan,0,0,0,-0.067,nan,500,fresh
302405,0,0,0,0,0,0,7,0,0,4,19,1,7,0,nan,nan,nan,nan,1.167,nan,nan,1,1,1,1.167,nan,nan,nan,nan,nan,-0.067,nan,nan,0,0,0,-0.067,nan,500,fresh
303475,0,0,0,0,0,0,7,0,0,4,19,1,7,0,nan,nan,nan,nan,1.167,nan,nan,1,1,1,1.167,nan,nan,nan,nan,nan,-0.067,nan,nan,0,0,0,-0.067,nan,500,fresh
304544,0,0,0,0,0,0,6,0,0,4,19,1,7,0,nan,nan,nan,nan,1,nan,nan,1,1,1,1.167,nan,nan,nan,nan,nan,0,nan,nan,0,0,0,-0.067,nan,500,fresh
305613,0,0,0,0,0,0,6,0,0,4,19,1,7,0,nan,nan,nan,nan,1,nan,nan,1,1,1,1.167,nan,nan,nan,nan,nan,0,nan,nan,0,0,0,-0.067,nan,500,fresh
306683,0,0,0,0,0,0,7,0,0,4,19,1,7,0,nan,nan,nan,nan,1.167,nan,nan,1,1,1,1.167,nan,nan,nan,nan,nan,-0.067,nan,nan,0,0,0,-0.067,nan,500,fresh
307752,0,0,0,0,0,0,7,0,0,3,19,1,7,0,nan,nan,nan,nan,1.167,nan,nan,0.75,1,1,1.167,nan,nan,nan,nan,nan,-0.067,nan,nan,0.125,0,0,-0.067,nan,500,fresh
308821,0,0,0,0,0,0,7,0,0,4,19,1,7,0,nan,nan,nan,nan,1.167,nan,nan,1,1,1,1.167,nan,nan,nan,nan,nan,-0.067,nan,nan,0,0,0,-0.067,nan,500,fresh
309891,0,0,0,0,0,0,7,0,0,4,19,1,6,0,nan,nan,nan,nan,1.167,nan,nan,1,1,1,1,nan,nan,nan,nan,nan,-0.067,nan,nan,0,0,0,0,nan,500,fresh
310960,0,0,0,0,0,0,7,0,0,4,19,1,7,0,nan,nan,nan,nan,1.167,nan,nan,1,1,1,1.167,nan,nan,nan,nan,nan,-0.067,nan,nan,0,0,0,-0.067,nan,500,fresh
312029,0,0,0,0,0,0,7,0,0,4,19,1,6,0,nan,nan,nan,nan,1.167,nan,nan,1,1,1,1,nan,nan,nan,nan,nan,-0.067,nan,nan,0,0,0,0,nan,500,fresh
313098,0,0,0,0,0,0,7,0,0,4,19,1,7,0,nan,nan,nan,nan,1.167,nan,nan,1,1,1,1.167,nan,nan,nan,nan,nan,-0.067,nan,nan,0,0,0,-0.067,nan,500,fresh
323795,0,0,0,0,0,0,7,0,0,4,19,1,7,0,nan,nan,nan,nan,1.167,nan,nan,1,1,1,1.167,nan,nan,nan,nan,nan,-0.067,nan,nan,0,0,0,-0.067,nan,500,fresh
324865,0,0,0,0,0,0,7,0,0,4,19,1,7,0,nan,nan,nan,nan,1.167,nan,nan,1,1,1,1.167,nan,nan,nan,nan,nan,-0.067,nan,nan,0,0,0,-0.067,nan,500,fresh
325934,0,0,0,0,0,0,7,0,0,4,19,1,7,0,nan,nan,nan,nan,1.167,nan,nan,1,1,1,1.167,nan,nan,nan,nan,nan,-0.067,nan,nan,0,0,0,-0.067,nan,500,fresh
327004,0,0,0,0,0,0,7,0,0,4,19,1,7,0,nan,nan,nan,nan,1.167,nan,nan,1,1,1,1.167,nan,nan,nan,nan,nan,-0.067,nan,nan,0,0,0,-0.067,nan,500,fresh
347322,0,0,0,0,0,0,7,0,0,4,20,1,7,0,nan,nan,nan,nan,1.167,nan,nan,1,1.053,1,1.167,nan,nan,nan,nan,nan,-0.067,nan,nan,0,-0.022,0,-0.067,nan,500,fresh
348392,0,0,0,0,0,0,7,0,0,4,20,1,7,0,nan,nan,nan,nan,1.167,nan,nan,1,1.053,1,1.167,nan,nan,nan,nan,nan,-0.067,nan,nan,0,-0.022,0,-0.067,nan,500,fresh
349461,0,0,0,0,0,0,7,0,0,4,19,1,7,0,nan,nan,nan,nan,1.167,nan,nan,1,1,1,1.167,nan,nan,nan,nan,nan,-0.067,nan,nan,0,0,0,-0.067,nan,500,fresh
350530,0,0,0,0,0,0,7,0,0,4,20,1,7,0,nan,nan,nan,nan,1.167,nan,nan,1,1.053,1,1.167,nan,nan,nan,nan,nan,-0.067,nan,nan,0,-0.022,0,-0.067,nan,500,fresh
351600,0,0,0,0,0,0,7,0,0,4,20,1,7,0,nan,nan,nan,nan,1.167,nan,nan,1,1.053,1,1.167,nan,nan,nan,nan,nan,-0.067,nan,nan,0,-0.022,0,-0.067,nan,500,fresh
352669,0,0,0,0,0,0,7,0,0,4,20,1,7,0,nan,nan,nan,nan,1.167,nan,nan,1,1.053,1,1.167,nan,nan,nan,nan,nan,-0.067,nan,nan,0,-0.022,0,-0.067,nan,500,fresh
353738,0,0,0,0,0,0,7,0,0,4,20,1,7,0,nan,nan,nan,nan,1.167,nan,nan,1,1.053,1,1.167,nan,nan,nan,nan,nan,-0.067,nan,nan,0,-0.022,0,-0.067,nan,500,fresh
354807,0,0,0,0,0,0,7,0,0,4,20,1,7,0,nan,nan,nan,nan,1.167,nan,nan,1,1.053,1,1.167,nan,nan,nan,nan,nan,-0.067,nan,nan,0,-0.022,0,-0.067,nan,500,fresh
355876,0,0,0,0,0,0,7,0,0,4,20,1,7,0,nan,nan,nan,nan,1.167,nan,nan,1,1.053,1,1.167,nan,nan,nan,nan,nan,-0.067,nan,nan,0,-0.022,0,-0.067,nan,500,fresh
356945,0,0,0,0,0,0,7,0,0,4,20,1,7,0,nan,nan,nan,nan,1.167,nan,nan,1,1.053,1,1.167,nan,nan,nan,nan,nan,-0.067,nan,nan,0,-0.022,0,-0.067,nan,500,fresh
358014,0,0,0,0,0,0,7,0,0,4,20,1,7,0,nan,nan,nan,nan,1.167,nan,nan,1,1.053,1,1.167,nan,nan,nan,nan,nan,-0.067,nan,nan,0,-0.022,0,-0.067,nan,500,fresh
359084,0,0,0,0,0,0,7,0,0,4,20,1,7,0,nan,nan,nan,nan,1.167,nan,nan,1,1.053,1,1.167,nan,nan,nan,nan,nan,-0.067,nan,nan,0,-0.022,0,-0.067,nan,500,fresh
360154,0,0,0,0,0,0,7,0,0,4,20,1,7,0,nan,nan,nan,nan,1.167,nan,nan,1,1.053,1,1.167,nan,nan,nan,nan,nan,-0.067,nan,nan,0,-0.022,0,-0.067,nan,500,fresh
361224,0,0,0,0,0,0,7,0,0,4,20,1,7,0,nan,nan,nan,nan,1.167,nan,nan,1,1.053,1,1.167,nan,nan,nan,nan,nan,-0.067,nan,nan,0,-0.022,0,-0.067,nan,500,fresh
362294,0,0,0,0,0,0,7,0,0,4,19,1,7,0,nan,nan,nan,nan,1.167,nan,nan,1,1,1,1.167,nan,nan,nan,nan,nan,-0.067,nan,nan,0,0,0,-0.067,nan,500,fresh
363364,0,0,0,0,0,0,7,0,0,4,20,1,7,0,nan,nan,nan,nan,1.167,nan,nan,1,1.053,1,1.167,nan,nan,nan,nan,nan,-0.067,nan,nan,0,-0.022,0,-0.067,nan,500,fresh
364434,0,0,0,0,0,0,7,0,0,4,20,1,7,0,nan,nan,nan,nan,1.167,nan,nan,1,1.053,1,1.167,nan,nan,nan,nan,nan,-0.067,nan,nan,0,-0.022,0,-0.067,nan,500,fresh
365504,0,0,0,0,0,0,7,0,0,4,20,1,7,0,nan,nan,nan,nan,1.167,nan,nan,1,1.053,1,1.167,nan,nan,nan,nan,nan,-0.067,nan,nan,0,-0.022,0,-0.067,nan,500,fresh
366574,0,0,0,0,0,0,7,0,0,4,20,1,7,0,nan,nan,nan,nan,1.167,nan,nan,1,1.053,1,1.167,nan,nan,nan,nan,nan,-0.067,nan,nan,0,-0.022,0,-0.067,nan,500,fresh
367643,0,0,0,0,0,0,7,0,0,4,20,1,7,0,nan,nan,nan,nan,1.167,nan,nan,1,1.053,1,1.167,nan,nan,nan,nan,nan,-0.067,nan,nan,0,-0.022,0,-0.067,nan,500,fresh
368713,0,0,0,0,0,0,7,0,0,4,20,1,7,0,nan,nan,nan,nan,1.167,nan,nan,1,1.053,1,1.167,nan,nan,nan,nan,nan,-0.067,nan,nan,0,-0.022,0,-0.067,nan,500,fresh
369783,0,0,0,0,0,0,7,0,0,4,20,1,7,0,nan,nan,nan,nan,1.167,nan,nan,1,1.053,1,1.167,nan,nan,nan,nan,nan,-0.067,nan,nan,0,-0.022,0,-0.067,nan,500,fresh
370852,0,0,0,0,0,0,7,0,0,4,20,1,7,0,nan,nan,nan,nan,1.167,nan,nan,1,1.053,1,1.167,nan,nan,nan,nan,nan,-0.067,nan,nan,0,-0.022,0,-0.067,nan,500,fresh
371922,0,0,0,0,0,0,7,0,0,4,20,1,7,0,nan,nan,nan,nan,1.167,nan,nan,1,1.053,1,1.167,nan,nan,nan,nan,nan,-0.067,nan,nan,0,-0.022,0,-0.067,nan,500,fresh
372991,0,0,0,0,0,0,7,0,0,4,20,1,7,0,nan,nan,nan,nan,1.167,nan,nan,1,1.053,1,1.167,nan,nan,nan,nan,nan,-0.067,nan,nan,0,-0.022,0,-0.067,nan,500,fresh
374059,0,0,0,0,0,0,7,0,0,4,19,1,7,0,nan,nan,nan,nan,1.167,nan,nan,1,1,1,1.167,nan,nan,nan,nan,nan,-0.067,nan,nan,0,0,0,-0.067,nan,500,fresh
375127,0,0,0,0,0,0,7,0,0,4,20,1,7,0,nan,nan,nan,nan,1.167,nan,nan,1,1.053,1,1.167,nan,nan,nan,nan,nan,-0.067,nan,nan,0,-0.022,0,-0.067,nan,500,fresh
376197,0,0,0,0,0,0,7,0,0,4,20,1,7,0,nan,nan,nan,nan,1.167,nan,nan,1,1.053,1,1.167,nan,nan,nan,nan,nan,-0.067,nan,nan,0,-0.022,0,-0.067,nan,500,fresh
377265,0,0,0,0,0,0,7,0,0,4,19,1,7,0,nan,nan,nan,nan,1.167,nan,nan,1,1,1,1.167,nan,nan,nan,nan,nan,-0.067,nan,nan,0,0,0,-0.067,nan,500,fresh
378333,0,0,0,0,0,0,7,0,0,4,20,1,7,0,nan,nan,nan,nan,1.167,nan,nan,1,1.053,1,1.167,nan,nan,nan,nan,nan,-0.067,nan,nan,0,-0.022,0,-0.067,nan,500,fresh
379403,0,0,0,0,0,0,7,0,0,4,20,1,7,0,nan,nan,nan,nan,1.167,nan,nan,1,1.053,1,1.167,nan,nan,nan,nan,nan,-0.067,nan,nan,0,-0.022,0,-0.067,nan,500,fresh
380473,0,0,0,0,0,0,7,0,0,4,20,1,7,0,nan,nan,nan,nan,1.167,nan,nan,1,1.053,1,1.167,nan,nan,nan,nan,nan,-0.067,nan,nan,0,-0.022,0,-0.067,nan,500,fresh
381542,0,0,0,0,0,0,7,0,0,4,20,1,7,0,nan,nan,nan,nan,1.167,nan,nan,1,1.053,1,1.167,nan,nan,nan,nan,nan,-0.067,nan,nan,0,-0.022,0,-0.067,nan,500,fresh
382612,0,0,0,0,0,0,7,0,0,4,20,1,7,0,nan,nan,nan,nan,1.167,nan,nan,1,1.053,1,1.167,nan,nan,nan,nan,nan,-0.067,nan,nan,0,-0.022,0,-0.067,nan,500,fresh
383681,0,0,0,0,0,0,7,0,0,4,19,1,7,0,nan,nan,nan,nan,1.167,nan,nan,1,1,1,1.167,nan,nan,nan,nan,nan,-0.067,nan,nan,0,0,0,-0.067,nan,500,fresh
384750,0,0,0,0,0,0,7,0,0,4,20,1,7,0,nan,nan,nan,nan,1.167,nan,nan,1,1.053,1,1.167,nan,nan,nan,nan,nan,-0.067,nan,nan,0,-0.022,0,-0.067,nan,500,fresh
385819,0,0,0,0,0,0,7,0,0,4,20,1,7,0,nan,nan,nan,nan,1.167,nan,nan,1,1.053,1,1.167,nan,nan,nan,nan,nan,-0.067,nan,nan,0,-0.022,0,-0.067,nan,500,fresh
386889,0,0,0,0,0,0,6,0,0,4,19,1,7,0,nan,nan,nan,nan,1,nan,nan,1,1,1,1.167,nan,nan,nan,nan,nan,0,nan,nan,0,0,0,-0.067,nan,500,fresh
387957,0,0,0,0,0,0,7,0,0,4,20,1,7,0,nan,nan,nan,nan,1.167,nan,nan,1,1.053,1,1.167,nan,nan,nan,nan,nan,-0.067,nan,nan,0,-0.022,0,-0.067,nan,500,fresh
389027,0,0,0,0,0,0,7,0,0,4,20,1,7,0,nan,nan,nan,nan,1.167,nan,nan,1,1.053,1,1.167,nan,nan,nan,nan,nan,-0.067,nan,nan,0,-0.022,0,-0.067,nan,500,fresh
390096,0,0,0,0,0,0,7,0,0,4,20,1,7,0,nan,nan,nan,nan,1.167,nan,nan,1,1.053,1,1.167,nan,nan,nan,nan,nan,-0.067,nan,nan,0,-0.022,0,-0.067,nan,500,fresh
391165,0,0,0,0,0,0,7,0,0,4,20,1,7,0,nan,nan,nan,nan,1.167,nan,nan,1,1.053,1,1.167,nan,nan,nan,nan,nan,-0.067,nan,nan,0,-0.022,0,-0.067,nan,500,fresh
392235,0,0,0,0,0,0,7,0,0,4,19,1,7,0,nan,nan,nan,nan,1.167,nan,nan,1,1,1,1.167,nan,nan,nan,nan,nan,-0.067,nan,nan,0,0,0,-0.067,nan,500,fresh
393304,0,0,0,0,0,0,7,0,0,4,19,1,7,0,nan,nan,nan,nan,1.167,nan,nan,1,1,1,1.167,nan,nan,nan,nan,nan,-0.067,nan,nan,0,0,0,-0.067,nan,500,fresh
394373,0,0,0,0,0,0,7,0,0,4,19,1,7,0,nan,nan,nan,nan,1.167,nan,nan,1,1,1,1.167,nan,nan,nan,nan,nan,-0.067,nan,nan,0,0,0,-0.067,nan,500,fresh
395443,0,0,0,0,0,0,7,0,0,4,19,1,7,0,nan,nan,nan,nan,1.167,nan,nan,1,1,1,1.167,nan,nan,nan,nan,nan,-0.067,nan,nan,0,0,0,-0.067,nan,500,fresh
396513,0,0,0,0,0,0,7,0,0,4,19,1,7,0,nan,nan,nan,nan,1.167,nan,nan,1,1,1,1.167,nan,nan,nan,nan,nan,-0.067,nan,nan,0,0,0,-0.067,nan,500,fresh
397582,0,0,0,0,0,0,7,0,0,4,20,1,7,0,nan,nan,nan,nan,1.167,nan,nan,1,1.053,1,1.167,nan,nan,nan,nan,nan,-0.067,nan,nan,0,-0.022,0,-0.067,nan,500,fresh
398651,0,0,0,0,0,0,7,0,0,4,19,1,7,0,nan,nan,nan,nan,1.167,nan,nan,1,1,1,1.167,nan,nan,nan,nan,nan,-0.067,nan,nan,0,0,0,-0.067,nan,500,fresh
399720,0,0,0,0,0,0,7,0,0,4,20,1,7,0,nan,nan,nan,nan,1.167,nan,nan,1,1.053,1,1.167,nan,nan,nan,nan,nan,-0.067,nan,nan,0,-0.022,0,-0.067,nan,500,fresh
400789,0,0,0,0,0,0,7,0,0,4,20,1,7,0,nan,nan,nan,nan,1.167,nan,nan,1,1.053,1,1.167,nan,nan,nan,nan,nan,-0.067,nan,nan,0,-0.022,0,-0.067,nan,500,fresh
401859,0,0,0,0,0,0,7,0,0,4,19,1,7,0,nan,nan,nan,nan,1.167,nan,nan,1,1,1,1.167,nan,nan,nan,nan,nan,-0.067,nan,nan,0,0,0,-0.067,nan,500,fresh
402928,0,0,0,0,0,0,7,0,0,4,20,1,7,0,nan,nan,nan,nan,1.167,nan,nan,1,1.053,1,1.167,nan,nan,nan,nan,nan,-0.067,nan,nan,0,-0.022,0,-0.067,nan,500,fresh
403997,0,0,0,0,0,0,7,0,0,4,19,1,7,0,nan,nan,nan,nan,1.167,nan,nan,1,1,1,1.167,nan,nan,nan,nan,nan,-0.067,nan,nan,0,0,0,-0.067,nan,500,fresh
405067,0,0,0,0,0,0,7,0,0,4,19,1,7,0,nan,nan,nan,nan,1.167,nan,nan,1,1,1,1.167,nan,nan,nan,nan,nan,-0.067,nan,nan,0,0,0,-0.067,nan,500,fresh
406136,0,0,0,0,0,0,6,0,0,4,19,1,7,0,nan,nan,nan,nan,1,nan,nan,1,1,1,1.167,nan,nan,nan,nan,nan,0,nan,nan,0,0,0,-0.067,nan,500,fresh
407206,0,0,0,0,0,0,7,0,0,4,19,1,7,0,nan,nan,nan,nan,1.167,nan,nan,1,1,1,1.167,nan,nan,nan,nan,nan,-0.067,nan,nan,0,0,0,-0.067,nan,500,fresh
408276,0,0,0,0,0,0,7,0,0,4,19,1,7,0,nan,nan,nan,nan,1.167,nan,nan,1,1,1,1.167,nan,nan,nan,nan,nan,-0.067,nan,nan,0,0,0,-0.067,nan,500,fresh
409345,0,0,0,0,0,0,7,0,0,4,19,1,7,0,nan,nan,nan,nan,1.167,nan,nan,1,1,1,1.167,nan,nan,nan,nan,nan,-0.067,nan,nan,0,0,0,-0.067,nan,500,fresh
410415,0,0,0,0,0,0,7,0,0,4,19,1,7,0,nan,nan,nan,nan,1.167,nan,nan,1,1,1,1.167,nan,nan,nan,nan,nan,-0.067,nan,nan,0,0,0,-0.067,nan,500,fresh
411485,0,0,0,0,0,0,7,0,0,4,19,1,7,0,nan,nan,nan,nan,1.167,nan,nan,1,1,1,1.167,nan,nan,nan,nan,nan,-0.067,nan,nan,0,0,0,-0.067,nan,500,fresh
412555,0,0,0,0,0,0,7,0,0,4,19,1,7,0,nan,nan,nan,nan,1.167,nan,nan,1,1,1,1.167,nan,nan,nan,nan,nan,-0.067,nan,nan,0,0,0,-0.067,nan,500,fresh
413625,0,0,0,0,0,0,7,0,0,4,19,1,7,0,nan,nan,nan,nan,1.167,nan,nan,1,1,1,1.167,nan,nan,nan,nan,nan,-0.067,nan,nan,0,0,0,-0.067,nan,500,fresh
414694,0,0,0,0,0,0,7,0,0,4,19,1,7,0,nan,nan,nan,nan,1.167,nan,nan,1,1,1,1.167,nan,nan,nan,nan,nan,-0.067,nan,nan,0,0,0,-0.067,nan,500,fresh
415763,0,0,0,0,0,0,7,0,0,4,19,1,7,0,nan,nan,nan,nan,1.167,nan,nan,1,1,1,1.167,nan,nan,nan,nan,nan,-0.067,nan,nan,0,0,0,-0.067,nan,500,fresh
416832,0,0,0,0,0,0,7,0,0,4,19,1,7,0,nan,nan,nan,nan,1.167,nan,nan,1,1,1,1.167,nan,nan,nan,nan,nan,-0.067,nan,nan,0,0,0,-0.067,nan,500,fresh
417901,0,0,0,0,0,0,7,0,0,4,19,1,7,0,nan,nan,nan,nan,1.167,nan,nan,1,1,1,1.167,nan,nan,nan,nan,nan,-0.067,nan,nan,0,0,0,-0.067,nan,500,fresh
418971,0,0,0,0,0,0,7,0,0,4,19,1,7,0,nan,nan,nan,nan,1.167,nan,nan,1,1,1,1.167,nan,nan,nan,nan,nan,-0.067,nan,nan,0,0,0,-0.067,nan,500,fresh
420041,0,0,0,0,0,0,7,0,0,4,19,1,7,0,nan,nan,nan,nan,1.167,nan,nan,1,1,1,1.167,nan,nan,nan,nan,nan,-0.067,nan,nan,0,0,0,-0.067,nan,500,fresh
421111,0,0,0,0,0,0,7,0,0,4,19,1,7,0,nan,nan,nan,nan,1.167,nan,nan,1,1,1,1.167,nan,nan,nan,nan,nan,-0.067,nan,nan,0,0,0,-0.067,nan,500,fresh
422181,0,0,0,0,0,0,7,0,0,4,20,1,7,0,nan,nan,nan,nan,1.167,nan,nan,1,1.053,1,1.167,nan,nan,nan,nan,nan,-0.067,nan,nan,0,-0.022,0,-0.067,nan,500,fresh
423250,0,0,0,0,0,0,7,0,0,4,19,1,7,0,nan,nan,nan,nan,1.167,nan,nan,1,1,1,1.167,nan,nan,nan,nan,nan,-0.067,nan,nan,0,0,0,-0.067,nan,500,fresh
424319,0,0,0,0,0,0,7,0,0,4,19,1,7,0,nan,nan,nan,nan,1.167,nan,nan,1,1,1,1.167,nan,nan,nan,nan,nan,-0.067,nan,nan,0,0,0,-0.067,nan,500,fresh
425389,0,0,0,0,0,0,7,0,0,4,19,1,7,0,nan,nan,nan,nan,1.167,nan,nan,1,1,1,1.167,nan,nan,nan,nan,nan,-0.067,nan,nan,0,0,0,-0.067,nan,500,fresh
426457,0,0,0,0,0,0,7,0,0,4,20,1,7,0,nan,nan,nan,nan,1.167,nan,nan,1,1.053,1,1.167,nan,nan,nan,nan,nan,-0.067,nan,nan,0,-0.022,0,-0.067,nan,500,fresh
427527,0,0,0,0,0,0,7,0,0,4,19,1,7,0,nan,nan,nan,nan,1.167,nan,nan,1,1,1,1.167,nan,nan,nan,nan,nan,-0.067,nan,nan,0,0,0,-0.067,nan,500,fresh
428597,0,0,0,0,0,0,7,0,0,4,19,1,7,0,nan,nan,nan,nan,1.167,nan,nan,1,1,1,1.167,nan,nan,nan,nan,nan,-0.067,nan,nan,0,0,0,-0.067,nan,500,fresh
429666,0,0,0,0,0,0,7,0,0,4,19,1,7,0,nan,nan,nan,nan,1.167,nan,nan,1,1,1,1.167,nan,nan,nan,nan,nan,-0.067,nan,nan,0,0,0,-0.067,nan,500,fresh
430736,0,0,0,0,0,0,7,0,0,4,19,1,7,0,nan,nan,nan,nan,1.167,nan,nan,1,1,1,1.167,nan,nan,nan,nan,nan,-0.067,nan,nan,0,0,0,-0.067,nan,500,fresh
431806,0,0,0,0,0,0,7,0,0,4,19,1,7,0,nan,nan,nan,nan,1.167,nan,nan,1,1,1,1.167,nan,nan,nan,nan,nan,-0.067,nan,nan,0,0,0,-0.067,nan,500,fresh
432875,0,0,0,0,0,0,7,0,0,4,19,1,7,0,nan,nan,nan,nan,1.167,nan,nan,1,1,1,1.167,nan,nan,nan,nan,nan,-0.067,nan,nan,0,0,0,-0.067,nan,500,fresh
433945,0,0,0,0,0,0,7,0,0,4,19,1,7,0,nan,nan,nan,nan,1.167,nan,nan,1,1,1,1.167,nan,nan,nan,nan,nan,-0.067,nan,nan,0,0,0,-0.067,nan,500,fresh
435015,0,0,0,0,0,0,7,0,0,4,19,1,7,0,nan,nan,nan,nan,1.167,nan,nan,1,1,1,1.167,nan,nan,nan,nan,nan,-0.067,nan,nan,0,0,0,-0.067,nan,500,fresh
436085,0,0,0,0,0,0,7,0,0,4,19,1,7,0,nan,nan,nan,nan,1.167,nan,nan,1,1,1,1.167,nan,nan,nan,nan,nan,-0.067,nan,nan,0,0,0,-0.067,nan,500,fresh
437154,0,0,0,0,0,0,7,0,0,4,19,1,7,0,nan,nan,nan,nan,1.167,nan,nan,1,1,1,1.167,nan,nan,nan,nan,nan,-0.067,nan,nan,0,0,0,-0.067,nan,500,fresh
438224,0,0,0,0,0,0,7,0,0,4,19,1,7,0,nan,nan,nan,nan,1.167,nan,nan,1,1,1,1.167,nan,nan,nan,nan,nan,-0.067,nan,nan,0,0,0,-0.067,nan,500,fresh
50008,0,0,0,0,0,0,7,0,0,4,19,1,7,0,nan,nan,nan,nan,1.167,nan,nan,1,1,1,1.167,nan,nan,nan,nan,nan,-0.067,nan,nan,0,0,0,-0.067,nan,500,fresh
51077,0,0,0,0,0,0,6,0,0,4,19,1,7,0,nan,nan,nan,nan,1,nan,nan,1,1,1,1.167,nan,nan,nan,nan,nan,0,nan,nan,0,0,0,-0.067,nan,500,fresh
52146,0,0,0,0,0,0,7,0,0,4,19,1,7,0,nan,nan,nan,nan,1.167,nan,nan,1,1,1,1.167,nan,nan,nan,nan,nan,-0.067,nan,nan,0,0,0,-0.067,nan,500,fresh
53216,0,0,0,0,0,0,7,0,0,4,19,1,6,0,nan,nan,nan,nan,1.167,nan,nan,1,1,1,1,nan,nan,nan,nan,nan,-0.067,nan,nan,0,0,0,0,nan,500,fresh
54285,0,0,0,0,0,0,7,0,0,4,19,1,7,0,nan,nan,nan,nan,1.167,nan,nan,1,1,1,1.167,nan,nan,nan,nan,nan,-0.067,nan,nan,0,0,0,-0.067,nan,500,fresh
55355,0,0,0,0,0,0,7,0,0,4,19,1,6,0,nan,nan,nan,nan,1.167,nan,nan,1,1,1,1,nan,nan,nan,nan,nan,-0.067,nan,nan,0,0,0,0,nan,500,fresh
56425,0,0,0,0,0,0,7,0,0,4,19,1,7,0,nan,nan,nan,nan,1.167,nan,nan,1,1,1,1.167,nan,nan,nan,nan,nan,-0.067,nan,nan,0,0,0,-0.067,nan,500,fresh
57495,0,0,0,0,0,0,7,0,0,4,19,1,7,0,nan,nan,nan,nan,1.167,nan,nan,1,1,1,1.167,nan,nan,nan,nan,nan,-0.067,nan,nan,0,0,0,-0.067,nan,500,fresh
58564,0,0,0,0,0,0,7,0,0,4,19,1,7,0,nan,nan,nan,nan,1.167,nan,nan,1,1,1,1.167,nan,nan,nan,nan,nan,-0.067,nan,nan,0,0,0,-0.067,nan,500,fresh
59634,0,0,0,0,0,0,7,0,0,4,19,1,7,0,nan,nan,nan,nan,1.167,nan,nan,1,1,1,1.167,nan,nan,nan,nan,nan,-0.067,nan,nan,0,0,0,-0.067,nan,500,fresh
60704,0,0,0,0,0,0,7,0,0,4,19,1,7,0,nan,nan,nan,nan,1.167,nan,nan,1,1,1,1.167,nan,nan,nan,nan,nan,-0.067,nan,nan,0,0,0,-0.067,nan,500,fresh
61774,0,0,0,0,0,0,7,0,0,4,19,1,7,0,nan,nan,nan,nan,1.167,nan,nan,1,1,1,1.167,nan,nan,nan,nan,nan,-0.067,nan,nan,0,0,0,-0.067,nan,500,fresh
62844,0,0,0,0,0,0,6,0,0,4,19,1,7,0,nan,nan,nan,nan,1,nan,nan,1,1,1,1.167,nan,nan,nan,nan,nan,0,nan,nan,0,0,0,-0.067,nan,500,fresh
63913,0,0,0,0,0,0,7,0,0,4,19,1,7,0,nan,nan,nan,nan,1.167,nan,nan,1,1,1,1.167,nan,nan,nan,nan,nan,-0.067,nan,nan,0,0,0,-0.067,nan,500,fresh
64983,0,0,0,0,0,0,7,0,0,4,19,1,7,0,nan,nan,nan,nan,1.167,nan,nan,1,1,1,1.167,nan,nan,nan,nan,nan,-0.067,nan,nan,0,0,0,-0.067,nan,500,fresh
66053,0,0,0,0,0,0,7,0,0,4,19,1,7,0,nan,nan,nan,nan,1.167,nan,nan,1,1,1,1.167,nan,nan,nan,nan,nan,-0.067,nan,nan,0,0,0,-0.067,nan,500,fresh
67123,0,0,0,0,0,0,7,0,0,4,19,1,7,0,nan,nan,nan,nan,1.167,nan,nan,1,1,1,1.167,nan,nan,nan,nan,nan,-0.067,nan,nan,0,0,0,-0.067,nan,500,fresh
68193,0,0,0,0,0,0,7,0,0,4,19,1,7,0,nan,nan,nan,nan,1.167,nan,nan,1,1,1,1.167,nan,nan,nan,nan,nan,-0.067,nan,nan,0,0,0,-0.067,nan,500,fresh
69263,0,0,0,0,0,0,7,0,0,4,19,1,7,0,nan,nan,nan,nan,1.167,nan,nan,1,1,1,1.167,nan,nan,nan,nan,nan,-0.067,nan,nan,0,0,0,-0.067,nan,500,fresh
70333,0,0,0,0,0,0,7,0,0,4,19,1,7,0,nan,nan,nan,nan,1.167,nan,nan,1,1,1,1.167,nan,nan,nan,nan,nan,-0.067,nan,nan,0,0,0,-0.067,nan,500,fresh
71403,0,0,0,0,0,0,7,0,0,4,19,1,7,0,nan,nan,nan,nan,1.167,nan,nan,1,1,1,1.167,nan,nan,nan,nan,nan,-0.067,nan,nan,0,0,0,-0.067,nan,500,fresh
72473,0,0,0,0,0,0,6,0,0,4,19,1,7,0,nan,nan,nan,nan,1,nan,nan,1,1,1,1.167,nan,nan,nan,nan,nan,0,nan,nan,0,0,0,-0.067,nan,500,fresh
73542,0,0,0,0,0,0,7,0,0,4,19,1,6,0,nan,nan,nan,nan,1.167,nan,nan,1,1,1,1,nan,nan,nan,nan,nan,-0.067,nan,nan,0,0,0,0,nan,500,fresh
74611,0,0,0,0,0,0,7,0,0,4,19,1,7,0,nan,nan,nan,nan,1.167,nan,nan,1,1,1,1.167,nan,nan,nan,nan,nan,-0.067,nan,nan,0,0,0,-0.067,nan,500,fresh
75681,0,0,0,0,0,0,7,0,0,4,19,1,7,0,nan,nan,nan,nan,1.167,nan,nan,1,1,1,1.167,nan,nan,nan,nan,nan,-0.067,nan,nan,0,0,0,-0.067,nan,500,fresh
76751,0,0,0,0,0,0,7,0,0,4,19,1,7,0,nan,nan,nan,nan,1.167,nan,nan,1,1,1,1.167,nan,nan,nan,nan,nan,-0.067,nan,nan,0,0,0,-0.067,nan,500,fresh
77821,0,0,0,0,0,0,7,0,0,4,19,1,7,0,nan,nan,nan,nan,1.167,nan,nan,1,1,1,1.167,nan,nan,nan,nan,nan,-0.067,nan,nan,0,0,0,-0.067,nan,500,fresh
78891,0,0,0,0,0,0,7,0,0,4,19,1,7,0,nan,nan,nan,nan,1.167,nan,nan,1,1,1,1.167,nan,nan,nan,nan,nan,-0.067,nan,nan,0,0,0,-0.067,nan,500,fresh
79960,0,0,0,0,0,0,7,0,0,4,19,1,6,0,nan,nan,nan,nan,1.167,nan,nan,1,1,1,1,nan,nan,nan,nan,nan,-0.067,nan,nan,0,0,0,0,nan,500,fresh
81030,0,0,0,0,0,0,6,0,0,4,19,1,7,0,nan,nan,nan,nan,1,nan,nan,1,1,1,1.167,nan,nan,nan,nan,nan,0,nan,nan,0,0,0,-0.067,nan,500,fresh
82099,0,0,0,0,0,0,7,0,0,4,19,1,7,0,nan,nan,nan,nan,1.167,nan,nan,1,1,1,1.167,nan,nan,nan,nan,nan,-0.067,nan,nan,0,0,0,-0.067,nan,500,fresh
83168,0,0,0,0,0,0,7,0,0,4,19,1,7,0,nan,nan,nan,nan,1.167,nan,nan,1,1,1,1.167,nan,nan,nan,nan,nan,-0.067,nan,nan,0,0,0,-0.067,nan,500,fresh
84238,0,0,0,0,0,0,7,0,0,4,19,1,6,0,nan,nan,nan,nan,1.167,nan,nan,1,1,1,1,nan,nan,nan,nan,nan,-0.067,nan,nan,0,0,0,0,nan,500,fresh
85308,0,0,0,0,0,0,7,0,0,4,19,1,7,0,nan,nan,nan,nan,1.167,nan,nan,1,1,1,1.167,nan,nan,nan,nan,nan,-0.067,nan,nan,0,0,0,-0.067,nan,500,fresh
86377,0,0,0,0,0,0,7,0,0,4,19,1,7,0,nan,nan,nan,nan,1.167,nan,nan,1,1,1,1.167,nan,nan,nan,nan,nan,-0.067,nan,nan,0,0,0,-0.067,nan,500,fresh
87447,0,0,0,0,0,0,7,0,0,4,19,1,7,0,nan,nan,nan,nan,1.167,nan,nan,1,1,1,1.167,nan,nan,nan,nan,nan,-0.067,nan,nan,0,0,0,-0.067,nan,500,fresh
88516,0,0,0,0,0,0,6,0,0,4,19,1,7,0,nan,nan,nan,nan,1,nan,nan,1,1,1,1.167,nan,nan,nan,nan,nan,0,nan,nan,0,0,0,-0.067,nan,500,fresh
89586,0,0,0,0,0,0,7,0,0,4,19,1,7,0,nan,nan,nan,nan,1.167,nan,nan,1,1,1,1.167,nan,nan,nan,nan,nan,-0.067,nan,nan,0,0,0,-0.067,nan,500,fresh
90655,0,0,0,0,0,0,7,0,0,4,19,1,7,0,nan,nan,nan,nan,1.167,nan,nan,1,1,1,1.167,nan,nan,nan,nan,nan,-0.067,nan,nan,0,0,0,-0.067,nan,500,fresh
91723,0,0,0,0,0,0,7,0,0,4,19,1,7,0,nan,nan,nan,nan,1.167,nan,nan,1,1,1,1.167,nan,nan,nan,nan,nan,-0.067,nan,nan,0,0,0,-0.067,nan,500,fresh
92792,0,0,0,0,0,0,7,0,0,4,19,1,7,0,nan,nan,nan,nan,1.167,nan,nan,1,1,1,1.167,nan,nan,nan,nan,nan,-0.067,nan,nan,0,0,0,-0.067,nan,500,fresh
93862,0,0,0,0,0,0,6,0,0,4,19,1,7,0,nan,nan,nan,nan,1,nan,nan,1,1,1,1.167,nan,nan,nan,nan,nan,0,nan,nan,0,0,0,-0.067,nan,500,fresh
94931,0,0,0,0,0,0,7,0,0,4,19,1,7,0,nan,nan,nan,nan,1.167,nan,nan,1,1,1,1.167,nan,nan,nan,nan,nan,-0.067,nan,nan,0,0,0,-0.067,nan,500,fresh
96000,0,0,0,0,0,0,7,0,0,4,19,1,7,0,nan,nan,nan,nan,1.167,nan,nan,1,1,1,1.167,nan,nan,nan,nan,nan,-0.067,nan,nan,0,0,0,-0.067,nan,500,fresh
97069,0,0,0,0,0,0,7,0,0,4,19,1,7,0,nan,nan,nan,nan,1.167,nan,nan,1,1,1,1.167,nan,nan,nan,nan,nan,-0.067,nan,nan,0,0,0,-0.067,nan,500,fresh
98138,0,0,0,0,0,0,7,0,0,4,19,1,7,0,nan,nan,nan,nan,1.167,nan,nan,1,1,1,1.167,nan,nan,nan,nan,nan,-0.067,nan,nan,0,0,0,-0.067,nan,500,fresh
99207,0,0,0,0,0,0,7,0,0,4,19,1,7,0,nan,nan,nan,nan,1.167,nan,nan,1,1,1,1.167,nan,nan,nan,nan,nan,-0.067,nan,nan,0,0,0,-0.067,nan,500,fresh
100276,0,0,0,0,0,0,7,0,0,4,19,1,7,0,nan,nan,nan,nan,1.167,nan,nan,1,1,1,1.167,nan,nan,nan,nan,nan,-0.067,nan,nan,0,0,0,-0.067,nan,500,fresh
101346,0,0,0,0,0,0,7,0,0,4,19,1,7,0,nan,nan,nan,nan,1.167,nan,nan,1,1,1,1.167,nan,nan,nan,nan,nan,-0.067,nan,nan,0,0,0,-0.067,nan,500,fresh
102416,0,0,0,0,0,0,7,0,0,4,19,1,7,0,nan,nan,nan,nan,1.167,nan,nan,1,1,1,1.167,nan,nan,nan,nan,nan,-0.067,nan,nan,0,0,0,-0.067,nan,500,fresh
103485,0,0,0,0,0,0,7,0,0,3,19,1,7,0,nan,nan,nan,nan,1.167,nan,nan,0.75,1,1,1.167,nan,nan,nan,nan,nan,-0.067,nan,nan,0.125,0,0,-0.067,nan,500,fresh
104555,0,0,0,0,0,0,6,0,0,4,19,1,7,0,nan,nan,nan,nan,1,nan,nan,1,1,1,1.167,nan,nan,nan,nan,nan,0,nan,nan,0,0,0,-0.067,nan,500,fresh
105625,0,0,0,0,0,0,7,0,0,4,19,1,7,0,nan,nan,nan,nan,1.167,nan,nan,1,1,1,1.167,nan,nan,nan,nan,nan,-0.067,nan,nan,0,0,0,-0.067,nan,500,fresh
106694,0,0,0,0,0,0,7,0,0,4,19,1,7,0,nan,nan,nan,nan,1.167,nan,nan,1,1,1,1.167,nan,nan,nan,nan,nan,-0.067,nan,nan,0,0,0,-0.067,nan,500,fresh
107763,0,0,0,0,0,0,7,0,0,4,19,1,7,0,nan,nan,nan,nan,1.167,nan,nan,1,1,1,1.167,nan,nan,nan,nan,nan,-0.067,nan,nan,0,0,0,-0.067,nan,500,fresh
108833,0,0,0,0,0,0,7,0,0,4,19,1,7,0,nan,nan,nan,nan,1.167,nan,nan,1,1,1,1.167,nan,nan,nan,nan,nan,-0.067,nan,nan,0,0,0,-0.067,nan,500,fresh
109903,0,0,0,0,0,0,7,0,0,4,19,1,7,0,nan,nan,nan,nan,1.167,nan,nan,1,1,1,1.167,nan,nan,nan,nan,nan,-0.067,nan,nan,0,0,0,-0.067,nan,500,fresh
110971,0,0,0,0,0,0,7,0,0,4,19,1,7,0,nan,nan,nan,nan,1.167,nan,nan,1,1,1,1.167,nan,nan,nan,nan,nan,-0.067,nan,nan,0,0,0,-0.067,nan,500,fresh
112041,0,0,0,0,0,0,7,0,0,4,19,1,7,0,nan,nan,nan,nan,1.167,nan,nan,1,1,1,1.167,nan,nan,nan,nan,nan,-0.067,nan,nan,0,0,0,-0.067,nan,500,fresh
113111,0,0,0,0,0,0,7,0,0,4,19,1,7,0,nan,nan,nan,nan,1.167,nan,nan,1,1,1,1.167,nan,nan,nan,nan,nan,-0.067,nan,nan,0,0,0,-0.067,nan,500,fresh
114180,0,0,0,0,0,0,7,0,0,4,19,1,7,0,nan,nan,nan,nan,1.167,nan,nan,1,1,1,1.167,nan,nan,nan,nan,nan,-0.067,nan,nan,0,0,0,-0.067,nan,500,fresh
115250,0,0,0,0,0,0,7,0,0,4,19,1,7,0,nan,nan,nan,nan,1.167,nan,nan,1,1,1,1.167,nan,nan,nan,nan,nan,-0.067,nan,nan,0,0,0,-0.067,nan,500,fresh
116319,0,0,0,0,0,0,7,0,0,4,19,1,7,0,nan,nan,nan,nan,1.167,nan,nan,1,1,1,1.167,nan,nan,nan,nan,nan,-0.067,nan,nan,0,0,0,-0.067,nan,500,fresh
117388,0,0,0,0,0,0,7,0,0,4,19,1,7,0,nan,nan,nan,nan,1.167,nan,nan,1,1,1,1.167,nan,nan,nan,nan,nan,-0.067,nan,nan,0,0,0,-0.067,nan,500,fresh
118457,0,0,0,0,0,0,7,0,0,4,19,1,7,0,nan,nan,nan,nan,1.167,nan,nan,1,1,1,1.167,nan,nan,nan,nan,nan,-0.067,nan,nan,0,0,0,-0.067,nan,500,fresh
119526,0,0,0,0,0,0,7,0,0,4,19,1,7,0,nan,nan,nan,nan,1.167,nan,nan,1,1,1,1.167,nan,nan,nan,nan,nan,-0.067,nan,nan,0,0,0,-0.067,nan,500,fresh
120596,0,0,0,0,0,0,7,0,0,4,19,1,7,0,nan,nan,nan,nan,1.167,nan,nan,1,1,1,1.167,nan,nan,nan,nan,nan,-0.067,nan,nan,0,0,0,-0.067,nan,500,fresh
121664,0,0,0,0,0,0,7,0,0,4,19,1,7,0,nan,nan,nan,nan,1.167,nan,nan,1,1,1,1.167,nan,nan,nan,nan,nan,-0.067,nan,nan,0,0,0,-0.067,nan,500,fresh
122733,0,0,0,0,0,0,6,0,0,4,19,1,7,0,nan,nan,nan,nan,1,nan,nan,1,1,1,1.167,nan,nan,nan,nan,nan,0,nan,nan,0,0,0,-0.067,nan,500,fresh
123803,0,0,0,0,0,0,7,0,0,4,19,1,7,0,nan,nan,nan,nan,1.167,nan,nan,1,1,1,1.167,nan,nan,nan,nan,nan,-0.067,nan,nan,0,0,0,-0.067,nan,500,fresh
124872,0,0,0,0,0,0,7,0,0,4,19,1,7,0,nan,nan,nan,nan,1.167,nan,nan,1,1,1,1.167,nan,nan,nan,nan,nan,-0.067,nan,nan,0,0,0,-0.067,nan,500,fresh
125941,0,0,0,0,0,0,7,0,0,4,19,1,7,0,nan,nan,nan,nan,1.167,nan,nan,1,1,1,1.167,nan,nan,nan,nan,nan,-0.067,nan,nan,0,0,0,-0.067,nan,500,fresh
127011,0,0,0,0,0,0,7,0,0,4,19,1,7,0,nan,nan,nan,nan,1.167,nan,nan,1,1,1,1.167,nan,nan,nan,nan,nan,-0.067,nan,nan,0,0,0,-0.067,nan,500,fresh
128081,0,0,0,0,0,0,7,0,0,4,19,1,7,0,nan,nan,nan,nan,1.167,nan,nan,1,1,1,1.167,nan,nan,nan,nan,nan,-0.067,nan,nan,0,0,0,-0.067,nan,500,fresh
129149,0,0,0,0,0,0,7,0,0,4,19,1,7,0,nan,nan,nan,nan,1.167,nan,nan,1,1,1,1.167,nan,nan,nan,nan,nan,-0.067,nan,nan,0,0,0,-0.067,nan,500,fresh
130219,0,0,0,0,0,0,7,0,0,4,19,1,7,0,nan,nan,nan,nan,1.167,nan,nan,1,1,1,1.167,nan,nan,nan,nan,nan,-0.067,nan,nan,0,0,0,-0.067,nan,500,fresh
131289,0,0,0,0,0,0,7,0,0,4,19,1,7,0,nan,nan,nan,nan,1.167,nan,nan,1,1,1,1.167,nan,nan,nan,nan,nan,-0.067,nan,nan,0,0,0,-0.067,nan,500,fresh
132359,0,0,0,0,0,0,7,0,0,4,19,1,6,0,nan,nan,nan,nan,1.167,nan,nan,1,1,1,1,nan,nan,nan,nan,nan,-0.067,nan,nan,0,0,0,0,nan,500,fresh
133429,0,0,0,0,0,0,7,0,0,4,19,1,7,0,nan,nan,nan,nan,1.167,nan,nan,1,1,1,1.167,nan,nan,nan,nan,nan,-0.067,nan,nan,0,0,0,-0.067,nan,500,fresh
134497,0,0,0,0,0,0,7,0,0,4,19,1,7,0,nan,nan,nan,nan,1.167,nan,nan,1,1,1,1.167,nan,nan,nan,nan,nan,-0.067,nan,nan,0,0,0,-0.067,nan,500,fresh
135567,0,0,0,0,0,0,7,0,0,4,19,1,7,0,nan,nan,nan,nan,1.167,nan,nan,1,1,1,1.167,nan,nan,nan,nan,nan,-0.067,nan,nan,0,0,0,-0.067,nan,500,fresh
136637,0,0,0,0,0,0,7,0,0,4,19,1,7,0,nan,nan,nan,nan,1.167,nan,nan,1,1,1,1.167,nan,nan,nan,nan,nan,-0.067,nan,nan,0,0,0,-0.067,nan,500,fresh
137707,0,0,0,0,0,0,7,0,0,4,19,1,7,0,nan,nan,nan,nan,1.167,nan,nan,1,1,1,1.167,nan,nan,nan,nan,nan,-0.067,nan,nan,0,0,0,-0.067,nan,500,fresh
138776,0,0,0,0,0,0,7,0,0,4,19,1,7,0,nan,nan,nan,nan,1.167,nan,nan,1,1,1,1.167,nan,nan,nan,nan,nan,-0.067,nan,nan,0,0,0,-0.067,nan,500,fresh
139845,0,0,0,0,0,0,7,0,0,4,19,1,7,0,nan,nan,nan,nan,1.167,nan,nan,1,1,1,1.167,nan,nan,nan,nan,nan,-0.067,nan,nan,0,0,0,-0.067,nan,500,fresh
140915,0,0,0,0,0,0,7,0,0,4,19,1,7,0,nan,nan,nan,nan,1.167,nan,nan,1,1,1,1.167,nan,nan,nan,nan,nan,-0.067,nan,nan,0,0,0,-0.067,nan,500,fresh
141984,0,0,0,0,0,0,7,0,0,4,19,1,7,0,nan,nan,nan,nan,1.167,nan,nan,1,1,1,1.167,nan,nan,nan,nan,nan,-0.067,nan,nan,0,0,0,-0.067,nan,500,fresh
143054,0,0,0,0,0,0,7,0,0,4,19,1,7,0,nan,nan,nan,nan,1.167,nan,nan,1,1,1,1.167,nan,nan,nan,nan,nan,-0.067,nan,nan,0,0,0,-0.067,nan,500,fresh
144124,0,0,0,0,0,0,7,0,0,4,19,1,7,0,nan,nan,nan,nan,1.167,nan,nan,1,1,1,1.167,nan,nan,nan,nan,nan,-0.067,nan,nan,0,0,0,-0.067,nan,500,fresh
145194,0,0,0,0,0,0,7,0,0,4,19,1,7,0,nan,nan,nan,nan,1.167,nan,nan,1,1,1,1.167,nan,nan,nan,nan,nan,-0.067,nan,nan,0,0,0,-0.067,nan,500,fresh
146264,0,0,0,0,0,0,7,0,0,4,19,1,7,0,nan,nan,nan,nan,1.167,nan,nan,1,1,1,1.167,nan,nan,nan,nan,nan,-0.067,nan,nan,0,0,0,-0.067,nan,500,fresh
147332,0,0,0,0,0,0,7,0,0,4,19,1,7,0,nan,nan,nan,nan,1.167,nan,nan,1,1,1,1.167,nan,nan,nan,nan,nan,-0.067,nan,nan,0,0,0,-0.067,nan,500,fresh
148402,0,0,0,0,0,0,7,0,0,4,19,1,7,0,nan,nan,nan,nan,1.167,nan,nan,1,1,1,1.167,nan,nan,nan,nan,nan,-0.067,nan,nan,0,0,0,-0.067,nan,500,fresh
149471,0,0,0,0,0,0,7,0,0,4,19,1,7,0,nan,nan,nan,nan,1.167,nan,nan,1,1,1,1.167,nan,nan,nan,nan,nan,-0.067,nan,nan,0,0,0,-0.067,nan,500,fresh
150541,0,0,0,0,0,0,7,0,0,4,19,1,7,0,nan,nan,nan,nan,1.167,nan,nan,1,1,1,1.167,nan,nan,nan,nan,nan,-0.067,nan,nan,0,0,0,-0.067,nan,500,fresh
151611,0,0,0,0,0,0,7,0,0,4,19,1,7,0,nan,nan,nan,nan,1.167,nan,nan,1,1,1,1.167,nan,nan,nan,nan,nan,-0.067,nan,nan,0,0,0,-0.067,nan,500,fresh
152680,0,0,0,0,0,0,7,0,0,4,19,1,7,0,nan,nan,nan,nan,1.167,nan,nan,1,1,1,1.167,nan,nan,nan,nan,nan,-0.067,nan,nan,0,0,0,-0.067,nan,500,fresh
153750,0,0,0,0,0,0,7,0,0,4,19,1,7,0,nan,nan,nan,nan,1.167,nan,nan,1,1,1,1.167,nan,nan,nan,nan,nan,-0.067,nan,nan,0,0,0,-0.067,nan,500,fresh
154820,0,0,0,0,0,0,7,0,0,4,19,1,7,0,nan,nan,nan,nan,1.167,nan,nan,1,1,1,1.167,nan,nan,nan,nan,nan,-0.067,nan,nan,0,0,0,-0.067,nan,500,fresh
155890,0,0,0,0,0,0,7,0,0,4,19,1,7,0,nan,nan,nan,nan,1.167,nan,nan,1,1,1,1.167,nan,nan,nan,nan,nan,-0.067,nan,nan,0,0,0,-0.067,nan,500,fresh
156960,0,0,0,0,0,0,7,0,0,4,19,1,7,0,nan,nan,nan,nan,1.167,nan,nan,1,1,1,1.167,nan,nan,nan,nan,nan,-0.067,nan,nan,0,0,0,-0.067,nan,500,fresh
158030,0,0,0,0,0,0,7,0,0,4,19,1,7,0,nan,nan,nan,nan,1.167,nan,nan,1,1,1,1.167,nan,nan,nan,nan,nan,-0.067,nan,nan,0,0,0,-0.067,nan,500,fresh
159100,0,0,0,0,0,0,7,0,0,4,19,1,6,0,nan,nan,nan,nan,1.167,nan,nan,1,1,1,1,nan,nan,nan,nan,nan,-0.067,nan,nan,0,0,0,0,nan,500,fresh
160168,0,0,0,0,0,0,7,0,0,4,19,1,7,0,nan,nan,nan,nan,1.167,nan,nan,1,1,1,1.167,nan,nan,nan,nan,nan,-0.067,nan,nan,0,0,0,-0.067,nan,500,fresh
161237,0,0,0,0,0,0,7,0,0,4,19,1,7,0,nan,nan,nan,nan,1.167,nan,nan,1,1,1,1.167,nan,nan,nan,nan,nan,-0.067,nan,nan,0,0,0,-0.067,nan,500,fresh
162306,0,0,0,0,0,0,7,0,0,4,19,1,7,0,nan,nan,nan,nan,1.167,nan,nan,1,1,1,1.167,nan,nan,nan,nan,nan,-0.067,nan,nan,0,0,0,-0.067,nan,500,fresh
163376,0,0,0,0,0,0,7,0,0,4,19,1,7,0,nan,nan,nan,nan,1.167,nan,nan,1,1,1,1.167,nan,nan,nan,nan,nan,-0.067,nan,nan,0,0,0,-0.067,nan,500,fresh
164444,0,0,0,0,0,0,7,0,0,4,19,1,7,0,nan,nan,nan,nan,1.167,nan,nan,1,1,1,1.167,nan,nan,nan,nan,nan,-0.067,nan,nan,0,0,0,-0.067,nan,500,fresh
165513,0,0,0,0,0,0,7,0,0,4,19,1,7,0,nan,nan,nan,nan,1.167,nan,nan,1,1,1,1.167,nan,nan,nan,nan,nan,-0.067,nan,nan,0,0,0,-0.067,nan,500,fresh
166583,0,0,0,0,0,0,7,0,0,4,19,1,7,0,nan,nan,nan,nan,1.167,nan,nan,1,1,1,1.167,nan,nan,nan,nan,nan,-0.067,nan,nan,0,0,0,-0.067,nan,500,fresh
167652,0,0,0,0,0,0,7,0,0,4,19,1,7,0,nan,nan,nan,nan,1.167,nan,nan,1,1,1,1.167,nan,nan,nan,nan,nan,-0.067,nan,nan,0,0,0,-0.067,nan,500,fresh
168722,0,0,0,0,0,0,7,0,0,4,19,1,7,0,nan,nan,nan,nan,1.167,nan,nan,1,1,1,1.167,nan,nan,nan,nan,nan,-0.067,nan,nan,0,0,0,-0.067,nan,500,fresh
169792,0,0,0,0,0,0,7,0,0,4,19,1,7,0,nan,nan,nan,nan,1.167,nan,nan,1,1,1,1.167,nan,nan,nan,nan,nan,-0.067,nan,nan,0,0,0,-0.067,nan,500,fresh
170862,0,0,0,0,0,0,7,0,0,4,19,1,7,0,nan,nan,nan,nan,1.167,nan,nan,1,1,1,1.167,nan,nan,nan,nan,nan,-0.067,nan,nan,0,0,0,-0.067,nan,500,fresh
171932,0,0,0,0,0,0,6,0,0,4,19,1,7,0,nan,nan,nan,nan,1,nan,nan,1,1,1,1.167,nan,nan,nan,nan,nan,0,nan,nan,0,0,0,-0.067,nan,500,fresh
173002,0,0,0,0,0,0,7,0,0,4,19,1,7,0,nan,nan,nan,nan,1.167,nan,nan,1,1,1,1.167,nan,nan,nan,nan,nan,-0.067,nan,nan,0,0,0,-0.067,nan,500,fresh
174072,0,0,0,0,0,0,7,0,0,4,19,1,7,0,nan,nan,nan,nan,1.167,nan,nan,1,1,1,1.167,nan,nan,nan,nan,nan,-0.067,nan,nan,0,0,0,-0.067,nan,500,fresh
175140,0,0,0,0,0,0,6,0,0,4,19,1,7,0,nan,nan,nan,nan,1,nan,nan,1,1,1,1.167,nan,nan,nan,nan,nan,0,nan,nan,0,0,0,-0.067,nan,500,fresh
176210,0,0,0,0,0,0,7,0,0,4,19,1,7,0,nan,nan,nan,nan,1.167,nan,nan,1,1,1,1.167,nan,nan,nan,nan,nan,-0.067,nan,nan,0,0,0,-0.067,nan,500,fresh
177280,0,0,0,0,0,0,7,0,0,4,19,1,7,0,nan,nan,nan,nan,1.167,nan,nan,1,1,1,1.167,nan,nan,nan,nan,nan,-0.067,nan,nan,0,0,0,-0.067,nan,500,fresh
178350,0,0,0,0,0,0,6,0,0,4,19,1,7,0,nan,nan,nan,nan,1,nan,nan,1,1,1,1.167,nan,nan,nan,nan,nan,0,nan,nan,0,0,0,-0.067,nan,500,fresh
179419,0,0,0,0,0,0,7,0,0,4,19,1,7,0,nan,nan,nan,nan,1.167,nan,nan,1,1,1,1.167,nan,nan,nan,nan,nan,-0.067,nan,nan,0,0,0,-0.067,nan,500,fresh
180488,0,0,0,0,0,0,7,0,0,4,19,1,7,0,nan,nan,nan,nan,1.167,nan,nan,1,1,1,1.167,nan,nan,nan,nan,nan,-0.067,nan,nan,0,0,0,-0.067,nan,500,fresh
181557,0,0,0,0,0,0,7,0,0,4,19,1,7,0,nan,nan,nan,nan,1.167,nan,nan,1,1,1,1.167,nan,nan,nan,nan,nan,-0.067,nan,nan,0,0,0,-0.067,nan,500,fresh
182627,0,0,0,0,0,0,7,0,0,4,19,1,7,0,nan,nan,nan,nan,1.167,nan,nan,1,1,1,1.167,nan,nan,nan,nan,nan,-0.067,nan,nan,0,0,0,-0.067,nan,500,fresh
183697,0,0,0,0,0,0,7,0,0,4,19,1,7,0,nan,nan,nan,nan,1.167,nan,nan,1,1,1,1.167,nan,nan,nan,nan,nan,-0.067,nan,nan,0,0,0,-0.067,nan,500,fresh
184766,0,0,0,0,0,0,7,0,0,4,19,1,7,0,nan,nan,nan,nan,1.167,nan,nan,1,1,1,1.167,nan,nan,nan,nan,nan,-0.067,nan,nan,0,0,0,-0.067,nan,500,fresh
185836,0,0,0,0,0,0,7,0,0,4,19,1,7,0,nan,nan,nan,nan,1.167,nan,nan,1,1,1,1.167,nan,nan,nan,nan,nan,-0.067,nan,nan,0,0,0,-0.067,nan,500,fresh
186906,0,0,0,0,0,0,7,0,0,4,19,1,7,0,nan,nan,nan,nan,1.167,nan,nan,1,1,1,1.167,nan,nan,nan,nan,nan,-0.067,nan,nan,0,0,0,-0.067,nan,500,fresh
187976,0,0,0,0,0,0,7,0,0,4,19,1,6,0,nan,nan,nan,nan,1.167,nan,nan,1,1,1,1,nan,nan,nan,nan,nan,-0.067,nan,nan,0,0,0,0,nan,500,fresh
189046,0,0,0,0,0,0,7,0,0,4,19,1,6,0,nan,nan,nan,nan,1.167,nan,nan,1,1,1,1,nan,nan,nan,nan,nan,-0.067,nan,nan,0,0,0,0,nan,500,fresh
190115,0,0,0,0,0,0,6,0,0,4,19,1,7,0,nan,nan,nan,nan,1,nan,nan,1,1,1,1.167,nan,nan,nan,nan,nan,0,nan,nan,0,0,0,-0.067,nan,500,fresh
191185,0,0,0,0,0,0,7,0,0,4,19,1,6,0,nan,nan,nan,nan,1.167,nan,nan,1,1,1,1,nan,nan,nan,nan,nan,-0.067,nan,nan,0,0,0,0,nan,500,fresh
192255,0,0,0,0,0,0,7,0,0,4,19,1,7,0,nan,nan,nan,nan,1.167,nan,nan,1,1,1,1.167,nan,nan,nan,nan,nan,-0.067,nan,nan,0,0,0,-0.067,nan,500,fresh
193324,0,0,0,0,0,0,7,0,0,4,19,1,7,0,nan,nan,nan,nan,1.167,nan,nan,1,1,1,1.167,nan,nan,nan,nan,nan,-0.067,nan,nan,0,0,0,-0.067,nan,500,fresh
194394,0,0,0,0,0,0,7,0,0,4,19,1,7,0,nan,nan,nan,nan,1.167,nan,nan,1,1,1,1.167,nan,nan,nan,nan,nan,-0.067,nan,nan,0,0,0,-0.067,nan,500,fresh
195464,0,0,0,0,0,0,7,0,0,4,19,1,7,0,nan,nan,nan,nan,1.167,nan,nan,1,1,1,1.167,nan,nan,nan,nan,nan,-0.067,nan,nan,0,0,0,-0.067,nan,500,fresh
196534,0,0,0,0,0,0,7,0,0,4,19,1,7,0,nan,nan,nan,nan,1.167,nan,nan,1,1,1,1.167,nan,nan,nan,nan,nan,-0.067,nan,nan,0,0,0,-0.067,nan,500,fresh
197604,0,0,0,0,0,0,7,0,0,4,19,1,7,0,nan,nan,nan,nan,1.167,nan,nan,1,1,1,1.167,nan,nan,nan,nan,nan,-0.067,nan,nan,0,0,0,-0.067,nan,500,fresh
198673,0,0,0,0,0,0,7,0,0,4,19,1,7,0,nan,nan,nan,nan,1.167,nan,nan,1,1,1,1.167,nan,nan,nan,nan,nan,-0.067,nan,nan,0,0,0,-0.067,nan,500,fresh
199741,0,0,0,0,0,0,6,0,0,4,19,1,7,0,nan,nan,nan,nan,1,nan,nan,1,1,1,1.167,nan,nan,nan,nan,nan,0,nan,nan,0,0,0,-0.067,nan,500,fresh
200810,0,0,0,0,0,0,7,0,0,4,19,1,7,0,nan,nan,nan,nan,1.167,nan,nan,1,1,1,1.167,nan,nan,nan,nan,nan,-0.067,nan,nan,0,0,0,-0.067,nan,500,fresh
201880,0,0,0,0,0,0,7,0,0,4,19,1,7,0,nan,nan,nan,nan,1.167,nan,nan,1,1,1,1.167,nan,nan,nan,nan,nan,-0.067,nan,nan,0,0,0,-0.067,nan,500,fresh
202950,0,0,0,0,0,0,7,0,0,4,19,1,7,0,nan,nan,nan,nan,1.167,nan,nan,1,1,1,1.167,nan,nan,nan,nan,nan,-0.067,nan,nan,0,0,0,-0.067,nan,500,fresh
204019,0,0,0,0,0,0,7,0,0,4,19,1,7,0,nan,nan,nan,nan,1.167,nan,nan,1,1,1,1.167,nan,nan,nan,nan,nan,-0.067,nan,nan,0,0,0,-0.067,nan,500,fresh
205089,0,0,0,0,0,0,7,0,0,4,19,1,6,0,nan,nan,nan,nan,1.167,nan,nan,1,1,1,1,nan,nan,nan,nan,nan,-0.067,nan,nan,0,0,0,0,nan,500,fresh
206159,0,0,0,0,0,0,7,0,0,4,19,1,7,0,nan,nan,nan,nan,1.167,nan,nan,1,1,1,1.167,nan,nan,nan,nan,nan,-0.067,nan,nan,0,0,0,-0.067,nan,500,fresh
207228,0,0,0,0,0,0,7,0,0,4,19,1,7,0,nan,nan,nan,nan,1.167,nan,nan,1,1,1,1.167,nan,nan,nan,nan,nan,-0.067,nan,nan,0,0,0,-0.067,nan,500,fresh
208298,0,0,0,0,0,0,7,0,0,4,19,1,6,0,nan,nan,nan,nan,1.167,nan,nan,1,1,1,1,nan,nan,nan,nan,nan,-0.067,nan,nan,0,0,0,0,nan,500,fresh
209368,0,0,0,0,0,0,7,0,0,4,19,1,7,0,nan,nan,nan,nan,1.167,nan,nan,1,1,1,1.167,nan,nan,nan,nan,nan,-0.067,nan,nan,0,0,0,-0.067,nan,500,fresh
210437,0,0,0,0,0,0,7,0,0,4,19,1,7,0,nan,nan,nan,nan,1.167,nan,nan,1,1,1,1.167,nan,nan,nan,nan,nan,-0.067,nan,nan,0,0,0,-0.067,nan,500,fresh
211507,0,0,0,0,0,0,6,0,0,4,19,1,7,0,nan,nan,nan,nan,1,nan,nan,1,1,1,1.167,nan,nan,nan,nan,nan,0,nan,nan,0,0,0,-0.067,nan,500,fresh
212576,0,0,0,0,0,0,6,0,0,4,19,1,7,0,nan,nan,nan,nan,1,nan,nan,1,1,1,1.167,nan,nan,nan,nan,nan,0,nan,nan,0,0,0,-0.067,nan,500,fresh
213644,0,0,0,0,0,0,7,0,0,4,19,1,6,0,nan,nan,nan,nan,1.167,nan,nan,1,1,1,1,nan,nan,nan,nan,nan,-0.067,nan,nan,0,0,0,0,nan,500,fresh
214713,0,0,0,0,0,0,7,0,0,4,19,1,7,0,nan,nan,nan,nan,1.167,nan,nan,1,1,1,1.167,nan,nan,nan,nan,nan,-0.067,nan,nan,0,0,0,-0.067,nan,500,fresh
215783,0,0,0,0,0,0,7,0,0,4,19,1,7,0,nan,nan,nan,nan,1.167,nan,nan,1,1,1,1.167,nan,nan,nan,nan,nan,-0.067,nan,nan,0,0,0,-0.067,nan,500,fresh
216853,0,0,0,0,0,0,7,0,0,4,19,1,7,0,nan,nan,nan,nan,1.167,nan,nan,1,1,1,1.167,nan,nan,nan,nan,nan,-0.067,nan,nan,0,0,0,-0.067,nan,500,fresh
217921,0,0,0,0,0,0,7,0,0,4,19,1,6,0,nan,nan,nan,nan,1.167,nan,nan,1,1,1,1,nan,nan,nan,nan,nan,-0.067,nan,nan,0,0,0,0,nan,500,fresh
218990,0,0,0,0,0,0,7,0,0,4,19,1,7,0,nan,nan,nan,nan,1.167,nan,nan,1,1,1,1.167,nan,nan,nan,nan,nan,-0.067,nan,nan,0,0,0,-0.067,nan,500,fresh
220060,0,0,0,0,0,0,6,0,0,4,19,1,7,0,nan,nan,nan,nan,1,nan,nan,1,1,1,1.167,nan,nan,nan,nan,nan,0,nan,nan,0,0,0,-0.067,nan,500,fresh
221130,0,0,0,0,0,0,7,0,0,4,19,1,7,0,nan,nan,nan,nan,1.167,nan,nan,1,1,1,1.167,nan,nan,nan,nan,nan,-0.067,nan,nan,0,0,0,-0.067,nan,500,fresh
222198,0,0,0,0,0,0,7,0,0,4,19,1,7,0,nan,nan,nan,nan,1.167,nan,nan,1,1,1,1.167,nan,nan,nan,nan,nan,-0.067,nan,nan,0,0,0,-0.067,nan,500,fresh
223267,0,0,0,0,0,0,7,0,0,4,19,1,7,0,nan,nan,nan,nan,1.167,nan,nan,1,1,1,1.167,nan,nan,nan,nan,nan,-0.067,nan,nan,0,0,0,-0.067,nan,500,fresh
224337,0,0,0,0,0,0,6,0,0,4,19,1,7,0,nan,nan,nan,nan,1,nan,nan,1,1,1,1.167,nan,nan,nan,nan,nan,0,nan,nan,0,0,0,-0.067,nan,500,fresh
225406,0,0,0,0,0,0,6,0,0,4,19,1,7,0,nan,nan,nan,nan,1,nan,nan,1,1,1,1.167,nan,nan,nan,nan,nan,0,nan,nan,0,0,0,-0.067,nan,500,fresh
226475,0,0,0,0,0,0,7,0,0,4,19,1,7,0,nan,nan,nan,nan,1.167,nan,nan,1,1,1,1.167,nan,nan,nan,nan,nan,-0.067,nan,nan,0,0,0,-0.067,nan,500,fresh
227544,0,0,0,0,0,0,6,0,0,4,19,1,7,0,nan,nan,nan,nan,1,nan,nan,1,1,1,1.167,nan,nan,nan,nan,nan,0,nan,nan,0,0,0,-0.067,nan,500,fresh
228614,0,0,0,0,0,0,7,0,0,4,19,1,7,0,nan,nan,nan,nan,1.167,nan,nan,1,1,1,1.167,nan,nan,nan,nan,nan,-0.067,nan,nan,0,0,0,-0.067,nan,500,fresh
229683,0,0,0,0,0,0,7,0,0,3,19,1,7,0,nan,nan,nan,nan,1.167,nan,nan,0.75,1,1,1.167,nan,nan,nan,nan,nan,-0.067,nan,nan,0.125,0,0,-0.067,nan,500,fresh
230752,0,0,0,0,0,0,6,0,0,4,19,1,6,0,nan,nan,nan,nan,1,nan,nan,1,1,1,1,nan,nan,nan,nan,nan,0,nan,nan,0,0,0,0,nan,500,fresh
231822,0,0,0,0,0,0,7,0,0,4,19,1,7,0,nan,nan,nan,nan,1.167,nan,nan,1,1,1,1.167,nan,nan,nan,nan,nan,-0.067,nan,nan,0,0,0,-0.067,nan,500,fresh
232892,0,0,0,0,0,0,7,0,0,4,19,1,7,0,nan,nan,nan,nan,1.167,nan,nan,1,1,1,1.167,nan,nan,nan,nan,nan,-0.067,nan,nan,0,0,0,-0.067,nan,500,fresh
233962,0,0,0,0,0,0,6,0,0,4,19,1,7,0,nan,nan,nan,nan,1,nan,nan,1,1,1,1.167,nan,nan,nan,nan,nan,0,nan,nan,0,0,0,-0.067,nan,500,fresh
235031,0,0,0,0,0,0,6,0,0,4,19,1,7,0,nan,nan,nan,nan,1,nan,nan,1,1,1,1.167,nan,nan,nan,nan,nan,0,nan,nan,0,0,0,-0.067,nan,500,fresh
236100,0,0,0,0,0,0,7,0,0,4,19,1,6,0,nan,nan,nan,nan,1.167,nan,nan,1,1,1,1,nan,nan,nan,nan,nan,-0.067,nan,nan,0,0,0,0,nan,500,fresh
237170,0,0,0,0,0,0,7,0,0,4,19,1,7,0,nan,nan,nan,nan,1.167,nan,nan,1,1,1,1.167,nan,nan,nan,nan,nan,-0.067,nan,nan,0,0,0,-0.067,nan,500,fresh
238240,0,0,0,0,0,0,7,0,0,4,19,1,7,0,nan,nan,nan,nan,1.167,nan,nan,1,1,1,1.167,nan,nan,nan,nan,nan,-0.067,nan,nan,0,0,0,-0.067,nan,500,fresh
239309,0,0,0,0,0,0,7,0,0,4,19,1,6,0,nan,nan,nan,nan,1.167,nan,nan,1,1,1,1,nan,nan,nan,nan,nan,-0.067,nan,nan,0,0,0,0,nan,500,fresh
240379,0,0,0,0,0,0,7,0,0,4,19,1,7,0,nan,nan,nan,nan,1.167,nan,nan,1,1,1,1.167,nan,nan,nan,nan,nan,-0.067,nan,nan,0,0,0,-0.067,nan,500,fresh
241449,0,0,0,0,0,0,7,0,0,4,19,1,6,0,nan,nan,nan,nan,1.167,nan,nan,1,1,1,1,nan,nan,nan,nan,nan,-0.067,nan,nan,0,0,0,0,nan,500,fresh
242519,0,0,0,0,0,0,7,0,0,4,19,1,7,0,nan,nan,nan,nan,1.167,nan,nan,1,1,1,1.167,nan,nan,nan,nan,nan,-0.067,nan,nan,0,0,0,-0.067,nan,500,fresh
243588,0,0,0,0,0,0,7,0,0,4,19,1,6,0,nan,nan,nan,nan,1.167,nan,nan,1,1,1,1,nan,nan,nan,nan,nan,-0.067,nan,nan,0,0,0,0,nan,500,fresh
244657,0,0,0,0,0,0,7,0,0,4,19,1,7,0,nan,nan,nan,nan,1.167,nan,nan,1,1,1,1.167,nan,nan,nan,nan,nan,-0.067,nan,nan,0,0,0,-0.067,nan,500,fresh
245727,0,0,0,0,0,0,7,0,0,4,19,1,7,0,nan,nan,nan,nan,1.167,nan,nan,1,1,1,1.167,nan,nan,nan,nan,nan,-0.067,nan,nan,0,0,0,-0.067,nan,500,fresh
246795,0,0,0,0,0,0,7,0,0,4,19,1,7,0,nan,nan,nan,nan,1.167,nan,nan,1,1,1,1.167,nan,nan,nan,nan,nan,-0.067,nan,nan,0,0,0,-0.067,nan,500,fresh
247864,0,0,0,0,0,0,7,0,0,4,19,1,7,0,nan,nan,nan,nan,1.167,nan,nan,1,1,1,1.167,nan,nan,nan,nan,nan,-0.067,nan,nan,0,0,0,-0.067,nan,500,fresh
248934,0,0,0,0,0,0,7,0,0,4,19,1,7,0,nan,nan,nan,nan,1.167,nan,nan,1,1,1,1.167,nan,nan,nan,nan,nan,-0.067,nan,nan,0,0,0,-0.067,nan,500,fresh
250004,0,0,0,0,0,0,6,0,0,4,19,1,7,0,nan,nan,nan,nan,1,nan,nan,1,1,1,1.167,nan,nan,nan,nan,nan,0,nan,nan,0,0,0,-0.067,nan,500,fresh
251073,0,0,0,0,0,0,7,0,0,4,19,1,7,0,nan,nan,nan,nan,1.167,nan,nan,1,1,1,1.167,nan,nan,nan,nan,nan,-0.067,nan,nan,0,0,0,-0.067,nan,500,fresh
252142,0,0,0,0,0,0,7,0,0,4,19,1,7,0,nan,nan,nan,nan,1.167,nan,nan,1,1,1,1.167,nan,nan,nan,nan,nan,-0.067,nan,nan,0,0,0,-0.067,nan,500,fresh
253212,0,0,0,0,0,0,7,0,0,4,19,1,7,0,nan,nan,nan,nan,1.167,nan,nan,1,1,1,1.167,nan,nan,nan,nan,nan,-0.067,nan,nan,0,0,0,-0.067,nan,500,fresh
254280,0,0,0,0,0,0,7,0,0,4,19,1,6,0,nan,nan,nan,nan,1.167,nan,nan,1,1,1,1,nan,nan,nan,nan,nan,-0.067,nan,nan,0,0,0,0,nan,500,fresh
255350,0,0,0,0,0,0,7,0,0,4,19,1,7,0,nan,nan,nan,nan,1.167,nan,nan,1,1,1,1.167,nan,nan,nan,nan,nan,-0.067,nan,nan,0,0,0,-0.067,nan,500,fresh
256419,0,0,0,0,0,0,7,0,0,4,19,1,7,0,nan,nan,nan,nan,1.167,nan,nan,1,1,1,1.167,nan,nan,nan,nan,nan,-0.067,nan,nan,0,0,0,-0.067,nan,500,fresh
257489,0,0,0,0,0,0,7,0,0,4,19,1,7,0,nan,nan,nan,nan,1.167,nan,nan,1,1,1,1.167,nan,nan,nan,nan,nan,-0.067,nan,nan,0,0,0,-0.067,nan,500,fresh
258559,0,0,0,0,0,0,7,0,0,4,19,1,7,0,nan,nan,nan,nan,1.167,nan,nan,1,1,1,1.167,nan,nan,nan,nan,nan,-0.067,nan,nan,0,0,0,-0.067,nan,500,fresh
259627,0,0,0,0,0,0,7,0,0,4,19,1,7,0,nan,nan,nan,nan,1.167,nan,nan,1,1,1,1.167,nan,nan,nan,nan,nan,-0.067,nan,nan,0,0,0,-0.067,nan,500,fresh
260695,0,0,0,0,0,0,7,0,0,4,19,1,7,0,nan,nan,nan,nan,1.167,nan,nan,1,1,1,1.167,nan,nan,nan,nan,nan,-0.067,nan,nan,0,0,0,-0.067,nan,500,fresh
261765,0,0,0,0,0,0,7,0,0,4,19,1,7,0,nan,nan,nan,nan,1.167,nan,nan,1,1,1,1.167,nan,nan,nan,nan,nan,-0.067,nan,nan,0,0,0,-0.067,nan,500,fresh
262834,0,0,0,0,0,0,7,0,0,4,19,1,7,0,nan,nan,nan,nan,1.167,nan,nan,1,1,1,1.167,nan,nan,nan,nan,nan,-0.067,nan,nan,0,0,0,-0.067,nan,500,fresh
263904,0,0,0,0,0,0,7,0,0,4,19,1,7,0,nan,nan,nan,nan,1.167,nan,nan,1,1,1,1.167,nan,nan,nan,nan,nan,-0.067,nan,nan,0,0,0,-0.067,nan,500,fresh
264974,0,0,0,0,0,0,6,0,0,4,19,1,6,0,nan,nan,nan,nan,1,nan,nan,1,1,1,1,nan,nan,nan,nan,nan,0,nan,nan,0,0,0,0,nan,500,fresh
266042,0,0,0,0,0,0,7,0,0,4,19,1,7,0,nan,nan,nan,nan,1.167,nan,nan,1,1,1,1.167,nan,nan,nan,nan,nan,-0.067,nan,nan,0,0,0,-0.067,nan,500,fresh
267111,0,0,0,0,0,0,7,0,0,4,19,1,7,0,nan,nan,nan,nan,1.167,nan,nan,1,1,1,1.167,nan,nan,nan,nan,nan,-0.067,nan,nan,0,0,0,-0.067,nan,500,fresh
268181,0,0,0,0,0,0,7,0,0,4,19,1,7,0,nan,nan,nan,nan,1.167,nan,nan,1,1,1,1.167,nan,nan,nan,nan,nan,-0.067,nan,nan,0,0,0,-0.067,nan,500,fresh
269251,0,0,0,0,0,0,7,0,0,4,19,1,7,0,nan,nan,nan,nan,1.167,nan,nan,1,1,1,1.167,nan,nan,nan,nan,nan,-0.067,nan,nan,0,0,0,-0.067,nan,500,fresh
270321,0,0,0,0,0,0,6,0,0,4,19,1,7,0,nan,nan,nan,nan,1,nan,nan,1,1,1,1.167,nan,nan,nan,nan,nan,0,nan,nan,0,0,0,-0.067,nan,500,fresh
271390,0,0,0,0,0,0,7,0,0,4,19,1,7,0,nan,nan,nan,nan,1.167,nan,nan,1,1,1,1.167,nan,nan,nan,nan,nan,-0.067,nan,nan,0,0,0,-0.067,nan,500,fresh
272459,0,0,0,0,0,0,7,0,0,4,19,1,6,0,nan,nan,nan,nan,1.167,nan,nan,1,1,1,1,nan,nan,nan,nan,nan,-0.067,nan,nan,0,0,0,0,nan,500,fresh
273528,0,0,0,0,0,0,7,0,0,4,19,1,6,0,nan,nan,nan,nan,1.167,nan,nan,1,1,1,1,nan,nan,nan,nan,nan,-0.067,nan,nan,0,0,0,0,nan,500,fresh
274597,0,0,0,0,0,0,7,0,0,4,19,1,7,0,nan,nan,nan,nan,1.167,nan,nan,1,1,1,1.167,nan,nan,nan,nan,nan,-0.067,nan,nan,0,0,0,-0.067,nan,500,fresh
275667,0,0,0,0,0,0,7,0,0,4,19,1,7,0,nan,nan,nan,nan,1.167,nan,nan,1,1,1,1.167,nan,nan,nan,nan,nan,-0.067,nan,nan,0,0,0,-0.067,nan,500,fresh
276737,0,0,0,0,0,0,6,0,0,4,19,1,7,0,nan,nan,nan,nan,1,nan,nan,1,1,1,1.167,nan,nan,nan,nan,nan,0,nan,nan,0,0,0,-0.067,nan,500,fresh
277806,0,0,0,0,0,0,7,0,0,4,19,1,7,0,nan,nan,nan,nan,1.167,nan,nan,1,1,1,1.167,nan,nan,nan,nan,nan,-0.067,nan,nan,0,0,0,-0.067,nan,500,fresh
278875,0,0,0,0,0,0,6,0,0,4,19,1,6,0,nan,nan,nan,nan,1,nan,nan,1,1,1,1,nan,nan,nan,nan,nan,0,nan,nan,0,0,0,0,nan,500,fresh
279945,0,0,0,0,0,0,7,0,0,4,19,1,7,0,nan,nan,nan,nan,1.167,nan,nan,1,1,1,1.167,nan,nan,nan,nan,nan,-0.067,nan,nan,0,0,0,-0.067,nan,500,fresh
281015,0,0,0,0,0,0,6,0,0,4,19,1,7,0,nan,nan,nan,nan,1,nan,nan,1,1,1,1.167,nan,nan,nan,nan,nan,0,nan,nan,0,0,0,-0.067,nan,500,fresh
282084,0,0,0,0,0,0,7,0,0,4,19,1,7,0,nan,nan,nan,nan,1.167,nan,nan,1,1,1,1.167,nan,nan,nan,nan,nan,-0.067,nan,nan,0,0,0,-0.067,nan,500,fresh
283153,0,0,0,0,0,0,7,0,0,4,19,1,7,0,nan,nan,nan,nan,1.167,nan,nan,1,1,1,1.167,nan,nan,nan,nan,nan,-0.067,nan,nan,0,0,0,-0.067,nan,500,fresh
284222,0,0,0,0,0,0,6,0,0,4,19,1,7,0,nan,nan,nan,nan,1,nan,nan,1,1,1,1.167,nan,nan,nan,nan,nan,0,nan,nan,0,0,0,-0.067,nan,500,fresh
285292,0,0,0,0,0,0,7,0,0,4,19,1,7,0,nan,nan,nan,nan,1.167,nan,nan,1,1,1,1.167,nan,nan,nan,nan,nan,-0.067,nan,nan,0,0,0,-0.067,nan,500,fresh
286361,0,0,0,0,0,0,7,0,0,4,19,1,7,0,nan,nan,nan,nan,1.167,nan,nan,1,1,1,1.167,nan,nan,nan,nan,nan,-0.067,nan,nan,0,0,0,-0.067,nan,500,fresh
287430,0,0,0,0,0,0,7,0,0,4,19,1,7,0,nan,nan,nan,nan,1.167,nan,nan,1,1,1,1.167,nan,nan,nan,nan,nan,-0.067,nan,nan,0,0,0,-0.067,nan,500,fresh
288499,0,0,0,0,0,0,6,0,0,4,19,1,7,0,nan,nan,nan,nan,1,nan,nan,1,1,1,1.167,nan,nan,nan,nan,nan,0,nan,nan,0,0,0,-0.067,nan,500,fresh
289569,0,0,0,0,0,0,7,0,0,4,19,1,7,0,nan,nan,nan,nan,1.167,nan,nan,1,1,1,1.167,nan,nan,nan,nan,nan,-0.067,nan,nan,0,0,0,-0.067,nan,500,fresh
290639,0,0,0,0,0,0,7,0,0,4,19,1,7,0,nan,nan,nan,nan,1.167,nan,nan,1,1,1,1.167,nan,nan,nan,nan,nan,-0.067,nan,nan,0,0,0,-0.067,nan,500,fresh
291709,0,0,0,0,0,0,6,0,0,4,19,1,7,0,nan,nan,nan,nan,1,nan,nan,1,1,1,1.167,nan,nan,nan,nan,nan,0,nan,nan,0,0,0,-0.067,nan,500,fresh
292779,0,0,0,0,0,0,7,0,0,4,19,1,7,0,nan,nan,nan,nan,1.167,nan,nan,1,1,1,1.167,nan,nan,nan,nan,nan,-0.067,nan,nan,0,0,0,-0.067,nan,500,fresh
293848,0,0,0,0,0,0,7,0,0,4,19,1,7,0,nan,nan,nan,nan,1.167,nan,nan,1,1,1,1.167,nan,nan,nan,nan,nan,-0.067,nan,nan,0,0,0,-0.067,nan,500,fresh
294918,0,0,0,0,0,0,7,0,0,4,19,1,7,0,nan,nan,nan,nan,1.167,nan,nan,1,1,1,1.167,nan,nan,nan,nan,nan,-0.067,nan,nan,0,0,0,-0.067,nan,500,fresh
295987,0,0,0,0,0,0,6,0,0,4,19,1,7,0,nan,nan,nan,nan,1,nan,nan,1,1,1,1.167,nan,nan,nan,nan,nan,0,nan,nan,0,0,0,-0.067,nan,500,fresh
297057,0,0,0,0,0,0,7,0,0,4,19,1,6,0,nan,nan,nan,nan,1.167,nan,nan,1,1,1,1,nan,nan,nan,nan,nan,-0.067,nan,nan,0,0,0,0,nan,500,fresh
298126,0,0,0,0,0,0,7,0,0,4,19,1,6,0,nan,nan,nan,nan,1.167,nan,nan,1,1,1,1,nan,nan,nan,nan,nan,-0.067,nan,nan,0,0,0,0,nan,500,fresh
299195,0,0,0,0,0,0,7,0,0,4,19,1,7,0,nan,nan,nan,nan,1.167,nan,nan,1,1,1,1.167,nan,nan,nan,nan,nan,-0.067,nan,nan,0,0,0,-0.067,nan,500,fresh
300265,0,0,0,0,0,0,7,0,0,4,19,1,6,0,nan,nan,nan,nan,1.167,nan,nan,1,1,1,1,nan,nan,nan,nan,nan,-0.067,nan,nan,0,0,0,0,nan,500,fresh
301335,0,0,0,0,0,0,7,0,0,4,19,1,7,0,nan,nan,nan,nan,1.167,nan,nan,1,1,1,1.167,nan,nan,nan,nan,nan,-0.067,nan,nan,0,0,0,-0.067,nan,500,fresh
302405,0,0,0,0,0,0,7,0,0,4,19,1,7,0,nan,nan,nan,nan,1.167,nan,nan,1,1,1,1.167,nan,nan,nan,nan,nan,-0.067,nan,nan,0,0,0,-0.067,nan,500,fresh
303475,0,0,0,0,0,0,7,0,0,4,19,1,7,0,nan,nan,nan,nan,1.167,nan,nan,1,1,1,1.167,nan,nan,nan,nan,nan,-0.067,nan,nan,0,0,0,-0.067,nan,500,fresh
304544,0,0,0,0,0,0,6,0,0,4,19,1,7,0,nan,nan,nan,nan,1,nan,nan,1,1,1,1.167,nan,nan,nan,nan,nan,0,nan,nan,0,0,0,-0.067,nan,500,fresh
305613,0,0,0,0,0,0,6,0,0,4,19,1,7,0,nan,nan,nan,nan,1,nan,nan,1,1,1,1.167,nan,nan,nan,nan,nan,0,nan,nan,0,0,0,-0.067,nan,500,fresh
306683,0,0,0,0,0,0,7,0,0,4,19,1,7,0,nan,nan,nan,nan,1.167,nan,nan,1,1,1,1.167,nan,nan,nan,nan,nan,-0.067,nan,nan,0,0,0,-0.067,nan,500,fresh
307752,0,0,0,0,0,0,7,0,0,3,19,1,7,0,nan,nan,nan,nan,1.167,nan,nan,0.75,1,1,1.167,nan,nan,nan,nan,nan,-0.067,nan,nan,0.125,0,0,-0.067,nan,500,fresh
308821,0,0,0,0,0,0,7,0,0,4,19,1,7,0,nan,nan,nan,nan,1.167,nan,nan,1,1,1,1.167,nan,nan,nan,nan,nan,-0.067,nan,nan,0,0,0,-0.067,nan,500,fresh
309891,0,0,0,0,0,0,7,0,0,4,19,1,6,0,nan,nan,nan,nan,1.167,nan,nan,1,1,1,1,nan,nan,nan,nan,nan,-0.067,nan,nan,0,0,0,0,nan,500,fresh
310960,0,0,0,0,0,0,7,0,0,4,19,1,7,0,nan,nan,nan,nan,1.167,nan,nan,1,1,1,1.167,nan,nan,nan,nan,nan,-0.067,nan,nan,0,0,0,-0.067,nan,500,fresh
312029,0,0,0,0,0,0,7,0,0,4,19,1,6,0,nan,nan,nan,nan,1.167,nan,nan,1,1,1,1,nan,nan,nan,nan,nan,-0.067,nan,nan,0,0,0,0,nan,500,fresh
313098,0,0,0,0,0,0,7,0,0,4,19,1,7,0,nan,nan,nan,nan,1.167,nan,nan,1,1,1,1.167,nan,nan,nan,nan,nan,-0.067,nan,nan,0,0,0,-0.067,nan,500,fresh
323795,0,0,0,0,0,0,7,0,0,4,19,1,7,0,nan,nan,nan,nan,1.167,nan,nan,1,1,1,1.167,nan,nan,nan,nan,nan,-0.067,nan,nan,0,0,0,-0.067,nan,500,fresh
324865,0,0,0,0,0,0,7,0,0,4,19,1,7,0,nan,nan,nan,nan,1.167,nan,nan,1,1,1,1.167,nan,nan,nan,nan,nan,-0.067,nan,nan,0,0,0,-0.067,nan,500,fresh
325934,0,0,0,0,0,0,7,0,0,4,19,1,7,0,nan,nan,nan,nan,1.167,nan,nan,1,1,1,1.167,nan,nan,nan,nan,nan,-0.067,nan,nan,0,0,0,-0.067,nan,500,fresh
327004,0,0,0,0,0,0,7,0,0,4,19,1,7,0,nan,nan,nan,nan,1.167,nan,nan,1,1,1,1.167,nan,nan,nan,nan,nan,-0.067,nan,nan,0,0,0,-0.067,nan,500,fresh
347322,0,0,0,0,0,0,7,0,0,4,20,1,7,0,nan,nan,nan,nan,1.167,nan,nan,1,1.053,1,1.167,nan,nan,nan,nan,nan,-0.067,nan,nan,0,-0.022,0,-0.067,nan,500,fresh
348392,0,0,0,0,0,0,7,0,0,4,20,1,7,0,nan,nan,nan,nan,1.167,nan,nan,1,1.053,1,1.167,nan,nan,nan,nan,nan,-0.067,nan,nan,0,-0.022,0,-0.067,nan,500,fresh
349461,0,0,0,0,0,0,7,0,0,4,19,1,7,0,nan,nan,nan,nan,1.167,nan,nan,1,1,1,1.167,nan,nan,nan,nan,nan,-0.067,nan,nan,0,0,0,-0.067,nan,500,fresh
350530,0,0,0,0,0,0,7,0,0,4,20,1,7,0,nan,nan,nan,nan,1.167,nan,nan,1,1.053,1,1.167,nan,nan,nan,nan,nan,-0.067,nan,nan,0,-0.022,0,-0.067,nan,500,fresh
351600,0,0,0,0,0,0,7,0,0,4,20,1,7,0,nan,nan,nan,nan,1.167,nan,nan,1,1.053,1,1.167,nan,nan,nan,nan,nan,-0.067,nan,nan,0,-0.022,0,-0.067,nan,500,fresh
352669,0,0,0,0,0,0,7,0,0,4,20,1,7,0,nan,nan,nan,nan,1.167,nan,nan,1,1.053,1,1.167,nan,nan,nan,nan,nan,-0.067,nan,nan,0,-0.022,0,-0.067,nan,500,fresh
353738,0,0,0,0,0,0,7,0,0,4,20,1,7,0,nan,nan,nan,nan,1.167,nan,nan,1,1.053,1,1.167,nan,nan,nan,nan,nan,-0.067,nan,nan,0,-0.022,0,-0.067,nan,500,fresh
354807,0,0,0,0,0,0,7,0,0,4,20,1,7,0,nan,nan,nan,nan,1.167,nan,nan,1,1.053,1,1.167,nan,nan,nan,nan,nan,-0.067,nan,nan,0,-0.022,0,-0.067,nan,500,fresh
355876,0,0,0,0,0,0,7,0,0,4,20,1,7,0,nan,nan,nan,nan,1.167,nan,nan,1,1.053,1,1.167,nan,nan,nan,nan,nan,-0.067,nan,nan,0,-0.022,0,-0.067,nan,500,fresh
356945,0,0,0,0,0,0,7,0,0,4,20,1,7,0,nan,nan,nan,nan,1.167,nan,nan,1,1.053,1,1.167,nan,nan,nan,nan,nan,-0.067,nan,nan,0,-0.022,0,-0.067,nan,500,fresh
358014,0,0,0,0,0,0,7,0,0,4,20,1,7,0,nan,nan,nan,nan,1.167,nan,nan,1,1.053,1,1.167,nan,nan,nan,nan,nan,-0.067,nan,nan,0,-0.022,0,-0.067,nan,500,fresh
359084,0,0,0,0,0,0,7,0,0,4,20,1,7,0,nan,nan,nan,nan,1.167,nan,nan,1,1.053,1,1.167,nan,nan,nan,nan,nan,-0.067,nan,nan,0,-0.022,0,-0.067,nan,500,fresh
360154,0,0,0,0,0,0,7,0,0,4,20,1,7,0,nan,nan,nan,nan,1.167,nan,nan,1,1.053,1,1.167,nan,nan,nan,nan,nan,-0.067,nan,nan,0,-0.022,0,-0.067,nan,500,fresh
361224,0,0,0,0,0,0,7,0,0,4,20,1,7,0,nan,nan,nan,nan,1.167,nan,nan,1,1.053,1,1.167,nan,nan,nan,nan,nan,-0.067,nan,nan,0,-0.022,0,-0.067,nan,500,fresh
362294,0,0,0,0,0,0,7,0,0,4,19,1,7,0,nan,nan,nan,nan,1.167,nan,nan,1,1,1,1.167,nan,nan,nan,nan,nan,-0.067,nan,nan,0,0,0,-0.067,nan,500,fresh
363364,0,0,0,0,0,0,7,0,0,4,20,1,7,0,nan,nan,nan,nan,1.167,nan,nan,1,1.053,1,1.167,nan,nan,nan,nan,nan,-0.067,nan,nan,0,-0.022,0,-0.067,nan,500,fresh
364434,0,0,0,0,0,0,7,0,0,4,20,1,7,0,nan,nan,nan,nan,1.167,nan,nan,1,1.053,1,1.167,nan,nan,nan,nan,nan,-0.067,nan,nan,0,-0.022,0,-0.067,nan,500,fresh
365504,0,0,0,0,0,0,7,0,0,4,20,1,7,0,nan,nan,nan,nan,1.167,nan,nan,1,1.053,1,1.167,nan,nan,nan,nan,nan,-0.067,nan,nan,0,-0.022,0,-0.067,nan,500,fresh
366574,0,0,0,0,0,0,7,0,0,4,20,1,7,0,nan,nan,nan,nan,1.167,nan,nan,1,1.053,1,1.167,nan,nan,nan,nan,nan,-0.067,nan,nan,0,-0.022,0,-0.067,nan,500,fresh
367643,0,0,0,0,0,0,7,0,0,4,20,1,7,0,nan,nan,nan,nan,1.167,nan,nan,1,1.053,1,1.167,nan,nan,nan,nan,nan,-0.067,nan,nan,0,-0.022,0,-0.067,nan,500,fresh
368713,0,0,0,0,0,0,7,0,0,4,20,1,7,0,nan,nan,nan,nan,1.167,nan,nan,1,1.053,1,1.167,nan,nan,nan,nan,nan,-0.067,nan,nan,0,-0.022,0,-0.067,nan,500,fresh
369783,0,0,0,0,0,0,7,0,0,4,20,1,7,0,nan,nan,nan,nan,1.167,nan,nan,1,1.053,1,1.167,nan,nan,nan,nan,nan,-0.067,nan,nan,0,-0.022,0,-0.067,nan,500,fresh
370852,0,0,0,0,0,0,7,0,0,4,20,1,7,0,nan,nan,nan,nan,1.167,nan,nan,1,1.053,1,1.167,nan,nan,nan,nan,nan,-0.067,nan,nan,0,-0.022,0,-0.067,nan,500,fresh
371922,0,0,0,0,0,0,7,0,0,4,20,1,7,0,nan,nan,nan,nan,1.167,nan,nan,1,1.053,1,1.167,nan,nan,nan,nan,nan,-0.067,nan,nan,0,-0.022,0,-0.067,nan,500,fresh
372991,0,0,0,0,0,0,7,0,0,4,20,1,7,0,nan,nan,nan,nan,1.167,nan,nan,1,1.053,1,1.167,nan,nan,nan,nan,nan,-0.067,nan,nan,0,-0.022,0,-0.067,nan,500,fresh
374059,0,0,0,0,0,0,7,0,0,4,19,1,7,0,nan,nan,nan,nan,1.167,nan,nan,1,1,1,1.167,nan,nan,nan,nan,nan,-0.067,nan,nan,0,0,0,-0.067,nan,500,fresh
375127,0,0,0,0,0,0,7,0,0,4,20,1,7,0,nan,nan,nan,nan,1.167,nan,nan,1,1.053,1,1.167,nan,nan,nan,nan,nan,-0.067,nan,nan,0,-0.022,0,-0.067,nan,500,fresh
376197,0,0,0,0,0,0,7,0,0,4,20,1,7,0,nan,nan,nan,nan,1.167,nan,nan,1,1.053,1,1.167,nan,nan,nan,nan,nan,-0.067,nan,nan,0,-0.022,0,-0.067,nan,500,fresh
377265,0,0,0,0,0,0,7,0,0,4,19,1,7,0,nan,nan,nan,nan,1.167,nan,nan,1,1,1,1.167,nan,nan,nan,nan,nan,-0.067,nan,nan,0,0,0,-0.067,nan,500,fresh
378333,0,0,0,0,0,0,7,0,0,4,20,1,7,0,nan,nan,nan,nan,1.167,nan,nan,1,1.053,1,1.167,nan,nan,nan,nan,nan,-0.067,nan,nan,0,-0.022,0,-0.067,nan,500,fresh
379403,0,0,0,0,0,0,7,0,0,4,20,1,7,0,nan,nan,nan,nan,1.167,nan,nan,1,1.053,1,1.167,nan,nan,nan,nan,nan,-0.067,nan,nan,0,-0.022,0,-0.067,nan,500,fresh
380473,0,0,0,0,0,0,7,0,0,4,20,1,7,0,nan,nan,nan,nan,1.167,nan,nan,1,1.053,1,1.167,nan,nan,nan,nan,nan,-0.067,nan,nan,0,-0.022,0,-0.067,nan,500,fresh
381542,0,0,0,0,0,0,7,0,0,4,20,1,7,0,nan,nan,nan,nan,1.167,nan,nan,1,1.053,1,1.167,nan,nan,nan,nan,nan,-0.067,nan,nan,0,-0.022,0,-0.067,nan,500,fresh
382612,0,0,0,0,0,0,7,0,0,4,20,1,7,0,nan,nan,nan,nan,1.167,nan,nan,1,1.053,1,1.167,nan,nan,nan,nan,nan,-0.067,nan,nan,0,-0.022,0,-0.067,nan,500,fresh
383681,0,0,0,0,0,0,7,0,0,4,19,1,7,0,nan,nan,nan,nan,1.167,nan,nan,1,1,1,1.167,nan,nan,nan,nan,nan,-0.067,nan,nan,0,0,0,-0.067,nan,500,fresh
384750,0,0,0,0,0,0,7,0,0,4,20,1,7,0,nan,nan,nan,nan,1.167,nan,nan,1,1.053,1,1.167,nan,nan,nan,nan,nan,-0.067,nan,nan,0,-0.022,0,-0.067,nan,500,fresh
385819,0,0,0,0,0,0,7,0,0,4,20,1,7,0,nan,nan,nan,nan,1.167,nan,nan,1,1.053,1,1.167,nan,nan,nan,nan,nan,-0.067,nan,nan,0,-0.022,0,-0.067,nan,500,fresh
386889,0,0,0,0,0,0,6,0,0,4,19,1,7,0,nan,nan,nan,nan,1,nan,nan,1,1,1,1.167,nan,nan,nan,nan,nan,0,nan,nan,0,0,0,-0.067,nan,500,fresh
387957,0,0,0,0,0,0,7,0,0,4,20,1,7,0,nan,nan,nan,nan,1.167,nan,nan,1,1.053,1,1.167,nan,nan,nan,nan,nan,-0.067,nan,nan,0,-0.022,0,-0.067,nan,500,fresh
389027,0,0,0,0,0,0,7,0,0,4,20,1,7,0,nan,nan,nan,nan,1.167,nan,nan,1,1.053,1,1.167,nan,nan,nan,nan,nan,-0.067,nan,nan,0,-0.022,0,-0.067,nan,500,fresh
390096,0,0,0,0,0,0,7,0,0,4,20,1,7,0,nan,nan,nan,nan,1.167,nan,nan,1,1.053,1,1.167,nan,nan,nan,nan,nan,-0.067,nan,nan,0,-0.022,0,-0.067,nan,500,fresh
391165,0,0,0,0,0,0,7,0,0,4,20,1,7,0,nan,nan,nan,nan,1.167,nan,nan,1,1.053,1,1.167,nan,nan,nan,nan,nan,-0.067,nan,nan,0,-0.022,0,-0.067,nan,500,fresh
392235,0,0,0,0,0,0,7,0,0,4,19,1,7,0,nan,nan,nan,nan,1.167,nan,nan,1,1,1,1.167,nan,nan,nan,nan,nan,-0.067,nan,nan,0,0,0,-0.067,nan,500,fresh
393304,0,0,0,0,0,0,7,0,0,4,19,1,7,0,nan,nan,nan,nan,1.167,nan,nan,1,1,1,1.167,nan,nan,nan,nan,nan,-0.067,nan,nan,0,0,0,-0.067,nan,500,fresh
394373,0,0,0,0,0,0,7,0,0,4,19,1,7,0,nan,nan,nan,nan,1.167,nan,nan,1,1,1,1.167,nan,nan,nan,nan,nan,-0.067,nan,nan,0,0,0,-0.067,nan,500,fresh
395443,0,0,0,0,0,0,7,0,0,4,19,1,7,0,nan,nan,nan,nan,1.167,nan,nan,1,1,1,1.167,nan,nan,nan,nan,nan,-0.067,nan,nan,0,0,0,-0.067,nan,500,fresh
396513,0,0,0,0,0,0,7,0,0,4,19,1,7,0,nan,nan,nan,nan,1.167,nan,nan,1,1,1,1.167,nan,nan,nan,nan,nan,-0.067,nan,nan,0,0,0,-0.067,nan,500,fresh
397582,0,0,0,0,0,0,7,0,0,4,20,1,7,0,nan,nan,nan,nan,1.167,nan,nan,1,1.053,1,1.167,nan,nan,nan,nan,nan,-0.067,nan,nan,0,-0.022,0,-0.067,nan,500,fresh
398651,0,0,0,0,0,0,7,0,0,4,19,1,7,0,nan,nan,nan,nan,1.167,nan,nan,1,1,1,1.167,nan,nan,nan,nan,nan,-0.067,nan,nan,0,0,0,-0.067,nan,500,fresh
399720,0,0,0,0,0,0,7,0,0,4,20,1,7,0,nan,nan,nan,nan,1.167,nan,nan,1,1.053,1,1.167,nan,nan,nan,nan,nan,-0.067,nan,nan,0,-0.022,0,-0.067,nan,500,fresh
400789,0,0,0,0,0,0,7,0,0,4,20,1,7,0,nan,nan,nan,nan,1.167,nan,nan,1,1.053,1,1.167,nan,nan,nan,nan,nan,-0.067,nan,nan,0,-0.022,0,-0.067,nan,500,fresh
401859,0,0,0,0,0,0,7,0,0,4,19,1,7,0,nan,nan,nan,nan,1.167,nan,nan,1,1,1,1.167,nan,nan,nan,nan,nan,-0.067,nan,nan,0,0,0,-0.067,nan,500,fresh
402928,0,0,0,0,0,0,7,0,0,4,20,1,7,0,nan,nan,nan,nan,1.167,nan,nan,1,1.053,1,1.167,nan,nan,nan,nan,nan,-0.067,nan,nan,0,-0.022,0,-0.067,nan,500,fresh
403997,0,0,0,0,0,0,7,0,0,4,19,1,7,0,nan,nan,nan,nan,1.167,nan,nan,1,1,1,1.167,nan,nan,nan,nan,nan,-0.067,nan,nan,0,0,0,-0.067,nan,500,fresh
405067,0,0,0,0,0,0,7,0,0,4,19,1,7,0,nan,nan,nan,nan,1.167,nan,nan,1,1,1,1.167,nan,nan,nan,nan,nan,-0.067,nan,nan,0,0,0,-0.067,nan,500,fresh
406136,0,0,0,0,0,0,6,0,0,4,19,1,7,0,nan,nan,nan,nan,1,nan,nan,1,1,1,1.167,nan,nan,nan,nan,nan,0,nan,nan,0,0,0,-0.067,nan,500,fresh
407206,0,0,0,0,0,0,7,0,0,4,19,1,7,0,nan,nan,nan,nan,1.167,nan,nan,1,1,1,1.167,nan,nan,nan,nan,nan,-0.067,nan,nan,0,0,0,-0.067,nan,500,fresh
408276,0,0,0,0,0,0,7,0,0,4,19,1,7,0,nan,nan,nan,nan,1.167,nan,nan,1,1,1,1.167,nan,nan,nan,nan,nan,-0.067,nan,nan,0,0,0,-0.067,nan,500,fresh
409345,0,0,0,0,0,0,7,0,0,4,19,1,7,0,nan,nan,nan,nan,1.167,nan,nan,1,1,1,1.167,nan,nan,nan,nan,nan,-0.067,nan,nan,0,0,0,-0.067,nan,500,fresh
410415,0,0,0,0,0,0,7,0,0,4,19,1,7,0,nan,nan,nan,nan,1.167,nan,nan,1,1,1,1.167,nan,nan,nan,nan,nan,-0.067,nan,nan,0,0,0,-0.067,nan,500,fresh
411485,0,0,0,0,0,0,7,0,0,4,19,1,7,0,nan,nan,nan,nan,1.167,nan,nan,1,1,1,1.167,nan,nan,nan,nan,nan,-0.067,nan,nan,0,0,0,-0.067,nan,500,fresh
412555,0,0,0,0,0,0,7,0,0,4,19,1,7,0,nan,nan,nan,nan,1.167,nan,nan,1,1,1,1.167,nan,nan,nan,nan,nan,-0.067,nan,nan,0,0,0,-0.067,nan,500,fresh
413625,0,0,0,0,0,0,7,0,0,4,19,1,7,0,nan,nan,nan,nan,1.167,nan,nan,1,1,1,1.167,nan,nan,nan,nan,nan,-0.067,nan,nan,0,0,0,-0.067,nan,500,fresh
414694,0,0,0,0,0,0,7,0,0,4,19,1,7,0,nan,nan,nan,nan,1.167,nan,nan,1,1,1,1.167,nan,nan,nan,nan,nan,-0.067,nan,nan,0,0,0,-0.067,nan,500,fresh
415763,0,0,0,0,0,0,7,0,0,4,19,1,7,0,nan,nan,nan,nan,1.167,nan,nan,1,1,1,1.167,nan,nan,nan,nan,nan,-0.067,nan,nan,0,0,0,-0.067,nan,500,fresh
416832,0,0,0,0,0,0,7,0,0,4,19,1,7,0,nan,nan,nan,nan,1.167,nan,nan,1,1,1,1.167,nan,nan,nan,nan,nan,-0.067,nan,nan,0,0,0,-0.067,nan,500,fresh
417901,0,0,0,0,0,0,7,0,0,4,19,1,7,0,nan,nan,nan,nan,1.167,nan,nan,1,1,1,1.167,nan,nan,nan,nan,nan,-0.067,nan,nan,0,0,0,-0.067,nan,500,fresh
418971,0,0,0,0,0,0,7,0,0,4,19,1,7,0,nan,nan,nan,nan,1.167,nan,nan,1,1,1,1.167,nan,nan,nan,nan,nan,-0.067,nan,nan,0,0,0,-0.067,nan,500,fresh
420041,0,0,0,0,0,0,7,0,0,4,19,1,7,0,nan,nan,nan,nan,1.167,nan,nan,1,1,1,1.167,nan,nan,nan,nan,nan,-0.067,nan,nan,0,0,0,-0.067,nan,500,fresh
421111,0,0,0,0,0,0,7,0,0,4,19,1,7,0,nan,nan,nan,nan,1.167,nan,nan,1,1,1,1.167,nan,nan,nan,nan,nan,-0.067,nan,nan,0,0,0,-0.067,nan,500,fresh
422181,0,0,0,0,0,0,7,0,0,4,20,1,7,0,nan,nan,nan,nan,1.167,nan,nan,1,1.053,1,1.167,nan,nan,nan,nan,nan,-0.067,nan,nan,0,-0.022,0,-0.067,nan,500,fresh
423250,0,0,0,0,0,0,7,0,0,4,19,1,7,0,nan,nan,nan,nan,1.167,nan,nan,1,1,1,1.167,nan,nan,nan,nan,nan,-0.067,nan,nan,0,0,0,-0.067,nan,500,fresh
424319,0,0,0,0,0,0,7,0,0,4,19,1,7,0,nan,nan,nan,nan,1.167,nan,nan,1,1,1,1.167,nan,nan,nan,nan,nan,-0.067,nan,nan,0,0,0,-0.067,nan,500,fresh
425389,0,0,0,0,0,0,7,0,0,4,19,1,7,0,nan,nan,nan,nan,1.167,nan,nan,1,1,1,1.167,nan,nan,nan,nan,nan,-0.067,nan,nan,0,0,0,-0.067,nan,500,fresh
426457,0,0,0,0,0,0,7,0,0,4,20,1,7,0,nan,nan,nan,nan,1.167,nan,nan,1,1.053,1,1.167,nan,nan,nan,nan,nan,-0.067,nan,nan,0,-0.022,0,-0.067,nan,500,fresh
427527,0,0,0,0,0,0,7,0,0,4,19,1,7,0,nan,nan,nan,nan,1.167,nan,nan,1,1,1,1.167,nan,nan,nan,nan,nan,-0.067,nan,nan,0,0,0,-0.067,nan,500,fresh
428597,0,0,0,0,0,0,7,0,0,4,19,1,7,0,nan,nan,nan,nan,1.167,nan,nan,1,1,1,1.167,nan,nan,nan,nan,nan,-0.067,nan,nan,0,0,0,-0.067,nan,500,fresh
429666,0,0,0,0,0,0,7,0,0,4,19,1,7,0,nan,nan,nan,nan,1.167,nan,nan,1,1,1,1.167,nan,nan,nan,nan,nan,-0.067,nan,nan,0,0,0,-0.067,nan,500,fresh
430736,0,0,0,0,0,0,7,0,0,4,19,1,7,0,nan,nan,nan,nan,1.167,nan,nan,1,1,1,1.167,nan,nan,nan,nan,nan,-0.067,nan,nan,0,0,0,-0.067,nan,500,fresh
431806,0,0,0,0,0,0,7,0,0,4,19,1,7,0,nan,nan,nan,nan,1.167,nan,nan,1,1,1,1.167,nan,nan,nan,nan,nan,-0.067,nan,nan,0,0,0,-0.067,nan,500,fresh
432875,0,0,0,0,0,0,7,0,0,4,19,1,7,0,nan,nan,nan,nan,1.167,nan,nan,1,1,1,1.167,nan,nan,nan,nan,nan,-0.067,nan,nan,0,0,0,-0.067,nan,500,fresh
433945,0,0,0,0,0,0,7,0,0,4,19,1,7,0,nan,nan,nan,nan,1.167,nan,nan,1,1,1,1.167,nan,nan,nan,nan,nan,-0.067,nan,nan,0,0,0,-0.067,nan,500,fresh
435015,0,0,0,0,0,0,7,0,0,4,19,1,7,0,nan,nan,nan,nan,1.167,nan,nan,1,1,1,1.167,nan,nan,nan,nan,nan,-0.067,nan,nan,0,0,0,-0.067,nan,500,fresh
436085,0,0,0,0,0,0,7,0,0,4,19,1,7,0,nan,nan,nan,nan,1.167,nan,nan,1,1,1,1.167,nan,nan,nan,nan,nan,-0.067,nan,nan,0,0,0,-0.067,nan,500,fresh
437154,0,0,0,0,0,0,7,0,0,4,19,1,7,0,nan,nan,nan,nan,1.167,nan,nan,1,1,1,1.167,nan,nan,nan,nan,nan,-0.067,nan,nan,0,0,0,-0.067,nan,500,fresh
438224,0,0,0,0,0,0,7,0,0,4,19,1,7,0,nan,nan,nan,nan,1.167,nan,nan,1,1,1,1.167,nan,nan,nan,nan,nan,-0.067,nan,nan,0,0,0,-0.067,nan,500,fresh
50008,0,0,0,0,0,0,7,0,0,4,19,1,7,0,nan,nan,nan,nan,1.167,nan,nan,1,1,1,1.167,nan,nan,nan,nan,nan,-0.067,nan,nan,0,0,0,-0.067,nan,500,fresh
51077,0,0,0,0,0,0,6,0,0,4,19,1,7,0,nan,nan,nan,nan,1,nan,nan,1,1,1,1.167,nan,nan,nan,nan,nan,0,nan,nan,0,0,0,-0.067,nan,500,fresh
52146,0,0,0,0,0,0,7,0,0,4,19,1,7,0,nan,nan,nan,nan,1.167,nan,nan,1,1,1,1.167,nan,nan,nan,nan,nan,-0.067,nan,nan,0,0,0,-0.067,nan,500,fresh
53216,0,0,0,0,0,0,7,0,0,4,19,1,6,0,nan,nan,nan,nan,1.167,nan,nan,1,1,1,1,nan,nan,nan,nan,nan,-0.067,nan,nan,0,0,0,0,nan,500,fresh
54285,0,0,0,0,0,0,7,0,0,4,19,1,7,0,nan,nan,nan,nan,1.167,nan,nan,1,1,1,1.167,nan,nan,nan,nan,nan,-0.067,nan,nan,0,0,0,-0.067,nan,500,fresh
55355,0,0,0,0,0,0,7,0,0,4,19,1,6,0,nan,nan,nan,nan,1.167,nan,nan,1,1,1,1,nan,nan,nan,nan,nan,-0.067,nan,nan,0,0,0,0,nan,500,fresh
56425,0,0,0,0,0,0,7,0,0,4,19,1,7,0,nan,nan,nan,nan,1.167,nan,nan,1,1,1,1.167,nan,nan,nan,nan,nan,-0.067,nan,nan,0,0,0,-0.067,nan,500,fresh
57495,0,0,0,0,0,0,7,0,0,4,19,1,7,0,nan,nan,nan,nan,1.167,nan,nan,1,1,1,1.167,nan,nan,nan,nan,nan,-0.067,nan,nan,0,0,0,-0.067,nan,500,fresh
58564,0,0,0,0,0,0,7,0,0,4,19,1,7,0,nan,nan,nan,nan,1.167,nan,nan,1,1,1,1.167,nan,nan,nan,nan,nan,-0.067,nan,nan,0,0,0,-0.067,nan,500,fresh
59634,0,0,0,0,0,0,7,0,0,4,19,1,7,0,nan,nan,nan,nan,1.167,nan,nan,1,1,1,1.167,nan,nan,nan,nan,nan,-0.067,nan,nan,0,0,0,-0.067,nan,500,fresh
60704,0,0,0,0,0,0,7,0,0,4,19,1,7,0,nan,nan,nan,nan,1.167,nan,nan,1,1,1,1.167,nan,nan,nan,nan,nan,-0.067,nan,nan,0,0,0,-0.067,nan,500,fresh
61774,0,0,0,0,0,0,7,0,0,4,19,1,7,0,nan,nan,nan,nan,1.167,nan,nan,1,1,1,1.167,nan,nan,nan,nan,nan,-0.067,nan,nan,0,0,0,-0.067,nan,500,fresh
62844,0,0,0,0,0,0,6,0,0,4,19,1,7,0,nan,nan,nan,nan,1,nan,nan,1,1,1,1.167,nan,nan,nan,nan,nan,0,nan,nan,0,0,0,-0.067,nan,500,fresh
63913,0,0,0,0,0,0,7,0,0,4,19,1,7,0,nan,nan,nan,nan,1.167,nan,nan,1,1,1,1.167,nan,nan,nan,nan,nan,-0.067,nan,nan,0,0,0,-0.067,nan,500,fresh
64983,0,0,0,0,0,0,7,0,0,4,19,1,7,0,nan,nan,nan,nan,1.167,nan,nan,1,1,1,1.167,nan,nan,nan,nan,nan,-0.067,nan,nan,0,0,0,-0.067,nan,500,fresh
66053,0,0,0,0,0,0,7,0,0,4,19,1,7,0,nan,nan,nan,nan,1.167,nan,nan,1,1,1,1.167,nan,nan,nan,nan,nan,-0.067,nan,nan,0,0,0,-0.067,nan,500,fresh
67123,0,0,0,0,0,0,7,0,0,4,19,1,7,0,nan,nan,nan,nan,1.167,nan,nan,1,1,1,1.167,nan,nan,nan,nan,nan,-0.067,nan,nan,0,0,0,-0.067,nan,500,fresh
68193,0,0,0,0,0,0,7,0,0,4,19,1,7,0,nan,nan,nan,nan,1.167,nan,nan,1,1,1,1.167,nan,nan,nan,nan,nan,-0.067,nan,nan,0,0,0,-0.067,nan,500,fresh
69263,0,0,0,0,0,0,7,0,0,4,19,1,7,0,nan,nan,nan,nan,1.167,nan,nan,1,1,1,1.167,nan,nan,nan,nan,nan,-0.067,nan,nan,0,0,0,-0.067,nan,500,fresh
70333,0,0,0,0,0,0,7,0,0,4,19,1,7,0,nan,nan,nan,nan,1.167,nan,nan,1,1,1,1.167,nan,nan,nan,nan,nan,-0.067,nan,nan,0,0,0,-0.067,nan,500,fresh
71403,0,0,0,0,0,0,7,0,0,4,19,1,7,0,nan,nan,nan,nan,1.167,nan,nan,1,1,1,1.167,nan,nan,nan,nan,nan,-0.067,nan,nan,0,0,0,-0.067,nan,500,fresh
72473,0,0,0,0,0,0,6,0,0,4,19,1,7,0,nan,nan,nan,nan,1,nan,nan,1,1,1,1.167,nan,nan,nan,nan,nan,0,nan,nan,0,0,0,-0.067,nan,500,fresh
73542,0,0,0,0,0,0,7,0,0,4,19,1,6,0,nan,nan,nan,nan,1.167,nan,nan,1,1,1,1,nan,nan,nan,nan,nan,-0.067,nan,nan,0,0,0,0,nan,500,fresh
74611,0,0,0,0,0,0,7,0,0,4,19,1,7,0,nan,nan,nan,nan,1.167,nan,nan,1,1,1,1.167,nan,nan,nan,nan,nan,-0.067,nan,nan,0,0,0,-0.067,nan,500,fresh
75681,0,0,0,0,0,0,7,0,0,4,19,1,7,0,nan,nan,nan,nan,1.167,nan,nan,1,1,1,1.167,nan,nan,nan,nan,nan,-0.067,nan,nan,0,0,0,-0.067,nan,500,fresh
76751,0,0,0,0,0,0,7,0,0,4,19,1,7,0,nan,nan,nan,nan,1.167,nan,nan,1,1,1,1.167,nan,nan,nan,nan,nan,-0.067,nan,nan,0,0,0,-0.067,nan,500,fresh
77821,0,0,0,0,0,0,7,0,0,4,19,1,7,0,nan,nan,nan,nan,1.167,nan,nan,1,1,1,1.167,nan,nan,nan,nan,nan,-0.067,nan,nan,0,0,0,-0.067,nan,500,fresh
78891,0,0,0,0,0,0,7,0,0,4,19,1,7,0,nan,nan,nan,nan,1.167,nan,nan,1,1,1,1.167,nan,nan,nan,nan,nan,-0.067,nan,nan,0,0,0,-0.067,nan,500,fresh
79960,0,0,0,0,0,0,7,0,0,4,19,1,6,0,nan,nan,nan,nan,1.167,nan,nan,1,1,1,1,nan,nan,nan,nan,nan,-0.067,nan,nan,0,0,0,0,nan,500,fresh
81030,0,0,0,0,0,0,6,0,0,4,19,1,7,0,nan,nan,nan,nan,1,nan,nan,1,1,1,1.167,nan,nan,nan,nan,nan,0,nan,nan,0,0,0,-0.067,nan,500,fresh
82099,0,0,0,0,0,0,7,0,0,4,19,1,7,0,nan,nan,nan,nan,1.167,nan,nan,1,1,1,1.167,nan,nan,nan,nan,nan,-0.067,nan,nan,0,0,0,-0.067,nan,500,fresh
83168,0,0,0,0,0,0,7,0,0,4,19,1,7,0,nan,nan,nan,nan,1.167,nan,nan,1,1,1,1.167,nan,nan,nan,nan,nan,-0.067,nan,nan,0,0,0,-0.067,nan,500,fresh
84238,0,0,0,0,0,0,7,0,0,4,19,1,6,0,nan,nan,nan,nan,1.167,nan,nan,1,1,1,1,nan,nan,nan,nan,nan,-0.067,nan,nan,0,0,0,0,nan,500,fresh
85308,0,0,0,0,0,0,7,0,0,4,19,1,7,0,nan,nan,nan,nan,1.167,nan,nan,1,1,1,1.167,nan,nan,nan,nan,nan,-0.067,nan,nan,0,0,0,-0.067,nan,500,fresh
86377,0,0,0,0,0,0,7,0,0,4,19,1,7,0,nan,nan,nan,nan,1.167,nan,nan,1,1,1,1.167,nan,nan,nan,nan,nan,-0.067,nan,nan,0,0,0,-0.067,nan,500,fresh
87447,0,0,0,0,0,0,7,0,0,4,19,1,7,0,nan,nan,nan,nan,1.167,nan,nan,1,1,1,1.167,nan,nan,nan,nan,nan,-0.067,nan,nan,0,0,0,-0.067,nan,500,fresh
88516,0,0,0,0,0,0,6,0,0,4,19,1,7,0,nan,nan,nan,nan,1,nan,nan,1,1,1,1.167,nan,nan,nan,nan,nan,0,nan,nan,0,0,0,-0.067,nan,500,fresh
89586,0,0,0,0,0,0,7,0,0,4,19,1,7,0,nan,nan,nan,nan,1.167,nan,nan,1,1,1,1.167,nan,nan,nan,nan,nan,-0.067,nan,nan,0,0,0,-0.067,nan,500,fresh
90655,0,0,0,0,0,0,7,0,0,4,19,1,7,0,nan,nan,nan,nan,1.167,nan,nan,1,1,1,1.167,nan,nan,nan,nan,nan,-0.067,nan,nan,0,0,0,-0.067,nan,500,fresh
91723,0,0,0,0,0,0,7,0,0,4,19,1,7,0,nan,nan,nan,nan,1.167,nan,nan,1,1,1,1.167,nan,nan,nan,nan,nan,-0.067,nan,nan,0,0,0,-0.067,nan,500,fresh
92792,0,0,0,0,0,0,7,0,0,4,19,1,7,0,nan,nan,nan,nan,1.167,nan,nan,1,1,1,1.167,nan,nan,nan,nan,nan,-0.067,nan,nan,0,0,0,-0.067,nan,500,fresh
93862,0,0,0,0,0,0,6,0,0,4,19,1,7,0,nan,nan,nan,nan,1,nan,nan,1,1,1,1.167,nan,nan,nan,nan,nan,0,nan,nan,0,0,0,-0.067,nan,500,fresh
94931,0,0,0,0,0,0,7,0,0,4,19,1,7,0,nan,nan,nan,nan,1.167,nan,nan,1,1,1,1.167,nan,nan,nan,nan,nan,-0.067,nan,nan,0,0,0,-0.067,nan,500,fresh
96000,0,0,0,0,0,0,7,0,0,4,19,1,7,0,nan,nan,nan,nan,1.167,nan,nan,1,1,1,1.167,nan,nan,nan,nan,nan,-0.067,nan,nan,0,0,0,-0.067,nan,500,fresh
97069,0,0,0,0,0,0,7,0,0,4,19,1,7,0,nan,nan,nan,nan,1.167,nan,nan,1,1,1,1.167,nan,nan,nan,nan,nan,-0.067,nan,nan,0,0,0,-0.067,nan,500,fresh
98138,0,0,0,0,0,0,7,0,0,4,19,1,7,0,nan,nan,nan,nan,1.167,nan,nan,1,1,1,1.167,nan,nan,nan,nan,nan,-0.067,nan,nan,0,0,0,-0.067,nan,500,fresh
99207,0,0,0,0,0,0,7,0,0,4,19,1,7,0,nan,nan,nan,nan,1.167,nan,nan,1,1,1,1.167,nan,nan,nan,nan,nan,-0.067,nan,nan,0,0,0,-0.067,nan,500,fresh
100276,0,0,0,0,0,0,7,0,0,4,19,1,7,0,nan,nan,nan,nan,1.167,nan,nan,1,1,1,1.167,nan,nan,nan,nan,nan,-0.067,nan,nan,0,0,0,-0.067,nan,500,fresh
101346,0,0,0,0,0,0,7,0,0,4,19,1,7,0,nan,nan,nan,nan,1.167,nan,nan,1,1,1,1.167,nan,nan,nan,nan,nan,-0.067,nan,nan,0,0,0,-0.067,nan,500,fresh
102416,0,0,0,0,0,0,7,0,0,4,19,1,7,0,nan,nan,nan,nan,1.167,nan,nan,1,1,1,1.167,nan,nan,nan,nan,nan,-0.067,nan,nan,0,0,0,-0.067,nan,500,fresh
103485,0,0,0,0,0,0,7,0,0,3,19,1,7,0,nan,nan,nan,nan,1.167,nan,nan,0.75,1,1,1.167,nan,nan,nan,nan,nan,-0.067,nan,nan,0.125,0,0,-0.067,nan,500,fresh
104555,0,0,0,0,0,0,6,0,0,4,19,1,7,0,nan,nan,nan,nan,1,nan,nan,1,1,1,1.167,nan,nan,nan,nan,nan,0,nan,nan,0,0,0,-0.067,nan,500,fresh
105625,0,0,0,0,0,0,7,0,0,4,19,1,7,0,nan,nan,nan,nan,1.167,nan,nan,1,1,1,1.167,nan,nan,nan,nan,nan,-0.067,nan,nan,0,0,0,-0.067,nan,500,fresh
106694,0,0,0,0,0,0,7,0,0,4,19,1,7,0,nan,nan,nan,nan,1.167,nan,nan,1,1,1,1.167,nan,nan,nan,nan,nan,-0.067,nan,nan,0,0,0,-0.067,nan,500,fresh
107763,0,0,0,0,0,0,7,0,0,4,19,1,7,0,nan,nan,nan,nan,1.167,nan,nan,1,1,1,1.167,nan,nan,nan,nan,nan,-0.067,nan,nan,0,0,0,-0.067,nan,500,fresh
108833,0,0,0,0,0,0,7,0,0,4,19,1,7,0,nan,nan,nan,nan,1.167,nan,nan,1,1,1,1.167,nan,nan,nan,nan,nan,-0.067,nan,nan,0,0,0,-0.067,nan,500,fresh
109903,0,0,0,0,0,0,7,0,0,4,19,1,7,0,nan,nan,nan,nan,1.167,nan,nan,1,1,1,1.167,nan,nan,nan,nan,nan,-0.067,nan,nan,0,0,0,-0.067,nan,500,fresh
110971,0,0,0,0,0,0,7,0,0,4,19,1,7,0,nan,nan,nan,nan,1.167,nan,nan,1,1,1,1.167,nan,nan,nan,nan,nan,-0.067,nan,nan,0,0,0,-0.067,nan,500,fresh
112041,0,0,0,0,0,0,7,0,0,4,19,1,7,0,nan,nan,nan,nan,1.167,nan,nan,1,1,1,1.167,nan,nan,nan,nan,nan,-0.067,nan,nan,0,0,0,-0.067,nan,500,fresh
113111,0,0,0,0,0,0,7,0,0,4,19,1,7,0,nan,nan,nan,nan,1.167,nan,nan,1,1,1,1.167,nan,nan,nan,nan,nan,-0.067,nan,nan,0,0,0,-0.067,nan,500,fresh
114180,0,0,0,0,0,0,7,0,0,4,19,1,7,0,nan,nan,nan,nan,1.167,nan,nan,1,1,1,1.167,nan,nan,nan,nan,nan,-0.067,nan,nan,0,0,0,-0.067,nan,500,fresh
115250,0,0,0,0,0,0,7,0,0,4,19,1,7,0,nan,nan,nan,nan,1.167,nan,nan,1,1,1,1.167,nan,nan,nan,nan,nan,-0.067,nan,nan,0,0,0,-0.067,nan,500,fresh
116319,0,0,0,0,0,0,7,0,0,4,19,1,7,0,nan,nan,nan,nan,1.167,nan,nan,1,1,1,1.167,nan,nan,nan,nan,nan,-0.067,nan,nan,0,0,0,-0.067,nan,500,fresh
117388,0,0,0,0,0,0,7,0,0,4,19,1,7,0,nan,nan,nan,nan,1.167,nan,nan,1,1,1,1.167,nan,nan,nan,nan,nan,-0.067,nan,nan,0,0,0,-0.067,nan,500,fresh
118457,0,0,0,0,0,0,7,0,0,4,19,1,7,0,nan,nan,nan,nan,1.167,nan,nan,1,1,1,1.167,nan,nan,nan,nan,nan,-0.067,nan,nan,0,0,0,-0.067,nan,500,fresh
119526,0,0,0,0,0,0,7,0,0,4,19,1,7,0,nan,nan,nan,nan,1.167,nan,nan,1,1,1,1.167,nan,nan,nan,nan,nan,-0.067,nan,nan,0,0,0,-0.067,nan,500,fresh
120596,0,0,0,0,0,0,7,0,0,4,19,1,7,0,nan,nan,nan,nan,1.167,nan,nan,1,1,1,1.167,nan,nan,nan,nan,nan,-0.067,nan,nan,0,0,0,-0.067,nan,500,fresh
121664,0,0,0,0,0,0,7,0,0,4,19,1,7,0,nan,nan,nan,nan,1.167,nan,nan,1,1,1,1.167,nan,nan,nan,nan,nan,-0.067,nan,nan,0,0,0,-0.067,nan,500,fresh
122733,0,0,0,0,0,0,6,0,0,4,19,1,7,0,nan,nan,nan,nan,1,nan,nan,1,1,1,1.167,nan,nan,nan,nan,nan,0,nan,nan,0,0,0,-0.067,nan,500,fresh
123803,0,0,0,0,0,0,7,0,0,4,19,1,7,0,nan,nan,nan,nan,1.167,nan,nan,1,1,1,1.167,nan,nan,nan,nan,nan,-0.067,nan,nan,0,0,0,-0.067,nan,500,fresh
124872,0,0,0,0,0,0,7,0,0,4,19,1,7,0,nan,nan,nan,nan,1.167,nan,nan,1,1,1,1.167,nan,nan,nan,nan,nan,-0.067,nan,nan,0,0,0,-0.067,nan,500,fresh
125941,0,0,0,0,0,0,7,0,0,4,19,1,7,0,nan,nan,nan,nan,1.167,nan,nan,1,1,1,1.167,nan,nan,nan,nan,nan,-0.067,nan,nan,0,0,0,-0.067,nan,500,fresh
127011,0,0,0,0,0,0,7,0,0,4,19,1,7,0,nan,nan,nan,nan,1.167,nan,nan,1,1,1,1.167,nan,nan,nan,nan,nan,-0.067,nan,nan,0,0,0,-0.067,nan,500,fresh
128081,0,0,0,0,0,0,7,0,0,4,19,1,7,0,nan,nan,nan,nan,1.167,nan,nan,1,1,1,1.167,nan,nan,nan,nan,nan,-0.067,nan,nan,0,0,0,-0.067,nan,500,fresh
129149,0,0,0,0,0,0,7,0,0,4,19,1,7,0,nan,nan,nan,nan,1.167,nan,nan,1,1,1,1.167,nan,nan,nan,nan,nan,-0.067,nan,nan,0,0,0,-0.067,nan,500,fresh
130219,0,0,0,0,0,0,7,0,0,4,19,1,7,0,nan,nan,nan,nan,1.167,nan,nan,1,1,1,1.167,nan,nan,nan,nan,nan,-0.067,nan,nan,0,0,0,-0.067,nan,500,fresh
131289,0,0,0,0,0,0,7,0,0,4,19,1,7,0,nan,nan,nan,nan,1.167,nan,nan,1,1,1,1.167,nan,nan,nan,nan,nan,-0.067,nan,nan,0,0,0,-0.067,nan,500,fresh
132359,0,0,0,0,0,0,7,0,0,4,19,1,6,0,nan,nan,nan,nan,1.167,nan,nan,1,1,1,1,nan,nan,nan,nan,nan,-0.067,nan,nan,0,0,0,0,nan,500,fresh
133429,0,0,0,0,0,0,7,0,0,4,19,1,7,0,nan,nan,nan,nan,1.167,nan,nan,1,1,1,1.167,nan,nan,nan,nan,nan,-0.067,nan,nan,0,0,0,-0.067,nan,500,fresh
134497,0,0,0,0,0,0,7,0,0,4,19,1,7,0,nan,nan,nan,nan,1.167,nan,nan,1,1,1,1.167,nan,nan,nan,nan,nan,-0.067,nan,nan,0,0,0,-0.067,nan,500,fresh
135567,0,0,0,0,0,0,7,0,0,4,19,1,7,0,nan,nan,nan,nan,1.167,nan,nan,1,1,1,1.167,nan,nan,nan,nan,nan,-0.067,nan,nan,0,0,0,-0.067,nan,500,fresh
136637,0,0,0,0,0,0,7,0,0,4,19,1,7,0,nan,nan,nan,nan,1.167,nan,nan,1,1,1,1.167,nan,nan,nan,nan,nan,-0.067,nan,nan,0,0,0,-0.067,nan,500,fresh
137707,0,0,0,0,0,0,7,0,0,4,19,1,7,0,nan,nan,nan,nan,1.167,nan,nan,1,1,1,1.167,nan,nan,nan,nan,nan,-0.067,nan,nan,0,0,0,-0.067,nan,500,fresh
138776,0,0,0,0,0,0,7,0,0,4,19,1,7,0,nan,nan,nan,nan,1.167,nan,nan,1,1,1,1.167,nan,nan,nan,nan,nan,-0.067,nan,nan,0,0,0,-0.067,nan,500,fresh
139845,0,0,0,0,0,0,7,0,0,4,19,1,7,0,nan,nan,nan,nan,1.167,nan,nan,1,1,1,1.167,nan,nan,nan,nan,nan,-0.067,nan,nan,0,0,0,-0.067,nan,500,fresh
140915,0,0,0,0,0,0,7,0,0,4,19,1,7,0,nan,nan,nan,nan,1.167,nan,nan,1,1,1,1.167,nan,nan,nan,nan,nan,-0.067,nan,nan,0,0,0,-0.067,nan,500,fresh
141984,0,0,0,0,0,0,7,0,0,4,19,1,7,0,nan,nan,nan,nan,1.167,nan,nan,1,1,1,1.167,nan,nan,nan,nan,nan,-0.067,nan,nan,0,0,0,-0.067,nan,500,fresh
143054,0,0,0,0,0,0,7,0,0,4,19,1,7,0,nan,nan,nan,nan,1.167,nan,nan,1,1,1,1.167,nan,nan,nan,nan,nan,-0.067,nan,nan,0,0,0,-0.067,nan,500,fresh
144124,0,0,0,0,0,0,7,0,0,4,19,1,7,0,nan,nan,nan,nan,1.167,nan,nan,1,1,1,1.167,nan,nan,nan,nan,nan,-0.067,nan,nan,0,0,0,-0.067,nan,500,fresh
145194,0,0,0,0,0,0,7,0,0,4,19,1,7,0,nan,nan,nan,nan,1.167,nan,nan,1,1,1,1.167,nan,nan,nan,nan,nan,-0.067,nan,nan,0,0,0,-0.067,nan,500,fresh
146264,0,0,0,0,0,0,7,0,0,4,19,1,7,0,nan,nan,nan,nan,1.167,nan,nan,1,1,1,1.167,nan,nan,nan,nan,nan,-0.067,nan,nan,0,0,0,-0.067,nan,500,fresh
147332,0,0,0,0,0,0,7,0,0,4,19,1,7,0,nan,nan,nan,nan,1.167,nan,nan,1,1,1,1.167,nan,nan,nan,nan,nan,-0.067,nan,nan,0,0,0,-0.067,nan,500,fresh
148402,0,0,0,0,0,0,7,0,0,4,19,1,7,0,nan,nan,nan,nan,1.167,nan,nan,1,1,1,1.167,nan,nan,nan,nan,nan,-0.067,nan,nan,0,0,0,-0.067,nan,500,fresh
149471,0,0,0,0,0,0,7,0,0,4,19,1,7,0,nan,nan,nan,nan,1.167,nan,nan,1,1,1,1.167,nan,nan,nan,nan,nan,-0.067,nan,nan,0,0,0,-0.067,nan,500,fresh
150541,0,0,0,0,0,0,7,0,0,4,19,1,7,0,nan,nan,nan,nan,1.167,nan,nan,1,1,1,1.167,nan,nan,nan,nan,nan,-0.067,nan,nan,0,0,0,-0.067,nan,500,fresh
151611,0,0,0,0,0,0,7,0,0,4,19,1,7,0,nan,nan,nan,nan,1.167,nan,nan,1,1,1,1.167,nan,nan,nan,nan,nan,-0.067,nan,nan,0,0,0,-0.067,nan,500,fresh
152680,0,0,0,0,0,0,7,0,0,4,19,1,7,0,nan,nan,nan,nan,1.167,nan,nan,1,1,1,1.167,nan,nan,nan,nan,nan,-0.067,nan,nan,0,0,0,-0.067,nan,500,fresh
153750,0,0,0,0,0,0,7,0,0,4,19,1,7,0,nan,nan,nan,nan,1.167,nan,nan,1,1,1,1.167,nan,nan,nan,nan,nan,-0.067,nan,nan,0,0,0,-0.067,nan,500,fresh
154820,0,0,0,0,0,0,7,0,0,4,19,1,7,0,nan,nan,nan,nan,1.167,nan,nan,1,1,1,1.167,nan,nan,nan,nan,nan,-0.067,nan,nan,0,0,0,-0.067,nan,500,fresh
155890,0,0,0,0,0,0,7,0,0,4,19,1,7,0,nan,nan,nan,nan,1.167,nan,nan,1,1,1,1.167,nan,nan,nan,nan,nan,-0.067,nan,nan,0,0,0,-0.067,nan,500,fresh
156960,0,0,0,0,0,0,7,0,0,4,19,1,7,0,nan,nan,nan,nan,1.167,nan,nan,1,1,1,1.167,nan,nan,nan,nan,nan,-0.067,nan,nan,0,0,0,-0.067,nan,500,fresh
158030,0,0,0,0,0,0,7,0,0,4,19,1,7,0,nan,nan,nan,nan,1.167,nan,nan,1,1,1,1.167,nan,nan,nan,nan,nan,-0.067,nan,nan,0,0,0,-0.067,nan,500,fresh
159100,0,0,0,0,0,0,7,0,0,4,19,1,6,0,nan,nan,nan,nan,1.167,nan,nan,1,1,1,1,nan,nan,nan,nan,nan,-0.067,nan,nan,0,0,0,0,nan,500,fresh
160168,0,0,0,0,0,0,7,0,0,4,19,1,7,0,nan,nan,nan,nan,1.167,nan,nan,1,1,1,1.167,nan,nan,nan,nan,nan,-0.067,nan,nan,0,0,0,-0.067,nan,500,fresh
161237,0,0,0,0,0,0,7,0,0,4,19,1,7,0,nan,nan,nan,nan,1.167,nan,nan,1,1,1,1.167,nan,nan,nan,nan,nan,-0.067,nan,nan,0,0,0,-0.067,nan,500,fresh
162306,0,0,0,0,0,0,7,0,0,4,19,1,7,0,nan,nan,nan,nan,1.167,nan,nan,1,1,1,1.167,nan,nan,nan,nan,nan,-0.067,nan,nan,0,0,0,-0.067,nan,500,fresh
163376,0,0,0,0,0,0,7,0,0,4,19,1,7,0,nan,nan,nan,nan,1.167,nan,nan,1,1,1,1.167,nan,nan,nan,nan,nan,-0.067,nan,nan,0,0,0,-0.067,nan,500,fresh
164444,0,0,0,0,0,0,7,0,0,4,19,1,7,0,nan,nan,nan,nan,1.167,nan,nan,1,1,1,1.167,nan,nan,nan,nan,nan,-0.067,nan,nan,0,0,0,-0.067,nan,500,fresh
165513,0,0,0,0,0,0,7,0,0,4,19,1,7,0,nan,nan,nan,nan,1.167,nan,nan,1,1,1,1.167,nan,nan,nan,nan,nan,-0.067,nan,nan,0,0,0,-0.067,nan,500,fresh
166583,0,0,0,0,0,0,7,0,0,4,19,1,7,0,nan,nan,nan,nan,1.167,nan,nan,1,1,1,1.167,nan,nan,nan,nan,nan,-0.067,nan,nan,0,0,0,-0.067,nan,500,fresh
167652,0,0,0,0,0,0,7,0,0,4,19,1,7,0,nan,nan,nan,nan,1.167,nan,nan,1,1,1,1.167,nan,nan,nan,nan,nan,-0.067,nan,nan,0,0,0,-0.067,nan,500,fresh
168722,0,0,0,0,0,0,7,0,0,4,19,1,7,0,nan,nan,nan,nan,1.167,nan,nan,1,1,1,1.167,nan,nan,nan,nan,nan,-0.067,nan,nan,0,0,0,-0.067,nan,500,fresh
169792,0,0,0,0,0,0,7,0,0,4,19,1,7,0,nan,nan,nan,nan,1.167,nan,nan,1,1,1,1.167,nan,nan,nan,nan,nan,-0.067,nan,nan,0,0,0,-0.067,nan,500,fresh
170862,0,0,0,0,0,0,7,0,0,4,19,1,7,0,nan,nan,nan,nan,1.167,nan,nan,1,1,1,1.167,nan,nan,nan,nan,nan,-0.067,nan,nan,0,0,0,-0.067,nan,500,fresh
171932,0,0,0,0,0,0,6,0,0,4,19,1,7,0,nan,nan,nan,nan,1,nan,nan,1,1,1,1.167,nan,nan,nan,nan,nan,0,nan,nan,0,0,0,-0.067,nan,500,fresh
173002,0,0,0,0,0,0,7,0,0,4,19,1,7,0,nan,nan,nan,nan,1.167,nan,nan,1,1,1,1.167,nan,nan,nan,nan,nan,-0.067,nan,nan,0,0,0,-0.067,nan,500,fresh
174072,0,0,0,0,0,0,7,0,0,4,19,1,7,0,nan,nan,nan,nan,1.167,nan,nan,1,1,1,1.167,nan,nan,nan,nan,nan,-0.067,nan,nan,0,0,0,-0.067,nan,500,fresh
175140,0,0,0,0,0,0,6,0,0,4,19,1,7,0,nan,nan,nan,nan,1,nan,nan,1,1,1,1.167,nan,nan,nan,nan,nan,0,nan,nan,0,0,0,-0.067,nan,500,fresh
176210,0,0,0,0,0,0,7,0,0,4,19,1,7,0,nan,nan,nan,nan,1.167,nan,nan,1,1,1,1.167,nan,nan,nan,nan,nan,-0.067,nan,nan,0,0,0,-0.067,nan,500,fresh
177280,0,0,0,0,0,0,7,0,0,4,19,1,7,0,nan,nan,nan,nan,1.167,nan,nan,1,1,1,1.167,nan,nan,nan,nan,nan,-0.067,nan,nan,0,0,0,-0.067,nan,500,fresh
178350,0,0,0,0,0,0,6,0,0,4,19,1,7,0,nan,nan,nan,nan,1,nan,nan,1,1,1,1.167,nan,nan,nan,nan,nan,0,nan,nan,0,0,0,-0.067,nan,500,fresh
179419,0,0,0,0,0,0,7,0,0,4,19,1,7,0,nan,nan,nan,nan,1.167,nan,nan,1,1,1,1.167,nan,nan,nan,nan,nan,-0.067,nan,nan,0,0,0,-0.067,nan,500,fresh
180488,0,0,0,0,0,0,7,0,0,4,19,1,7,0,nan,nan,nan,nan,1.167,nan,nan,1,1,1,1.167,nan,nan,nan,nan,nan,-0.067,nan,nan,0,0,0,-0.067,nan,500,fresh
181557,0,0,0,0,0,0,7,0,0,4,19,1,7,0,nan,nan,nan,nan,1.167,nan,nan,1,1,1,1.167,nan,nan,nan,nan,nan,-0.067,nan,nan,0,0,0,-0.067,nan,500,fresh
182627,0,0,0,0,0,0,7,0,0,4,19,1,7,0,nan,nan,nan,nan,1.167,nan,nan,1,1,1,1.167,nan,nan,nan,nan,nan,-0.067,nan,nan,0,0,0,-0.067,nan,500,fresh
183697,0,0,0,0,0,0,7,0,0,4,19,1,7,0,nan,nan,nan,nan,1.167,nan,nan,1,1,1,1.167,nan,nan,nan,nan,nan,-0.067,nan,nan,0,0,0,-0.067,nan,500,fresh
184766,0,0,0,0,0,0,7,0,0,4,19,1,7,0,nan,nan,nan,nan,1.167,nan,nan,1,1,1,1.167,nan,nan,nan,nan,nan,-0.067,nan,nan,0,0,0,-0.067,nan,500,fresh
185836,0,0,0,0,0,0,7,0,0,4,19,1,7,0,nan,nan,nan,nan,1.167,nan,nan,1,1,1,1.167,nan,nan,nan,nan,nan,-0.067,nan,nan,0,0,0,-0.067,nan,500,fresh
186906,0,0,0,0,0,0,7,0,0,4,19,1,7,0,nan,nan,nan,nan,1.167,nan,nan,1,1,1,1.167,nan,nan,nan,nan,nan,-0.067,nan,nan,0,0,0,-0.067,nan,500,fresh
187976,0,0,0,0,0,0,7,0,0,4,19,1,6,0,nan,nan,nan,nan,1.167,nan,nan,1,1,1,1,nan,nan,nan,nan,nan,-0.067,nan,nan,0,0,0,0,nan,500,fresh
189046,0,0,0,0,0,0,7,0,0,4,19,1,6,0,nan,nan,nan,nan,1.167,nan,nan,1,1,1,1,nan,nan,nan,nan,nan,-0.067,nan,nan,0,0,0,0,nan,500,fresh
190115,0,0,0,0,0,0,6,0,0,4,19,1,7,0,nan,nan,nan,nan,1,nan,nan,1,1,1,1.167,nan,nan,nan,nan,nan,0,nan,nan,0,0,0,-0.067,nan,500,fresh
191185,0,0,0,0,0,0,7,0,0,4,19,1,6,0,nan,nan,nan,nan,1.167,nan,nan,1,1,1,1,nan,nan,nan,nan,nan,-0.067,nan,nan,0,0,0,0,nan,500,fresh
192255,0,0,0,0,0,0,7,0,0,4,19,1,7,0,nan,nan,nan,nan,1.167,nan,nan,1,1,1,1.167,nan,nan,nan,nan,nan,-0.067,nan,nan,0,0,0,-0.067,nan,500,fresh
193324,0,0,0,0,0,0,7,0,0,4,19,1,7,0,nan,nan,nan,nan,1.167,nan,nan,1,1,1,1.167,nan,nan,nan,nan,nan,-0.067,nan,nan,0,0,0,-0.067,nan,500,fresh
194394,0,0,0,0,0,0,7,0,0,4,19,1,7,0,nan,nan,nan,nan,1.167,nan,nan,1,1,1,1.167,nan,nan,nan,nan,nan,-0.067,nan,nan,0,0,0,-0.067,nan,500,fresh
195464,0,0,0,0,0,0,7,0,0,4,19,1,7,0,nan,nan,nan,nan,1.167,nan,nan,1,1,1,1.167,nan,nan,nan,nan,nan,-0.067,nan,nan,0,0,0,-0.067,nan,500,fresh
196534,0,0,0,0,0,0,7,0,0,4,19,1,7,0,nan,nan,nan,nan,1.167,nan,nan,1,1,1,1.167,nan,nan,nan,nan,nan,-0.067,nan,nan,0,0,0,-0.067,nan,500,fresh
197604,0,0,0,0,0,0,7,0,0,4,19,1,7,0,nan,nan,nan,nan,1.167,nan,nan,1,1,1,1.167,nan,nan,nan,nan,nan,-0.067,nan,nan,0,0,0,-0.067,nan,500,fresh
198673,0,0,0,0,0,0,7,0,0,4,19,1,7,0,nan,nan,nan,nan,1.167,nan,nan,1,1,1,1.167,nan,nan,nan,nan,nan,-0.067,nan,nan,0,0,0,-0.067,nan,500,fresh
199741,0,0,0,0,0,0,6,0,0,4,19,1,7,0,nan,nan,nan,nan,1,nan,nan,1,1,1,1.167,nan,nan,nan,nan,nan,0,nan,nan,0,0,0,-0.067,nan,500,fresh
200810,0,0,0,0,0,0,7,0,0,4,19,1,7,0,nan,nan,nan,nan,1.167,nan,nan,1,1,1,1.167,nan,nan,nan,nan,nan,-0.067,nan,nan,0,0,0,-0.067,nan,500,fresh
201880,0,0,0,0,0,0,7,0,0,4,19,1,7,0,nan,nan,nan,nan,1.167,nan,nan,1,1,1,1.167,nan,nan,nan,nan,nan,-0.067,nan,nan,0,0,0,-0.067,nan,500,fresh
202950,0,0,0,0,0,0,7,0,0,4,19,1,7,0,nan,nan,nan,nan,1.167,nan,nan,1,1,1,1.167,nan,nan,nan,nan,nan,-0.067,nan,nan,0,0,0,-0.067,nan,500,fresh
204019,0,0,0,0,0,0,7,0,0,4,19,1,7,0,nan,nan,nan,nan,1.167,nan,nan,1,1,1,1.167,nan,nan,nan,nan,nan,-0.067,nan,nan,0,0,0,-0.067,nan,500,fresh
205089,0,0,0,0,0,0,7,0,0,4,19,1,6,0,nan,nan,nan,nan,1.167,nan,nan,1,1,1,1,nan,nan,nan,nan,nan,-0.067,nan,nan,0,0,0,0,nan,500,fresh
206159,0,0,0,0,0,0,7,0,0,4,19,1,7,0,nan,nan,nan,nan,1.167,nan,nan,1,1,1,1.167,nan,nan,nan,nan,nan,-0.067,nan,nan,0,0,0,-0.067,nan,500,fresh
207228,0,0,0,0,0,0,7,0,0,4,19,1,7,0,nan,nan,nan,nan,1.167,nan,nan,1,1,1,1.167,nan,nan,nan,nan,nan,-0.067,nan,nan,0,0,0,-0.067,nan,500,fresh
208298,0,0,0,0,0,0,7,0,0,4,19,1,6,0,nan,nan,nan,nan,1.167,nan,nan,1,1,1,1,nan,nan,nan,nan,nan,-0.067,nan,nan,0,0,0,0,nan,500,fresh
209368,0,0,0,0,0,0,7,0,0,4,19,1,7,0,nan,nan,nan,nan,1.167,nan,nan,1,1,1,1.167,nan,nan,nan,nan,nan,-0.067,nan,nan,0,0,0,-0.067,nan,500,fresh
210437,0,0,0,0,0,0,7,0,0,4,19,1,7,0,nan,nan,nan,nan,1.167,nan,nan,1,1,1,1.167,nan,nan,nan,nan,nan,-0.067,nan,nan,0,0,0,-0.067,nan,500,fresh
211507,0,0,0,0,0,0,6,0,0,4,19,1,7,0,nan,nan,nan,nan,1,nan,nan,1,1,1,1.167,nan,nan,nan,nan,nan,0,nan,nan,0,0,0,-0.067,nan,500,fresh
212576,0,0,0,0,0,0,6,0,0,4,19,1,7,0,nan,nan,nan,nan,1,nan,nan,1,1,1,1.167,nan,nan,nan,nan,nan,0,nan,nan,0,0,0,-0.067,nan,500,fresh
213644,0,0,0,0,0,0,7,0,0,4,19,1,6,0,nan,nan,nan,nan,1.167,nan,nan,1,1,1,1,nan,nan,nan,nan,nan,-0.067,nan,nan,0,0,0,0,nan,500,fresh
214713,0,0,0,0,0,0,7,0,0,4,19,1,7,0,nan,nan,nan,nan,1.167,nan,nan,1,1,1,1.167,nan,nan,nan,nan,nan,-0.067,nan,nan,0,0,0,-0.067,nan,500,fresh
215783,0,0,0,0,0,0,7,0,0,4,19,1,7,0,nan,nan,nan,nan,1.167,nan,nan,1,1,1,1.167,nan,nan,nan,nan,nan,-0.067,nan,nan,0,0,0,-0.067,nan,500,fresh
216853,0,0,0,0,0,0,7,0,0,4,19,1,7,0,nan,nan,nan,nan,1.167,nan,nan,1,1,1,1.167,nan,nan,nan,nan,nan,-0.067,nan,nan,0,0,0,-0.067,nan,500,fresh
217921,0,0,0,0,0,0,7,0,0,4,19,1,6,0,nan,nan,nan,nan,1.167,nan,nan,1,1,1,1,nan,nan,nan,nan,nan,-0.067,nan,nan,0,0,0,0,nan,500,fresh
218990,0,0,0,0,0,0,7,0,0,4,19,1,7,0,nan,nan,nan,nan,1.167,nan,nan,1,1,1,1.167,nan,nan,nan,nan,nan,-0.067,nan,nan,0,0,0,-0.067,nan,500,fresh
220060,0,0,0,0,0,0,6,0,0,4,19,1,7,0,nan,nan,nan,nan,1,nan,nan,1,1,1,1.167,nan,nan,nan,nan,nan,0,nan,nan,0,0,0,-0.067,nan,500,fresh
221130,0,0,0,0,0,0,7,0,0,4,19,1,7,0,nan,nan,nan,nan,1.167,nan,nan,1,1,1,1.167,nan,nan,nan,nan,nan,-0.067,nan,nan,0,0,0,-0.067,nan,500,fresh
222198,0,0,0,0,0,0,7,0,0,4,19,1,7,0,nan,nan,nan,nan,1.167,nan,nan,1,1,1,1.167,nan,nan,nan,nan,nan,-0.067,nan,nan,0,0,0,-0.067,nan,500,fresh
223267,0,0,0,0,0,0,7,0,0,4,19,1,7,0,nan,nan,nan,nan,1.167,nan,nan,1,1,1,1.167,nan,nan,nan,nan,nan,-0.067,nan,nan,0,0,0,-0.067,nan,500,fresh
224337,0,0,0,0,0,0,6,0,0,4,19,1,7,0,nan,nan,nan,nan,1,nan,nan,1,1,1,1.167,nan,nan,nan,nan,nan,0,nan,nan,0,0,0,-0.067,nan,500,fresh
225406,0,0,0,0,0,0,6,0,0,4,19,1,7,0,nan,nan,nan,nan,1,nan,nan,1,1,1,1.167,nan,nan,nan,nan,nan,0,nan,nan,0,0,0,-0.067,nan,500,fresh
226475,0,0,0,0,0,0,7,0,0,4,19,1,7,0,nan,nan,nan,nan,1.167,nan,nan,1,1,1,1.167,nan,nan,nan,nan,nan,-0.067,nan,nan,0,0,0,-0.067,nan,500,fresh
227544,0,0,0,0,0,0,6,0,0,4,19,1,7,0,nan,nan,nan,nan,1,nan,nan,1,1,1,1.167,nan,nan,nan,nan,nan,0,nan,nan,0,0,0,-0.067,nan,500,fresh
228614,0,0,0,0,0,0,7,0,0,4,19,1,7,0,nan,nan,nan,nan,1.167,nan,nan,1,1,1,1.167,nan,nan,nan,nan,nan,-0.067,nan,nan,0,0,0,-0.067,nan,500,fresh
229683,0,0,0,0,0,0,7,0,0,3,19,1,7,0,nan,nan,nan,nan,1.167,nan,nan,0.75,1,1,1.167,nan,nan,nan,nan,nan,-0.067,nan,nan,0.125,0,0,-0.067,nan,500,fresh
230752,0,0,0,0,0,0,6,0,0,4,19,1,6,0,nan,nan,nan,nan,1,nan,nan,1,1,1,1,nan,nan,nan,nan,nan,0,nan,nan,0,0,0,0,nan,500,fresh
231822,0,0,0,0,0,0,7,0,0,4,19,1,7,0,nan,nan,nan,nan,1.167,nan,nan,1,1,1,1.167,nan,nan,nan,nan,nan,-0.067,nan,nan,0,0,0,-0.067,nan,500,fresh
232892,0,0,0,0,0,0,7,0,0,4,19,1,7,0,nan,nan,nan,nan,1.167,nan,nan,1,1,1,1.167,nan,nan,nan,nan,nan,-0.067,nan,nan,0,0,0,-0.067,nan,500,fresh
233962,0,0,0,0,0,0,6,0,0,4,19,1,7,0,nan,nan,nan,nan,1,nan,nan,1,1,1,1.167,nan,nan,nan,nan,nan,0,nan,nan,0,0,0,-0.067,nan,500,fresh
235031,0,0,0,0,0,0,6,0,0,4,19,1,7,0,nan,nan,nan,nan,1,nan,nan,1,1,1,1.167,nan,nan,nan,nan,nan,0,nan,nan,0,0,0,-0.067,nan,500,fresh
236100,0,0,0,0,0,0,7,0,0,4,19,1,6,0,nan,nan,nan,nan,1.167,nan,nan,1,1,1,1,nan,nan,nan,nan,nan,-0.067,nan,nan,0,0,0,0,nan,500,fresh
237170,0,0,0,0,0,0,7,0,0,4,19,1,7,0,nan,nan,nan,nan,1.167,nan,nan,1,1,1,1.167,nan,nan,nan,nan,nan,-0.067,nan,nan,0,0,0,-0.067,nan,500,fresh
238240,0,0,0,0,0,0,7,0,0,4,19,1,7,0,nan,nan,nan,nan,1.167,nan,nan,1,1,1,1.167,nan,nan,nan,nan,nan,-0.067,nan,nan,0,0,0,-0.067,nan,500,fresh
239309,0,0,0,0,0,0,7,0,0,4,19,1,6,0,nan,nan,nan,nan,1.167,nan,nan,1,1,1,1,nan,nan,nan,nan,nan,-0.067,nan,nan,0,0,0,0,nan,500,fresh
240379,0,0,0,0,0,0,7,0,0,4,19,1,7,0,nan,nan,nan,nan,1.167,nan,nan,1,1,1,1.167,nan,nan,nan,nan,nan,-0.067,nan,nan,0,0,0,-0.067,nan,500,fresh
241449,0,0,0,0,0,0,7,0,0,4,19,1,6,0,nan,nan,nan,nan,1.167,nan,nan,1,1,1,1,nan,nan,nan,nan,nan,-0.067,nan,nan,0,0,0,0,nan,500,fresh
242519,0,0,0,0,0,0,7,0,0,4,19,1,7,0,nan,nan,nan,nan,1.167,nan,nan,1,1,1,1.167,nan,nan,nan,nan,nan,-0.067,nan,nan,0,0,0,-0.067,nan,500,fresh
243588,0,0,0,0,0,0,7,0,0,4,19,1,6,0,nan,nan,nan,nan,1.167,nan,nan,1,1,1,1,nan,nan,nan,nan,nan,-0.067,nan,nan,0,0,0,0,nan,500,fresh
244657,0,0,0,0,0,0,7,0,0,4,19,1,7,0,nan,nan,nan,nan,1.167,nan,nan,1,1,1,1.167,nan,nan,nan,nan,nan,-0.067,nan,nan,0,0,0,-0.067,nan,500,fresh
245727,0,0,0,0,0,0,7,0,0,4,19,1,7,0,nan,nan,nan,nan,1.167,nan,nan,1,1,1,1.167,nan,nan,nan,nan,nan,-0.067,nan,nan,0,0,0,-0.067,nan,500,fresh
246795,0,0,0,0,0,0,7,0,0,4,19,1,7,0,nan,nan,nan,nan,1.167,nan,nan,1,1,1,1.167,nan,nan,nan,nan,nan,-0.067,nan,nan,0,0,0,-0.067,nan,500,fresh
247864,0,0,0,0,0,0,7,0,0,4,19,1,7,0,nan,nan,nan,nan,1.167,nan,nan,1,1,1,1.167,nan,nan,nan,nan,nan,-0.067,nan,nan,0,0,0,-0.067,nan,500,fresh
248934,0,0,0,0,0,0,7,0,0,4,19,1,7,0,nan,nan,nan,nan,1.167,nan,nan,1,1,1,1.167,nan,nan,nan,nan,nan,-0.067,nan,nan,0,0,0,-0.067,nan,500,fresh
250004,0,0,0,0,0,0,6,0,0,4,19,1,7,0,nan,nan,nan,nan,1,nan,nan,1,1,1,1.167,nan,nan,nan,nan,nan,0,nan,nan,0,0,0,-0.067,nan,500,fresh
251073,0,0,0,0,0,0,7,0,0,4,19,1,7,0,nan,nan,nan,nan,1.167,nan,nan,1,1,1,1.167,nan,nan,nan,nan,nan,-0.067,nan,nan,0,0,0,-0.067,nan,500,fresh
252142,0,0,0,0,0,0,7,0,0,4,19,1,7,0,nan,nan,nan,nan,1.167,nan,nan,1,1,1,1.167,nan,nan,nan,nan,nan,-0.067,nan,nan,0,0,0,-0.067,nan,500,fresh
253212,0,0,0,0,0,0,7,0,0,4,19,1,7,0,nan,nan,nan,nan,1.167,nan,nan,1,1,1,1.167,nan,nan,nan,nan,nan,-0.067,nan,nan,0,0,0,-0.067,nan,500,fresh
254280,0,0,0,0,0,0,7,0,0,4,19,1,6,0,nan,nan,nan,nan,1.167,nan,nan,1,1,1,1,nan,nan,nan,nan,nan,-0.067,nan,nan,0,0,0,0,nan,500,fresh
255350,0,0,0,0,0,0,7,0,0,4,19,1,7,0,nan,nan,nan,nan,1.167,nan,nan,1,1,1,1.167,nan,nan,nan,nan,nan,-0.067,nan,nan,0,0,0,-0.067,nan,500,fresh
256419,0,0,0,0,0,0,7,0,0,4,19,1,7,0,nan,nan,nan,nan,1.167,nan,nan,1,1,1,1.167,nan,nan,nan,nan,nan,-0.067,nan,nan,0,0,0,-0.067,nan,500,fresh
257489,0,0,0,0,0,0,7,0,0,4,19,1,7,0,nan,nan,nan,nan,1.167,nan,nan,1,1,1,1.167,nan,nan,nan,nan,nan,-0.067,nan,nan,0,0,0,-0.067,nan,500,fresh
258559,0,0,0,0,0,0,7,0,0,4,19,1,7,0,nan,nan,nan,nan,1.167,nan,nan,1,1,1,1.167,nan,nan,nan,nan,nan,-0.067,nan,nan,0,0,0,-0.067,nan,500,fresh
259627,0,0,0,0,0,0,7,0,0,4,19,1,7,0,nan,nan,nan,nan,1.167,nan,nan,1,1,1,1.167,nan,nan,nan,nan,nan,-0.067,nan,nan,0,0,0,-0.067,nan,500,fresh
260695,0,0,0,0,0,0,7,0,0,4,19,1,7,0,nan,nan,nan,nan,1.167,nan,nan,1,1,1,1.167,nan,nan,nan,nan,nan,-0.067,nan,nan,0,0,0,-0.067,nan,500,fresh
261765,0,0,0,0,0,0,7,0,0,4,19,1,7,0,nan,nan,nan,nan,1.167,nan,nan,1,1,1,1.167,nan,nan,nan,nan,nan,-0.067,nan,nan,0,0,0,-0.067,nan,500,fresh
262834,0,0,0,0,0,0,7,0,0,4,19,1,7,0,nan,nan,nan,nan,1.167,nan,nan,1,1,1,1.167,nan,nan,nan,nan,nan,-0.067,nan,nan,0,0,0,-0.067,nan,500,fresh
263904,0,0,0,0,0,0,7,0,0,4,19,1,7,0,nan,nan,nan,nan,1.167,nan,nan,1,1,1,1.167,nan,nan,nan,nan,nan,-0.067,nan,nan,0,0,0,-0.067,nan,500,fresh
264974,0,0,0,0,0,0,6,0,0,4,19,1,6,0,nan,nan,nan,nan,1,nan,nan,1,1,1,1,nan,nan,nan,nan,nan,0,nan,nan,0,0,0,0,nan,500,fresh
266042,0,0,0,0,0,0,7,0,0,4,19,1,7,0,nan,nan,nan,nan,1.167,nan,nan,1,1,1,1.167,nan,nan,nan,nan,nan,-0.067,nan,nan,0,0,0,-0.067,nan,500,fresh
267111,0,0,0,0,0,0,7,0,0,4,19,1,7,0,nan,nan,nan,nan,1.167,nan,nan,1,1,1,1.167,nan,nan,nan,nan,nan,-0.067,nan,nan,0,0,0,-0.067,nan,500,fresh
268181,0,0,0,0,0,0,7,0,0,4,19,1,7,0,nan,nan,nan,nan,1.167,nan,nan,1,1,1,1.167,nan,nan,nan,nan,nan,-0.067,nan,nan,0,0,0,-0.067,nan,500,fresh
269251,0,0,0,0,0,0,7,0,0,4,19,1,7,0,nan,nan,nan,nan,1.167,nan,nan,1,1,1,1.167,nan,nan,nan,nan,nan,-0.067,nan,nan,0,0,0,-0.067,nan,500,fresh
270321,0,0,0,0,0,0,6,0,0,4,19,1,7,0,nan,nan,nan,nan,1,nan,nan,1,1,1,1.167,nan,nan,nan,nan,nan,0,nan,nan,0,0,0,-0.067,nan,500,fresh
271390,0,0,0,0,0,0,7,0,0,4,19,1,7,0,nan,nan,nan,nan,1.167,nan,nan,1,1,1,1.167,nan,nan,nan,nan,nan,-0.067,nan,nan,0,0,0,-0.067,nan,500,fresh
272459,0,0,0,0,0,0,7,0,0,4,19,1,6,0,nan,nan,nan,nan,1.167,nan,nan,1,1,1,1,nan,nan,nan,nan,nan,-0.067,nan,nan,0,0,0,0,nan,500,fresh
273528,0,0,0,0,0,0,7,0,0,4,19,1,6,0,nan,nan,nan,nan,1.167,nan,nan,1,1,1,1,nan,nan,nan,nan,nan,-0.067,nan,nan,0,0,0,0,nan,500,fresh
274597,0,0,0,0,0,0,7,0,0,4,19,1,7,0,nan,nan,nan,nan,1.167,nan,nan,1,1,1,1.167,nan,nan,nan,nan,nan,-0.067,nan,nan,0,0,0,-0.067,nan,500,fresh
275667,0,0,0,0,0,0,7,0,0,4,19,1,7,0,nan,nan,nan,nan,1.167,nan,nan,1,1,1,1.167,nan,nan,nan,nan,nan,-0.067,nan,nan,0,0,0,-0.067,nan,500,fresh
276737,0,0,0,0,0,0,6,0,0,4,19,1,7,0,nan,nan,nan,nan,1,nan,nan,1,1,1,1.167,nan,nan,nan,nan,nan,0,nan,nan,0,0,0,-0.067,nan,500,fresh
277806,0,0,0,0,0,0,7,0,0,4,19,1,7,0,nan,nan,nan,nan,1.167,nan,nan,1,1,1,1.167,nan,nan,nan,nan,nan,-0.067,nan,nan,0,0,0,-0.067,nan,500,fresh
278875,0,0,0,0,0,0,6,0,0,4,19,1,6,0,nan,nan,nan,nan,1,nan,nan,1,1,1,1,nan,nan,nan,nan,nan,0,nan,nan,0,0,0,0,nan,500,fresh
279945,0,0,0,0,0,0,7,0,0,4,19,1,7,0,nan,nan,nan,nan,1.167,nan,nan,1,1,1,1.167,nan,nan,nan,nan,nan,-0.067,nan,nan,0,0,0,-0.067,nan,500,fresh
281015,0,0,0,0,0,0,6,0,0,4,19,1,7,0,nan,nan,nan,nan,1,nan,nan,1,1,1,1.167,nan,nan,nan,nan,nan,0,nan,nan,0,0,0,-0.067,nan,500,fresh
282084,0,0,0,0,0,0,7,0,0,4,19,1,7,0,nan,nan,nan,nan,1.167,nan,nan,1,1,1,1.167,nan,nan,nan,nan,nan,-0.067,nan,nan,0,0,0,-0.067,nan,500,fresh
283153,0,0,0,0,0,0,7,0,0,4,19,1,7,0,nan,nan,nan,nan,1.167,nan,nan,1,1,1,1.167,nan,nan,nan,nan,nan,-0.067,nan,nan,0,0,0,-0.067,nan,500,fresh
284222,0,0,0,0,0,0,6,0,0,4,19,1,7,0,nan,nan,nan,nan,1,nan,nan,1,1,1,1.167,nan,nan,nan,nan,nan,0,nan,nan,0,0,0,-0.067,nan,500,fresh
285292,0,0,0,0,0,0,7,0,0,4,19,1,7,0,nan,nan,nan,nan,1.167,nan,nan,1,1,1,1.167,nan,nan,nan,nan,nan,-0.067,nan,nan,0,0,0,-0.067,nan,500,fresh
286361,0,0,0,0,0,0,7,0,0,4,19,1,7,0,nan,nan,nan,nan,1.167,nan,nan,1,1,1,1.167,nan,nan,nan,nan,nan,-0.067,nan,nan,0,0,0,-0.067,nan,500,fresh
287430,0,0,0,0,0,0,7,0,0,4,19,1,7,0,nan,nan,nan,nan,1.167,nan,nan,1,1,1,1.167,nan,nan,nan,nan,nan,-0.067,nan,nan,0,0,0,-0.067,nan,500,fresh
288499,0,0,0,0,0,0,6,0,0,4,19,1,7,0,nan,nan,nan,nan,1,nan,nan,1,1,1,1.167,nan,nan,nan,nan,nan,0,nan,nan,0,0,0,-0.067,nan,500,fresh
289569,0,0,0,0,0,0,7,0,0,4,19,1,7,0,nan,nan,nan,nan,1.167,nan,nan,1,1,1,1.167,nan,nan,nan,nan,nan,-0.067,nan,nan,0,0,0,-0.067,nan,500,fresh
290639,0,0,0,0,0,0,7,0,0,4,19,1,7,0,nan,nan,nan,nan,1.167,nan,nan,1,1,1,1.167,nan,nan,nan,nan,nan,-0.067,nan,nan,0,0,0,-0.067,nan,500,fresh
291709,0,0,0,0,0,0,6,0,0,4,19,1,7,0,nan,nan,nan,nan,1,nan,nan,1,1,1,1.167,nan,nan,nan,nan,nan,0,nan,nan,0,0,0,-0.067,nan,500,fresh
292779,0,0,0,0,0,0,7,0,0,4,19,1,7,0,nan,nan,nan,nan,1.167,nan,nan,1,1,1,1.167,nan,nan,nan,nan,nan,-0.067,nan,nan,0,0,0,-0.067,nan,500,fresh
293848,0,0,0,0,0,0,7,0,0,4,19,1,7,0,nan,nan,nan,nan,1.167,nan,nan,1,1,1,1.167,nan,nan,nan,nan,nan,-0.067,nan,nan,0,0,0,-0.067,nan,500,fresh
294918,0,0,0,0,0,0,7,0,0,4,19,1,7,0,nan,nan,nan,nan,1.167,nan,nan,1,1,1,1.167,nan,nan,nan,nan,nan,-0.067,nan,nan,0,0,0,-0.067,nan,500,fresh
295987,0,0,0,0,0,0,6,0,0,4,19,1,7,0,nan,nan,nan,nan,1,nan,nan,1,1,1,1.167,nan,nan,nan,nan,nan,0,nan,nan,0,0,0,-0.067,nan,500,fresh
297057,0,0,0,0,0,0,7,0,0,4,19,1,6,0,nan,nan,nan,nan,1.167,nan,nan,1,1,1,1,nan,nan,nan,nan,nan,-0.067,nan,nan,0,0,0,0,nan,500,fresh
298126,0,0,0,0,0,0,7,0,0,4,19,1,6,0,nan,nan,nan,nan,1.167,nan,nan,1,1,1,1,nan,nan,nan,nan,nan,-0.067,nan,nan,0,0,0,0,nan,500,fresh
299195,0,0,0,0,0,0,7,0,0,4,19,1,7,0,nan,nan,nan,nan,1.167,nan,nan,1,1,1,1.167,nan,nan,nan,nan,nan,-0.067,nan,nan,0,0,0,-0.067,nan,500,fresh
300265,0,0,0,0,0,0,7,0,0,4,19,1,6,0,nan,nan,nan,nan,1.167,nan,nan,1,1,1,1,nan,nan,nan,nan,nan,-0.067,nan,nan,0,0,0,0,nan,500,fresh
301335,0,0,0,0,0,0,7,0,0,4,19,1,7,0,nan,nan,nan,nan,1.167,nan,nan,1,1,1,1.167,nan,nan,nan,nan,nan,-0.067,nan,nan,0,0,0,-0.067,nan,500,fresh
302405,0,0,0,0,0,0,7,0,0,4,19,1,7,0,nan,nan,nan,nan,1.167,nan,nan,1,1,1,1.167,nan,nan,nan,nan,nan,-0.067,nan,nan,0,0,0,-0.067,nan,500,fresh
303475,0,0,0,0,0,0,7,0,0,4,19,1,7,0,nan,nan,nan,nan,1.167,nan,nan,1,1,1,1.167,nan,nan,nan,nan,nan,-0.067,nan,nan,0,0,0,-0.067,nan,500,fresh
304544,0,0,0,0,0,0,6,0,0,4,19,1,7,0,nan,nan,nan,nan,1,nan,nan,1,1,1,1.167,nan,nan,nan,nan,nan,0,nan,nan,0,0,0,-0.067,nan,500,fresh
305613,0,0,0,0,0,0,6,0,0,4,19,1,7,0,nan,nan,nan,nan,1,nan,nan,1,1,1,1.167,nan,nan,nan,nan,nan,0,nan,nan,0,0,0,-0.067,nan,500,fresh
306683,0,0,0,0,0,0,7,0,0,4,19,1,7,0,nan,nan,nan,nan,1.167,nan,nan,1,1,1,1.167,nan,nan,nan,nan,nan,-0.067,nan,nan,0,0,0,-0.067,nan,500,fresh
307752,0,0,0,0,0,0,7,0,0,3,19,1,7,0,nan,nan,nan,nan,1.167,nan,nan,0.75,1,1,1.167,nan,nan,nan,nan,nan,-0.067,nan,nan,0.125,0,0,-0.067,nan,500,fresh
308821,0,0,0,0,0,0,7,0,0,4,19,1,7,0,nan,nan,nan,nan,1.167,nan,nan,1,1,1,1.167,nan,nan,nan,nan,nan,-0.067,nan,nan,0,0,0,-0.067,nan,500,fresh
309891,0,0,0,0,0,0,7,0,0,4,19,1,6,0,nan,nan,nan,nan,1.167,nan,nan,1,1,1,1,nan,nan,nan,nan,nan,-0.067,nan,nan,0,0,0,0,nan,500,fresh
310960,0,0,0,0,0,0,7,0,0,4,19,1,7,0,nan,nan,nan,nan,1.167,nan,nan,1,1,1,1.167,nan,nan,nan,nan,nan,-0.067,nan,nan,0,0,0,-0.067,nan,500,fresh
312029,0,0,0,0,0,0,7,0,0,4,19,1,6,0,nan,nan,nan,nan,1.167,nan,nan,1,1,1,1,nan,nan,nan,nan,nan,-0.067,nan,nan,0,0,0,0,nan,500,fresh
313098,0,0,0,0,0,0,7,0,0,4,19,1,7,0,nan,nan,nan,nan,1.167,nan,nan,1,1,1,1.167,nan,nan,nan,nan,nan,-0.067,nan,nan,0,0,0,-0.067,nan,500,fresh
323795,0,0,0,0,0,0,7,0,0,4,19,1,7,0,nan,nan,nan,nan,1.167,nan,nan,1,1,1,1.167,nan,nan,nan,nan,nan,-0.067,nan,nan,0,0,0,-0.067,nan,500,fresh
324865,0,0,0,0,0,0,7,0,0,4,19,1,7,0,nan,nan,nan,nan,1.167,nan,nan,1,1,1,1.167,nan,nan,nan,nan,nan,-0.067,nan,nan,0,0,0,-0.067,nan,500,fresh
325934,0,0,0,0,0,0,7,0,0,4,19,1,7,0,nan,nan,nan,nan,1.167,nan,nan,1,1,1,1.167,nan,nan,nan,nan,nan,-0.067,nan,nan,0,0,0,-0.067,nan,500,fresh
327004,0,0,0,0,0,0,7,0,0,4,19,1,7,0,nan,nan,nan,nan,1.167,nan,nan,1,1,1,1.167,nan,nan,nan,nan,nan,-0.067,nan,nan,0,0,0,-0.067,nan,500,fresh
347322,0,0,0,0,0,0,7,0,0,4,20,1,7,0,nan,nan,nan,nan,1.167,nan,nan,1,1.053,1,1.167,nan,nan,nan,nan,nan,-0.067,nan,nan,0,-0.022,0,-0.067,nan,500,fresh
348392,0,0,0,0,0,0,7,0,0,4,20,1,7,0,nan,nan,nan,nan,1.167,nan,nan,1,1.053,1,1.167,nan,nan,nan,nan,nan,-0.067,nan,nan,0,-0.022,0,-0.067,nan,500,fresh
349461,0,0,0,0,0,0,7,0,0,4,19,1,7,0,nan,nan,nan,nan,1.167,nan,nan,1,1,1,1.167,nan,nan,nan,nan,nan,-0.067,nan,nan,0,0,0,-0.067,nan,500,fresh
350530,0,0,0,0,0,0,7,0,0,4,20,1,7,0,nan,nan,nan,nan,1.167,nan,nan,1,1.053,1,1.167,nan,nan,nan,nan,nan,-0.067,nan,nan,0,-0.022,0,-0.067,nan,500,fresh
351600,0,0,0,0,0,0,7,0,0,4,20,1,7,0,nan,nan,nan,nan,1.167,nan,nan,1,1.053,1,1.167,nan,nan,nan,nan,nan,-0.067,nan,nan,0,-0.022,0,-0.067,nan,500,fresh
352669,0,0,0,0,0,0,7,0,0,4,20,1,7,0,nan,nan,nan,nan,1.167,nan,nan,1,1.053,1,1.167,nan,nan,nan,nan,nan,-0.067,nan,nan,0,-0.022,0,-0.067,nan,500,fresh
353738,0,0,0,0,0,0,7,0,0,4,20,1,7,0,nan,nan,nan,nan,1.167,nan,nan,1,1.053,1,1.167,nan,nan,nan,nan,nan,-0.067,nan,nan,0,-0.022,0,-0.067,nan,500,fresh
354807,0,0,0,0,0,0,7,0,0,4,20,1,7,0,nan,nan,nan,nan,1.167,nan,nan,1,1.053,1,1.167,nan,nan,nan,nan,nan,-0.067,nan,nan,0,-0.022,0,-0.067,nan,500,fresh
355876,0,0,0,0,0,0,7,0,0,4,20,1,7,0,nan,nan,nan,nan,1.167,nan,nan,1,1.053,1,1.167,nan,nan,nan,nan,nan,-0.067,nan,nan,0,-0.022,0,-0.067,nan,500,fresh
356945,0,0,0,0,0,0,7,0,0,4,20,1,7,0,nan,nan,nan,nan,1.167,nan,nan,1,1.053,1,1.167,nan,nan,nan,nan,nan,-0.067,nan,nan,0,-0.022,0,-0.067,nan,500,fresh
358014,0,0,0,0,0,0,7,0,0,4,20,1,7,0,nan,nan,nan,nan,1.167,nan,nan,1,1.053,1,1.167,nan,nan,nan,nan,nan,-0.067,nan,nan,0,-0.022,0,-0.067,nan,500,fresh
359084,0,0,0,0,0,0,7,0,0,4,20,1,7,0,nan,nan,nan,nan,1.167,nan,nan,1,1.053,1,1.167,nan,nan,nan,nan,nan,-0.067,nan,nan,0,-0.022,0,-0.067,nan,500,fresh
360154,0,0,0,0,0,0,7,0,0,4,20,1,7,0,nan,nan,nan,nan,1.167,nan,nan,1,1.053,1,1.167,nan,nan,nan,nan,nan,-0.067,nan,nan,0,-0.022,0,-0.067,nan,500,fresh
361224,0,0,0,0,0,0,7,0,0,4,20,1,7,0,nan,nan,nan,nan,1.167,nan,nan,1,1.053,1,1.167,nan,nan,nan,nan,nan,-0.067,nan,nan,0,-0.022,0,-0.067,nan,500,fresh
362294,0,0,0,0,0,0,7,0,0,4,19,1,7,0,nan,nan,nan,nan,1.167,nan,nan,1,1,1,1.167,nan,nan,nan,nan,nan,-0.067,nan,nan,0,0,0,-0.067,nan,500,fresh
363364,0,0,0,0,0,0,7,0,0,4,20,1,7,0,nan,nan,nan,nan,1.167,nan,nan,1,1.053,1,1.167,nan,nan,nan,nan,nan,-0.067,nan,nan,0,-0.022,0,-0.067,nan,500,fresh
364434,0,0,0,0,0,0,7,0,0,4,20,1,7,0,nan,nan,nan,nan,1.167,nan,nan,1,1.053,1,1.167,nan,nan,nan,nan,nan,-0.067,nan,nan,0,-0.022,0,-0.067,nan,500,fresh
365504,0,0,0,0,0,0,7,0,0,4,20,1,7,0,nan,nan,nan,nan,1.167,nan,nan,1,1.053,1,1.167,nan,nan,nan,nan,nan,-0.067,nan,nan,0,-0.022,0,-0.067,nan,500,fresh
366574,0,0,0,0,0,0,7,0,0,4,20,1,7,0,nan,nan,nan,nan,1.167,nan,nan,1,1.053,1,1.167,nan,nan,nan,nan,nan,-0.067,nan,nan,0,-0.022,0,-0.067,nan,500,fresh
367643,0,0,0,0,0,0,7,0,0,4,20,1,7,0,nan,nan,nan,nan,1.167,nan,nan,1,1.053,1,1.167,nan,nan,nan,nan,nan,-0.067,nan,nan,0,-0.022,0,-0.067,nan,500,fresh
368713,0,0,0,0,0,0,7,0,0,4,20,1,7,0,nan,nan,nan,nan,1.167,nan,nan,1,1.053,1,1.167,nan,nan,nan,nan,nan,-0.067,nan,nan,0,-0.022,0,-0.067,nan,500,fresh
369783,0,0,0,0,0,0,7,0,0,4,20,1,7,0,nan,nan,nan,nan,1.167,nan,nan,1,1.053,1,1.167,nan,nan,nan,nan,nan,-0.067,nan,nan,0,-0.022,0,-0.067,nan,500,fresh
370852,0,0,0,0,0,0,7,0,0,4,20,1,7,0,nan,nan,nan,nan,1.167,nan,nan,1,1.053,1,1.167,nan,nan,nan,nan,nan,-0.067,nan,nan,0,-0.022,0,-0.067,nan,500,fresh
371922,0,0,0,0,0,0,7,0,0,4,20,1,7,0,nan,nan,nan,nan,1.167,nan,nan,1,1.053,1,1.167,nan,nan,nan,nan,nan,-0.067,nan,nan,0,-0.022,0,-0.067,nan,500,fresh
372991,0,0,0,0,0,0,7,0,0,4,20,1,7,0,nan,nan,nan,nan,1.167,nan,nan,1,1.053,1,1.167,nan,nan,nan,nan,nan,-0.067,nan,nan,0,-0.022,0,-0.067,nan,500,fresh
374059,0,0,0,0,0,0,7,0,0,4,19,1,7,0,nan,nan,nan,nan,1.167,nan,nan,1,1,1,1.167,nan,nan,nan,nan,nan,-0.067,nan,nan,0,0,0,-0.067,nan,500,fresh
375127,0,0,0,0,0,0,7,0,0,4,20,1,7,0,nan,nan,nan,nan,1.167,nan,nan,1,1.053,1,1.167,nan,nan,nan,nan,nan,-0.067,nan,nan,0,-0.022,0,-0.067,nan,500,fresh
376197,0,0,0,0,0,0,7,0,0,4,20,1,7,0,nan,nan,nan,nan,1.167,nan,nan,1,1.053,1,1.167,nan,nan,nan,nan,nan,-0.067,nan,nan,0,-0.022,0,-0.067,nan,500,fresh
377265,0,0,0,0,0,0,7,0,0,4,19,1,7,0,nan,nan,nan,nan,1.167,nan,nan,1,1,1,1.167,nan,nan,nan,nan,nan,-0.067,nan,nan,0,0,0,-0.067,nan,500,fresh
378333,0,0,0,0,0,0,7,0,0,4,20,1,7,0,nan,nan,nan,nan,1.167,nan,nan,1,1.053,1,1.167,nan,nan,nan,nan,nan,-0.067,nan,nan,0,-0.022,0,-0.067,nan,500,fresh
379403,0,0,0,0,0,0,7,0,0,4,20,1,7,0,nan,nan,nan,nan,1.167,nan,nan,1,1.053,1,1.167,nan,nan,nan,nan,nan,-0.067,nan,nan,0,-0.022,0,-0.067,nan,500,fresh
380473,0,0,0,0,0,0,7,0,0,4,20,1,7,0,nan,nan,nan,nan,1.167,nan,nan,1,1.053,1,1.167,nan,nan,nan,nan,nan,-0.067,nan,nan,0,-0.022,0,-0.067,nan,500,fresh
381542,0,0,0,0,0,0,7,0,0,4,20,1,7,0,nan,nan,nan,nan,1.167,nan,nan,1,1.053,1,1.167,nan,nan,nan,nan,nan,-0.067,nan,nan,0,-0.022,0,-0.067,nan,500,fresh
382612,0,0,0,0,0,0,7,0,0,4,20,1,7,0,nan,nan,nan,nan,1.167,nan,nan,1,1.053,1,1.167,nan,nan,nan,nan,nan,-0.067,nan,nan,0,-0.022,0,-0.067,nan,500,fresh
383681,0,0,0,0,0,0,7,0,0,4,19,1,7,0,nan,nan,nan,nan,1.167,nan,nan,1,1,1,1.167,nan,nan,nan,nan,nan,-0.067,nan,nan,0,0,0,-0.067,nan,500,fresh
384750,0,0,0,0,0,0,7,0,0,4,20,1,7,0,nan,nan,nan,nan,1.167,nan,nan,1,1.053,1,1.167,nan,nan,nan,nan,nan,-0.067,nan,nan,0,-0.022,0,-0.067,nan,500,fresh
385819,0,0,0,0,0,0,7,0,0,4,20,1,7,0,nan,nan,nan,nan,1.167,nan,nan,1,1.053,1,1.167,nan,nan,nan,nan,nan,-0.067,nan,nan,0,-0.022,0,-0.067,nan,500,fresh
386889,0,0,0,0,0,0,6,0,0,4,19,1,7,0,nan,nan,nan,nan,1,nan,nan,1,1,1,1.167,nan,nan,nan,nan,nan,0,nan,nan,0,0,0,-0.067,nan,500,fresh
387957,0,0,0,0,0,0,7,0,0,4,20,1,7,0,nan,nan,nan,nan,1.167,nan,nan,1,1.053,1,1.167,nan,nan,nan,nan,nan,-0.067,nan,nan,0,-0.022,0,-0.067,nan,500,fresh
389027,0,0,0,0,0,0,7,0,0,4,20,1,7,0,nan,nan,nan,nan,1.167,nan,nan,1,1.053,1,1.167,nan,nan,nan,nan,nan,-0.067,nan,nan,0,-0.022,0,-0.067,nan,500,fresh
390096,0,0,0,0,0,0,7,0,0,4,20,1,7,0,nan,nan,nan,nan,1.167,nan,nan,1,1.053,1,1.167,nan,nan,nan,nan,nan,-0.067,nan,nan,0,-0.022,0,-0.067,nan,500,fresh
391165,0,0,0,0,0,0,7,0,0,4,20,1,7,0,nan,nan,nan,nan,1.167,nan,nan,1,1.053,1,1.167,nan,nan,nan,nan,nan,-0.067,nan,nan,0,-0.022,0,-0.067,nan,500,fresh
392235,0,0,0,0,0,0,7,0,0,4,19,1,7,0,nan,nan,nan,nan,1.167,nan,nan,1,1,1,1.167,nan,nan,nan,nan,nan,-0.067,nan,nan,0,0,0,-0.067,nan,500,fresh
393304,0,0,0,0,0,0,7,0,0,4,19,1,7,0,nan,nan,nan,nan,1.167,nan,nan,1,1,1,1.167,nan,nan,nan,nan,nan,-0.067,nan,nan,0,0,0,-0.067,nan,500,fresh
394373,0,0,0,0,0,0,7,0,0,4,19,1,7,0,nan,nan,nan,nan,1.167,nan,nan,1,1,1,1.167,nan,nan,nan,nan,nan,-0.067,nan,nan,0,0,0,-0.067,nan,500,fresh
395443,0,0,0,0,0,0,7,0,0,4,19,1,7,0,nan,nan,nan,nan,1.167,nan,nan,1,1,1,1.167,nan,nan,nan,nan,nan,-0.067,nan,nan,0,0,0,-0.067,nan,500,fresh
396513,0,0,0,0,0,0,7,0,0,4,19,1,7,0,nan,nan,nan,nan,1.167,nan,nan,1,1,1,1.167,nan,nan,nan,nan,nan,-0.067,nan,nan,0,0,0,-0.067,nan,500,fresh
397582,0,0,0,0,0,0,7,0,0,4,20,1,7,0,nan,nan,nan,nan,1.167,nan,nan,1,1.053,1,1.167,nan,nan,nan,nan,nan,-0.067,nan,nan,0,-0.022,0,-0.067,nan,500,fresh
398651,0,0,0,0,0,0,7,0,0,4,19,1,7,0,nan,nan,nan,nan,1.167,nan,nan,1,1,1,1.167,nan,nan,nan,nan,nan,-0.067,nan,nan,0,0,0,-0.067,nan,500,fresh
399720,0,0,0,0,0,0,7,0,0,4,20,1,7,0,nan,nan,nan,nan,1.167,nan,nan,1,1.053,1,1.167,nan,nan,nan,nan,nan,-0.067,nan,nan,0,-0.022,0,-0.067,nan,500,fresh
400789,0,0,0,0,0,0,7,0,0,4,20,1,7,0,nan,nan,nan,nan,1.167,nan,nan,1,1.053,1,1.167,nan,nan,nan,nan,nan,-0.067,nan,nan,0,-0.022,0,-0.067,nan,500,fresh
401859,0,0,0,0,0,0,7,0,0,4,19,1,7,0,nan,nan,nan,nan,1.167,nan,nan,1,1,1,1.167,nan,nan,nan,nan,nan,-0.067,nan,nan,0,0,0,-0.067,nan,500,fresh
402928,0,0,0,0,0,0,7,0,0,4,20,1,7,0,nan,nan,nan,nan,1.167,nan,nan,1,1.053,1,1.167,nan,nan,nan,nan,nan,-0.067,nan,nan,0,-0.022,0,-0.067,nan,500,fresh
403997,0,0,0,0,0,0,7,0,0,4,19,1,7,0,nan,nan,nan,nan,1.167,nan,nan,1,1,1,1.167,nan,nan,nan,nan,nan,-0.067,nan,nan,0,0,0,-0.067,nan,500,fresh
405067,0,0,0,0,0,0,7,0,0,4,19,1,7,0,nan,nan,nan,nan,1.167,nan,nan,1,1,1,1.167,nan,nan,nan,nan,nan,-0.067,nan,nan,0,0,0,-0.067,nan,500,fresh
406136,0,0,0,0,0,0,6,0,0,4,19,1,7,0,nan,nan,nan,nan,1,nan,nan,1,1,1,1.167,nan,nan,nan,nan,nan,0,nan,nan,0,0,0,-0.067,nan,500,fresh
407206,0,0,0,0,0,0,7,0,0,4,19,1,7,0,nan,nan,nan,nan,1.167,nan,nan,1,1,1,1.167,nan,nan,nan,nan,nan,-0.067,nan,nan,0,0,0,-0.067,nan,500,fresh
408276,0,0,0,0,0,0,7,0,0,4,19,1,7,0,nan,nan,nan,nan,1.167,nan,nan,1,1,1,1.167,nan,nan,nan,nan,nan,-0.067,nan,nan,0,0,0,-0.067,nan,500,fresh
409345,0,0,0,0,0,0,7,0,0,4,19,1,7,0,nan,nan,nan,nan,1.167,nan,nan,1,1,1,1.167,nan,nan,nan,nan,nan,-0.067,nan,nan,0,0,0,-0.067,nan,500,fresh
410415,0,0,0,0,0,0,7,0,0,4,19,1,7,0,nan,nan,nan,nan,1.167,nan,nan,1,1,1,1.167,nan,nan,nan,nan,nan,-0.067,nan,nan,0,0,0,-0.067,nan,500,fresh
411485,0,0,0,0,0,0,7,0,0,4,19,1,7,0,nan,nan,nan,nan,1.167,nan,nan,1,1,1,1.167,nan,nan,nan,nan,nan,-0.067,nan,nan,0,0,0,-0.067,nan,500,fresh
412555,0,0,0,0,0,0,7,0,0,4,19,1,7,0,nan,nan,nan,nan,1.167,nan,nan,1,1,1,1.167,nan,nan,nan,nan,nan,-0.067,nan,nan,0,0,0,-0.067,nan,500,fresh
413625,0,0,0,0,0,0,7,0,0,4,19,1,7,0,nan,nan,nan,nan,1.167,nan,nan,1,1,1,1.167,nan,nan,nan,nan,nan,-0.067,nan,nan,0,0,0,-0.067,nan,500,fresh
414694,0,0,0,0,0,0,7,0,0,4,19,1,7,0,nan,nan,nan,nan,1.167,nan,nan,1,1,1,1.167,nan,nan,nan,nan,nan,-0.067,nan,nan,0,0,0,-0.067,nan,500,fresh
415763,0,0,0,0,0,0,7,0,0,4,19,1,7,0,nan,nan,nan,nan,1.167,nan,nan,1,1,1,1.167,nan,nan,nan,nan,nan,-0.067,nan,nan,0,0,0,-0.067,nan,500,fresh
416832,0,0,0,0,0,0,7,0,0,4,19,1,7,0,nan,nan,nan,nan,1.167,nan,nan,1,1,1,1.167,nan,nan,nan,nan,nan,-0.067,nan,nan,0,0,0,-0.067,nan,500,fresh
417901,0,0,0,0,0,0,7,0,0,4,19,1,7,0,nan,nan,nan,nan,1.167,nan,nan,1,1,1,1.167,nan,nan,nan,nan,nan,-0.067,nan,nan,0,0,0,-0.067,nan,500,fresh
418971,0,0,0,0,0,0,7,0,0,4,19,1,7,0,nan,nan,nan,nan,1.167,nan,nan,1,1,1,1.167,nan,nan,nan,nan,nan,-0.067,nan,nan,0,0,0,-0.067,nan,500,fresh
420041,0,0,0,0,0,0,7,0,0,4,19,1,7,0,nan,nan,nan,nan,1.167,nan,nan,1,1,1,1.167,nan,nan,nan,nan,nan,-0.067,nan,nan,0,0,0,-0.067,nan,500,fresh
421111,0,0,0,0,0,0,7,0,0,4,19,1,7,0,nan,nan,nan,nan,1.167,nan,nan,1,1,1,1.167,nan,nan,nan,nan,nan,-0.067,nan,nan,0,0,0,-0.067,nan,500,fresh
422181,0,0,0,0,0,0,7,0,0,4,20,1,7,0,nan,nan,nan,nan,1.167,nan,nan,1,1.053,1,1.167,nan,nan,nan,nan,nan,-0.067,nan,nan,0,-0.022,0,-0.067,nan,500,fresh
423250,0,0,0,0,0,0,7,0,0,4,19,1,7,0,nan,nan,nan,nan,1.167,nan,nan,1,1,1,1.167,nan,nan,nan,nan,nan,-0.067,nan,nan,0,0,0,-0.067,nan,500,fresh
424319,0,0,0,0,0,0,7,0,0,4,19,1,7,0,nan,nan,nan,nan,1.167,nan,nan,1,1,1,1.167,nan,nan,nan,nan,nan,-0.067,nan,nan,0,0,0,-0.067,nan,500,fresh
425389,0,0,0,0,0,0,7,0,0,4,19,1,7,0,nan,nan,nan,nan,1.167,nan,nan,1,1,1,1.167,nan,nan,nan,nan,nan,-0.067,nan,nan,0,0,0,-0.067,nan,500,fresh
426457,0,0,0,0,0,0,7,0,0,4,20,1,7,0,nan,nan,nan,nan,1.167,nan,nan,1,1.053,1,1.167,nan,nan,nan,nan,nan,-0.067,nan,nan,0,-0.022,0,-0.067,nan,500,fresh
427527,0,0,0,0,0,0,7,0,0,4,19,1,7,0,nan,nan,nan,nan,1.167,nan,nan,1,1,1,1.167,nan,nan,nan,nan,nan,-0.067,nan,nan,0,0,0,-0.067,nan,500,fresh
428597,0,0,0,0,0,0,7,0,0,4,19,1,7,0,nan,nan,nan,nan,1.167,nan,nan,1,1,1,1.167,nan,nan,nan,nan,nan,-0.067,nan,nan,0,0,0,-0.067,nan,500,fresh
429666,0,0,0,0,0,0,7,0,0,4,19,1,7,0,nan,nan,nan,nan,1.167,nan,nan,1,1,1,1.167,nan,nan,nan,nan,nan,-0.067,nan,nan,0,0,0,-0.067,nan,500,fresh
430736,0,0,0,0,0,0,7,0,0,4,19,1,7,0,nan,nan,nan,nan,1.167,nan,nan,1,1,1,1.167,nan,nan,nan,nan,nan,-0.067,nan,nan,0,0,0,-0.067,nan,500,fresh
431806,0,0,0,0,0,0,7,0,0,4,19,1,7,0,nan,nan,nan,nan,1.167,nan,nan,1,1,1,1.167,nan,nan,nan,nan,nan,-0.067,nan,nan,0,0,0,-0.067,nan,500,fresh
432875,0,0,0,0,0,0,7,0,0,4,19,1,7,0,nan,nan,nan,nan,1.167,nan,nan,1,1,1,1.167,nan,nan,nan,nan,nan,-0.067,nan,nan,0,0,0,-0.067,nan,500,fresh
433945,0,0,0,0,0,0,7,0,0,4,19,1,7,0,nan,nan,nan,nan,1.167,nan,nan,1,1,1,1.167,nan,nan,nan,nan,nan,-0.067,nan,nan,0,0,0,-0.067,nan,500,fresh
435015,0,0,0,0,0,0,7,0,0,4,19,1,7,0,nan,nan,nan,nan,1.167,nan,nan,1,1,1,1.167,nan,nan,nan,nan,nan,-0.067,nan,nan,0,0,0,-0.067,nan,500,fresh
436085,0,0,0,0,0,0,7,0,0,4,19,1,7,0,nan,nan,nan,nan,1.167,nan,nan,1,1,1,1.167,nan,nan,nan,nan,nan,-0.067,nan,nan,0,0,0,-0.067,nan,500,fresh
437154,0,0,0,0,0,0,7,0,0,4,19,1,7,0,nan,nan,nan,nan,1.167,nan,nan,1,1,1,1.167,nan,nan,nan,nan,nan,-0.067,nan,nan,0,0,0,-0.067,nan,500,fresh
438224,0,0,0,0,0,0,7,0,0,4,19,1,7,0,nan,nan,nan,nan,1.167,nan,nan,1,1,1,1.167,nan,nan,nan,nan,nan,-0.067,nan,nan,0,0,0,-0.067,nan,500,fresh
50008,0,0,0,0,0,0,7,0,0,4,19,1,7,0,nan,nan,nan,nan,1.167,nan,nan,1,1,1,1.167,nan,nan,nan,nan,nan,-0.067,nan,nan,0,0,0,-0.067,nan,500,fresh
51077,0,0,0,0,0,0,6,0,0,4,19,1,7,0,nan,nan,nan,nan,1,nan,nan,1,1,1,1.167,nan,nan,nan,nan,nan,0,nan,nan,0,0,0,-0.067,nan,500,fresh
52146,0,0,0,0,0,0,7,0,0,4,19,1,7,0,nan,nan,nan,nan,1.167,nan,nan,1,1,1,1.167,nan,nan,nan,nan,nan,-0.067,nan,nan,0,0,0,-0.067,nan,500,fresh
53216,0,0,0,0,0,0,7,0,0,4,19,1,6,0,nan,nan,nan,nan,1.167,nan,nan,1,1,1,1,nan,nan,nan,nan,nan,-0.067,nan,nan,0,0,0,0,nan,500,fresh
54285,0,0,0,0,0,0,7,0,0,4,19,1,7,0,nan,nan,nan,nan,1.167,nan,nan,1,1,1,1.167,nan,nan,nan,nan,nan,-0.067,nan,nan,0,0,0,-0.067,nan,500,fresh
55355,0,0,0,0,0,0,7,0,0,4,19,1,6,0,nan,nan,nan,nan,1.167,nan,nan,1,1,1,1,nan,nan,nan,nan,nan,-0.067,nan,nan,0,0,0,0,nan,500,fresh
56425,0,0,0,0,0,0,7,0,0,4,19,1,7,0,nan,nan,nan,nan,1.167,nan,nan,1,1,1,1.167,nan,nan,nan,nan,nan,-0.067,nan,nan,0,0,0,-0.067,nan,500,fresh
57495,0,0,0,0,0,0,7,0,0,4,19,1,7,0,nan,nan,nan,nan,1.167,nan,nan,1,1,1,1.167,nan,nan,nan,nan,nan,-0.067,nan,nan,0,0,0,-0.067,nan,500,fresh
58564,0,0,0,0,0,0,7,0,0,4,19,1,7,0,nan,nan,nan,nan,1.167,nan,nan,1,1,1,1.167,nan,nan,nan,nan,nan,-0.067,nan,nan,0,0,0,-0.067,nan,500,fresh
59634,0,0,0,0,0,0,7,0,0,4,19,1,7,0,nan,nan,nan,nan,1.167,nan,nan,1,1,1,1.167,nan,nan,nan,nan,nan,-0.067,nan,nan,0,0,0,-0.067,nan,500,fresh
60704,0,0,0,0,0,0,7,0,0,4,19,1,7,0,nan,nan,nan,nan,1.167,nan,nan,1,1,1,1.167,nan,nan,nan,nan,nan,-0.067,nan,nan,0,0,0,-0.067,nan,500,fresh
61774,0,0,0,0,0,0,7,0,0,4,19,1,7,0,nan,nan,nan,nan,1.167,nan,nan,1,1,1,1.167,nan,nan,nan,nan,nan,-0.067,nan,nan,0,0,0,-0.067,nan,500,fresh
62844,0,0,0,0,0,0,6,0,0,4,19,1,7,0,nan,nan,nan,nan,1,nan,nan,1,1,1,1.167,nan,nan,nan,nan,nan,0,nan,nan,0,0,0,-0.067,nan,500,fresh
63913,0,0,0,0,0,0,7,0,0,4,19,1,7,0,nan,nan,nan,nan,1.167,nan,nan,1,1,1,1.167,nan,nan,nan,nan,nan,-0.067,nan,nan,0,0,0,-0.067,nan,500,fresh
64983,0,0,0,0,0,0,7,0,0,4,19,1,7,0,nan,nan,nan,nan,1.167,nan,nan,1,1,1,1.167,nan,nan,nan,nan,nan,-0.067,nan,nan,0,0,0,-0.067,nan,500,fresh
66053,0,0,0,0,0,0,7,0,0,4,19,1,7,0,nan,nan,nan,nan,1.167,nan,nan,1,1,1,1.167,nan,nan,nan,nan,nan,-0.067,nan,nan,0,0,0,-0.067,nan,500,fresh
67123,0,0,0,0,0,0,7,0,0,4,19,1,7,0,nan,nan,nan,nan,1.167,nan,nan,1,1,1,1.167,nan,nan,nan,nan,nan,-0.067,nan,nan,0,0,0,-0.067,nan,500,fresh
68193,0,0,0,0,0,0,7,0,0,4,19,1,7,0,nan,nan,nan,nan,1.167,nan,nan,1,1,1,1.167,nan,nan,nan,nan,nan,-0.067,nan,nan,0,0,0,-0.067,nan,500,fresh
69263,0,0,0,0,0,0,7,0,0,4,19,1,7,0,nan,nan,nan,nan,1.167,nan,nan,1,1,1,1.167,nan,nan,nan,nan,nan,-0.067,nan,nan,0,0,0,-0.067,nan,500,fresh
70333,0,0,0,0,0,0,7,0,0,4,19,1,7,0,nan,nan,nan,nan,1.167,nan,nan,1,1,1,1.167,nan,nan,nan,nan,nan,-0.067,nan,nan,0,0,0,-0.067,nan,500,fresh
71403,0,0,0,0,0,0,7,0,0,4,19,1,7,0,nan,nan,nan,nan,1.167,nan,nan,1,1,1,1.167,nan,nan,nan,nan,nan,-0.067,nan,nan,0,0,0,-0.067,nan,500,fresh
72473,0,0,0,0,0,0,6,0,0,4,19,1,7,0,nan,nan,nan,nan,1,nan,nan,1,1,1,1.167,nan,nan,nan,nan,nan,0,nan,nan,0,0,0,-0.067,nan,500,fresh
73542,0,0,0,0,0,0,7,0,0,4,19,1,6,0,nan,nan,nan,nan,1.167,nan,nan,1,1,1,1,nan,nan,nan,nan,nan,-0.067,nan,nan,0,0,0,0,nan,500,fresh
74611,0,0,0,0,0,0,7,0,0,4,19,1,7,0,nan,nan,nan,nan,1.167,nan,nan,1,1,1,1.167,nan,nan,nan,nan,nan,-0.067,nan,nan,0,0,0,-0.067,nan,500,fresh
75681,0,0,0,0,0,0,7,0,0,4,19,1,7,0,nan,nan,nan,nan,1.167,nan,nan,1,1,1,1.167,nan,nan,nan,nan,nan,-0.067,nan,nan,0,0,0,-0.067,nan,500,fresh
76751,0,0,0,0,0,0,7,0,0,4,19,1,7,0,nan,nan,nan,nan,1.167,nan,nan,1,1,1,1.167,nan,nan,nan,nan,nan,-0.067,nan,nan,0,0,0,-0.067,nan,500,fresh
77821,0,0,0,0,0,0,7,0,0,4,19,1,7,0,nan,nan,nan,nan,1.167,nan,nan,1,1,1,1.167,nan,nan,nan,nan,nan,-0.067,nan,nan,0,0,0,-0.067,nan,500,fresh
78891,0,0,0,0,0,0,7,0,0,4,19,1,7,0,nan,nan,nan,nan,1.167,nan,nan,1,1,1,1.167,nan,nan,nan,nan,nan,-0.067,nan,nan,0,0,0,-0.067,nan,500,fresh
79960,0,0,0,0,0,0,7,0,0,4,19,1,6,0,nan,nan,nan,nan,1.167,nan,nan,1,1,1,1,nan,nan,nan,nan,nan,-0.067,nan,nan,0,0,0,0,nan,500,fresh
81030,0,0,0,0,0,0,6,0,0,4,19,1,7,0,nan,nan,nan,nan,1,nan,nan,1,1,1,1.167,nan,nan,nan,nan,nan,0,nan,nan,0,0,0,-0.067,nan,500,fresh
82099,0,0,0,0,0,0,7,0,0,4,19,1,7,0,nan,nan,nan,nan,1.167,nan,nan,1,1,1,1.167,nan,nan,nan,nan,nan,-0.067,nan,nan,0,0,0,-0.067,nan,500,fresh
83168,0,0,0,0,0,0,7,0,0,4,19,1,7,0,nan,nan,nan,nan,1.167,nan,nan,1,1,1,1.167,nan,nan,nan,nan,nan,-0.067,nan,nan,0,0,0,-0.067,nan,500,fresh
84238,0,0,0,0,0,0,7,0,0,4,19,1,6,0,nan,nan,nan,nan,1.167,nan,nan,1,1,1,1,nan,nan,nan,nan,nan,-0.067,nan,nan,0,0,0,0,nan,500,fresh
85308,0,0,0,0,0,0,7,0,0,4,19,1,7,0,nan,nan,nan,nan,1.167,nan,nan,1,1,1,1.167,nan,nan,nan,nan,nan,-0.067,nan,nan,0,0,0,-0.067,nan,500,fresh
86377,0,0,0,0,0,0,7,0,0,4,19,1,7,0,nan,nan,nan,nan,1.167,nan,nan,1,1,1,1.167,nan,nan,nan,nan,nan,-0.067,nan,nan,0,0,0,-0.067,nan,500,fresh
87447,0,0,0,0,0,0,7,0,0,4,19,1,7,0,nan,nan,nan,nan,1.167,nan,nan,1,1,1,1.167,nan,nan,nan,nan,nan,-0.067,nan,nan,0,0,0,-0.067,nan,500,fresh
88516,0,0,0,0,0,0,6,0,0,4,19,1,7,0,nan,nan,nan,nan,1,nan,nan,1,1,1,1.167,nan,nan,nan,nan,nan,0,nan,nan,0,0,0,-0.067,nan,500,fresh
89586,0,0,0,0,0,0,7,0,0,4,19,1,7,0,nan,nan,nan,nan,1.167,nan,nan,1,1,1,1.167,nan,nan,nan,nan,nan,-0.067,nan,nan,0,0,0,-0.067,nan,500,fresh
90655,0,0,0,0,0,0,7,0,0,4,19,1,7,0,nan,nan,nan,nan,1.167,nan,nan,1,1,1,1.167,nan,nan,nan,nan,nan,-0.067,nan,nan,0,0,0,-0.067,nan,500,fresh
91723,0,0,0,0,0,0,7,0,0,4,19,1,7,0,nan,nan,nan,nan,1.167,nan,nan,1,1,1,1.167,nan,nan,nan,nan,nan,-0.067,nan,nan,0,0,0,-0.067,nan,500,fresh
92792,0,0,0,0,0,0,7,0,0,4,19,1,7,0,nan,nan,nan,nan,1.167,nan,nan,1,1,1,1.167,nan,nan,nan,nan,nan,-0.067,nan,nan,0,0,0,-0.067,nan,500,fresh
93862,0,0,0,0,0,0,6,0,0,4,19,1,7,0,nan,nan,nan,nan,1,nan,nan,1,1,1,1.167,nan,nan,nan,nan,nan,0,nan,nan,0,0,0,-0.067,nan,500,fresh
94931,0,0,0,0,0,0,7,0,0,4,19,1,7,0,nan,nan,nan,nan,1.167,nan,nan,1,1,1,1.167,nan,nan,nan,nan,nan,-0.067,nan,nan,0,0,0,-0.067,nan,500,fresh
96000,0,0,0,0,0,0,7,0,0,4,19,1,7,0,nan,nan,nan,nan,1.167,nan,nan,1,1,1,1.167,nan,nan,nan,nan,nan,-0.067,nan,nan,0,0,0,-0.067,nan,500,fresh
97069,0,0,0,0,0,0,7,0,0,4,19,1,7,0,nan,nan,nan,nan,1.167,nan,nan,1,1,1,1.167,nan,nan,nan,nan,nan,-0.067,nan,nan,0,0,0,-0.067,nan,500,fresh
98138,0,0,0,0,0,0,7,0,0,4,19,1,7,0,nan,nan,nan,nan,1.167,nan,nan,1,1,1,1.167,nan,nan,nan,nan,nan,-0.067,nan,nan,0,0,0,-0.067,nan,500,fresh
99207,0,0,0,0,0,0,7,0,0,4,19,1,7,0,nan,nan,nan,nan,1.167,nan,nan,1,1,1,1.167,nan,nan,nan,nan,nan,-0.067,nan,nan,0,0,0,-0.067,nan,500,fresh
100276,0,0,0,0,0,0,7,0,0,4,19,1,7,0,nan,nan,nan,nan,1.167,nan,nan,1,1,1,1.167,nan,nan,nan,nan,nan,-0.067,nan,nan,0,0,0,-0.067,nan,500,fresh
101346,0,0,0,0,0,0,7,0,0,4,19,1,7,0,nan,nan,nan,nan,1.167,nan,nan,1,1,1,1.167,nan,nan,nan,nan,nan,-0.067,nan,nan,0,0,0,-0.067,nan,500,fresh
102416,0,0,0,0,0,0,7,0,0,4,19,1,7,0,nan,nan,nan,nan,1.167,nan,nan,1,1,1,1.167,nan,nan,nan,nan,nan,-0.067,nan,nan,0,0,0,-0.067,nan,500,fresh
103485,0,0,0,0,0,0,7,0,0,3,19,1,7,0,nan,nan,nan,nan,1.167,nan,nan,0.75,1,1,1.167,nan,nan,nan,nan,nan,-0.067,nan,nan,0.125,0,0,-0.067,nan,500,fresh
104555,0,0,0,0,0,0,6,0,0,4,19,1,7,0,nan,nan,nan,nan,1,nan,nan,1,1,1,1.167,nan,nan,nan,nan,nan,0,nan,nan,0,0,0,-0.067,nan,500,fresh
105625,0,0,0,0,0,0,7,0,0,4,19,1,7,0,nan,nan,nan,nan,1.167,nan,nan,1,1,1,1.167,nan,nan,nan,nan,nan,-0.067,nan,nan,0,0,0,-0.067,nan,500,fresh
106694,0,0,0,0,0,0,7,0,0,4,19,1,7,0,nan,nan,nan,nan,1.167,nan,nan,1,1,1,1.167,nan,nan,nan,nan,nan,-0.067,nan,nan,0,0,0,-0.067,nan,500,fresh
107763,0,0,0,0,0,0,7,0,0,4,19,1,7,0,nan,nan,nan,nan,1.167,nan,nan,1,1,1,1.167,nan,nan,nan,nan,nan,-0.067,nan,nan,0,0,0,-0.067,nan,500,fresh
108833,0,0,0,0,0,0,7,0,0,4,19,1,7,0,nan,nan,nan,nan,1.167,nan,nan,1,1,1,1.167,nan,nan,nan,nan,nan,-0.067,nan,nan,0,0,0,-0.067,nan,500,fresh
109903,0,0,0,0,0,0,7,0,0,4,19,1,7,0,nan,nan,nan,nan,1.167,nan,nan,1,1,1,1.167,nan,nan,nan,nan,nan,-0.067,nan,nan,0,0,0,-0.067,nan,500,fresh
110971,0,0,0,0,0,0,7,0,0,4,19,1,7,0,nan,nan,nan,nan,1.167,nan,nan,1,1,1,1.167,nan,nan,nan,nan,nan,-0.067,nan,nan,0,0,0,-0.067,nan,500,fresh
112041,0,0,0,0,0,0,7,0,0,4,19,1,7,0,nan,nan,nan,nan,1.167,nan,nan,1,1,1,1.167,nan,nan,nan,nan,nan,-0.067,nan,nan,0,0,0,-0.067,nan,500,fresh
113111,0,0,0,0,0,0,7,0,0,4,19,1,7,0,nan,nan,nan,nan,1.167,nan,nan,1,1,1,1.167,nan,nan,nan,nan,nan,-0.067,nan,nan,0,0,0,-0.067,nan,500,fresh
114180,0,0,0,0,0,0,7,0,0,4,19,1,7,0,nan,nan,nan,nan,1.167,nan,nan,1,1,1,1.167,nan,nan,nan,nan,nan,-0.067,nan,nan,0,0,0,-0.067,nan,500,fresh
115250,0,0,0,0,0,0,7,0,0,4,19,1,7,0,nan,nan,nan,nan,1.167,nan,nan,1,1,1,1.167,nan,nan,nan,nan,nan,-0.067,nan,nan,0,0,0,-0.067,nan,500,fresh
116319,0,0,0,0,0,0,7,0,0,4,19,1,7,0,nan,nan,nan,nan,1.167,nan,nan,1,1,1,1.167,nan,nan,nan,nan,nan,-0.067,nan,nan,0,0,0,-0.067,nan,500,fresh
117388,0,0,0,0,0,0,7,0,0,4,19,1,7,0,nan,nan,nan,nan,1.167,nan,nan,1,1,1,1.167,nan,nan,nan,nan,nan,-0.067,nan,nan,0,0,0,-0.067,nan,500,fresh
118457,0,0,0,0,0,0,7,0,0,4,19,1,7,0,nan,nan,nan,nan,1.167,nan,nan,1,1,1,1.167,nan,nan,nan,nan,nan,-0.067,nan,nan,0,0,0,-0.067,nan,500,fresh
119526,0,0,0,0,0,0,7,0,0,4,19,1,7,0,nan,nan,nan,nan,1.167,nan,nan,1,1,1,1.167,nan,nan,nan,nan,nan,-0.067,nan,nan,0,0,0,-0.067,nan,500,fresh
120596,0,0,0,0,0,0,7,0,0,4,19,1,7,0,nan,nan,nan,nan,1.167,nan,nan,1,1,1,1.167,nan,nan,nan,nan,nan,-0.067,nan,nan,0,0,0,-0.067,nan,500,fresh
121664,0,0,0,0,0,0,7,0,0,4,19,1,7,0,nan,nan,nan,nan,1.167,nan,nan,1,1,1,1.167,nan,nan,nan,nan,nan,-0.067,nan,nan,0,0,0,-0.067,nan,500,fresh
122733,0,0,0,0,0,0,6,0,0,4,19,1,7,0,nan,nan,nan,nan,1,nan,nan,1,1,1,1.167,nan,nan,nan,nan,nan,0,nan,nan,0,0,0,-0.067,nan,500,fresh
123803,0,0,0,0,0,0,7,0,0,4,19,1,7,0,nan,nan,nan,nan,1.167,nan,nan,1,1,1,1.167,nan,nan,nan,nan,nan,-0.067,nan,nan,0,0,0,-0.067,nan,500,fresh
124872,0,0,0,0,0,0,7,0,0,4,19,1,7,0,nan,nan,nan,nan,1.167,nan,nan,1,1,1,1.167,nan,nan,nan,nan,nan,-0.067,nan,nan,0,0,0,-0.067,nan,500,fresh
125941,0,0,0,0,0,0,7,0,0,4,19,1,7,0,nan,nan,nan,nan,1.167,nan,nan,1,1,1,1.167,nan,nan,nan,nan,nan,-0.067,nan,nan,0,0,0,-0.067,nan,500,fresh
127011,0,0,0,0,0,0,7,0,0,4,19,1,7,0,nan,nan,nan,nan,1.167,nan,nan,1,1,1,1.167,nan,nan,nan,nan,nan,-0.067,nan,nan,0,0,0,-0.067,nan,500,fresh
128081,0,0,0,0,0,0,7,0,0,4,19,1,7,0,nan,nan,nan,nan,1.167,nan,nan,1,1,1,1.167,nan,nan,nan,nan,nan,-0.067,nan,nan,0,0,0,-0.067,nan,500,fresh
129149,0,0,0,0,0,0,7,0,0,4,19,1,7,0,nan,nan,nan,nan,1.167,nan,nan,1,1,1,1.167,nan,nan,nan,nan,nan,-0.067,nan,nan,0,0,0,-0.067,nan,500,fresh
130219,0,0,0,0,0,0,7,0,0,4,19,1,7,0,nan,nan,nan,nan,1.167,nan,nan,1,1,1,1.167,nan,nan,nan,nan,nan,-0.067,nan,nan,0,0,0,-0.067,nan,500,fresh
131289,0,0,0,0,0,0,7,0,0,4,19,1,7,0,nan,nan,nan,nan,1.167,nan,nan,1,1,1,1.167,nan,nan,nan,nan,nan,-0.067,nan,nan,0,0,0,-0.067,nan,500,fresh
132359,0,0,0,0,0,0,7,0,0,4,19,1,6,0,nan,nan,nan,nan,1.167,nan,nan,1,1,1,1,nan,nan,nan,nan,nan,-0.067,nan,nan,0,0,0,0,nan,500,fresh
133429,0,0,0,0,0,0,7,0,0,4,19,1,7,0,nan,nan,nan,nan,1.167,nan,nan,1,1,1,1.167,nan,nan,nan,nan,nan,-0.067,nan,nan,0,0,0,-0.067,nan,500,fresh
134497,0,0,0,0,0,0,7,0,0,4,19,1,7,0,nan,nan,nan,nan,1.167,nan,nan,1,1,1,1.167,nan,nan,nan,nan,nan,-0.067,nan,nan,0,0,0,-0.067,nan,500,fresh
135567,0,0,0,0,0,0,7,0,0,4,19,1,7,0,nan,nan,nan,nan,1.167,nan,nan,1,1,1,1.167,nan,nan,nan,nan,nan,-0.067,nan,nan,0,0,0,-0.067,nan,500,fresh
136637,0,0,0,0,0,0,7,0,0,4,19,1,7,0,nan,nan,nan,nan,1.167,nan,nan,1,1,1,1.167,nan,nan,nan,nan,nan,-0.067,nan,nan,0,0,0,-0.067,nan,500,fresh
137707,0,0,0,0,0,0,7,0,0,4,19,1,7,0,nan,nan,nan,nan,1.167,nan,nan,1,1,1,1.167,nan,nan,nan,nan,nan,-0.067,nan,nan,0,0,0,-0.067,nan,500,fresh
138776,0,0,0,0,0,0,7,0,0,4,19,1,7,0,nan,nan,nan,nan,1.167,nan,nan,1,1,1,1.167,nan,nan,nan,nan,nan,-0.067,nan,nan,0,0,0,-0.067,nan,500,fresh
139845,0,0,0,0,0,0,7,0,0,4,19,1,7,0,nan,nan,nan,nan,1.167,nan,nan,1,1,1,1.167,nan,nan,nan,nan,nan,-0.067,nan,nan,0,0,0,-0.067,nan,500,fresh
140915,0,0,0,0,0,0,7,0,0,4,19,1,7,0,nan,nan,nan,nan,1.167,nan,nan,1,1,1,1.167,nan,nan,nan,nan,nan,-0.067,nan,nan,0,0,0,-0.067,nan,500,fresh
141984,0,0,0,0,0,0,7,0,0,4,19,1,7,0,nan,nan,nan,nan,1.167,nan,nan,1,1,1,1.167,nan,nan,nan,nan,nan,-0.067,nan,nan,0,0,0,-0.067,nan,500,fresh
143054,0,0,0,0,0,0,7,0,0,4,19,1,7,0,nan,nan,nan,nan,1.167,nan,nan,1,1,1,1.167,nan,nan,nan,nan,nan,-0.067,nan,nan,0,0,0,-0.067,nan,500,fresh
144124,0,0,0,0,0,0,7,0,0,4,19,1,7,0,nan,nan,nan,nan,1.167,nan,nan,1,1,1,1.167,nan,nan,nan,nan,nan,-0.067,nan,nan,0,0,0,-0.067,nan,500,fresh
145194,0,0,0,0,0,0,7,0,0,4,19,1,7,0,nan,nan,nan,nan,1.167,nan,nan,1,1,1,1.167,nan,nan,nan,nan,nan,-0.067,nan,nan,0,0,0,-0.067,nan,500,fresh
146264,0,0,0,0,0,0,7,0,0,4,19,1,7,0,nan,nan,nan,nan,1.167,nan,nan,1,1,1,1.167,nan,nan,nan,nan,nan,-0.067,nan,nan,0,0,0,-0.067,nan,500,fresh
147332,0,0,0,0,0,0,7,0,0,4,19,1,7,0,nan,nan,nan,nan,1.167,nan,nan,1,1,1,1.167,nan,nan,nan,nan,nan,-0.067,nan,nan,0,0,0,-0.067,nan,500,fresh
148402,0,0,0,0,0,0,7,0,0,4,19,1,7,0,nan,nan,nan,nan,1.167,nan,nan,1,1,1,1.167,nan,nan,nan,nan,nan,-0.067,nan,nan,0,0,0,-0.067,nan,500,fresh
149471,0,0,0,0,0,0,7,0,0,4,19,1,7,0,nan,nan,nan,nan,1.167,nan,nan,1,1,1,1.167,nan,nan,nan,nan,nan,-0.067,nan,nan,0,0,0,-0.067,nan,500,fresh
150541,0,0,0,0,0,0,7,0,0,4,19,1,7,0,nan,nan,nan,nan,1.167,nan,nan,1,1,1,1.167,nan,nan,nan,nan,nan,-0.067,nan,nan,0,0,0,-0.067,nan,500,fresh
151611,0,0,0,0,0,0,7,0,0,4,19,1,7,0,nan,nan,nan,nan,1.167,nan,nan,1,1,1,1.167,nan,nan,nan,nan,nan,-0.067,nan,nan,0,0,0,-0.067,nan,500,fresh
152680,0,0,0,0,0,0,7,0,0,4,19,1,7,0,nan,nan,nan,nan,1.167,nan,nan,1,1,1,1.167,nan,nan,nan,nan,nan,-0.067,nan,nan,0,0,0,-0.067,nan,500,fresh
153750,0,0,0,0,0,0,7,0,0,4,19,1,7,0,nan,nan,nan,nan,1.167,nan,nan,1,1,1,1.167,nan,nan,nan,nan,nan,-0.067,nan,nan,0,0,0,-0.067,nan,500,fresh
154820,0,0,0,0,0,0,7,0,0,4,19,1,7,0,nan,nan,nan,nan,1.167,nan,nan,1,1,1,1.167,nan,nan,nan,nan,nan,-0.067,nan,nan,0,0,0,-0.067,nan,500,fresh
155890,0,0,0,0,0,0,7,0,0,4,19,1,7,0,nan,nan,nan,nan,1.167,nan,nan,1,1,1,1.167,nan,nan,nan,nan,nan,-0.067,nan,nan,0,0,0,-0.067,nan,500,fresh
156960,0,0,0,0,0,0,7,0,0,4,19,1,7,0,nan,nan,nan,nan,1.167,nan,nan,1,1,1,1.167,nan,nan,nan,nan,nan,-0.067,nan,nan,0,0,0,-0.067,nan,500,fresh
158030,0,0,0,0,0,0,7,0,0,4,19,1,7,0,nan,nan,nan,nan,1.167,nan,nan,1,1,1,1.167,nan,nan,nan,nan,nan,-0.067,nan,nan,0,0,0,-0.067,nan,500,fresh
159100,0,0,0,0,0,0,7,0,0,4,19,1,6,0,nan,nan,nan,nan,1.167,nan,nan,1,1,1,1,nan,nan,nan,nan,nan,-0.067,nan,nan,0,0,0,0,nan,500,fresh
160168,0,0,0,0,0,0,7,0,0,4,19,1,7,0,nan,nan,nan,nan,1.167,nan,nan,1,1,1,1.167,nan,nan,nan,nan,nan,-0.067,nan,nan,0,0,0,-0.067,nan,500,fresh
161237,0,0,0,0,0,0,7,0,0,4,19,1,7,0,nan,nan,nan,nan,1.167,nan,nan,1,1,1,1.167,nan,nan,nan,nan,nan,-0.067,nan,nan,0,0,0,-0.067,nan,500,fresh
162306,0,0,0,0,0,0,7,0,0,4,19,1,7,0,nan,nan,nan,nan,1.167,nan,nan,1,1,1,1.167,nan,nan,nan,nan,nan,-0.067,nan,nan,0,0,0,-0.067,nan,500,fresh
163376,0,0,0,0,0,0,7,0,0,4,19,1,7,0,nan,nan,nan,nan,1.167,nan,nan,1,1,1,1.167,nan,nan,nan,nan,nan,-0.067,nan,nan,0,0,0,-0.067,nan,500,fresh
164444,0,0,0,0,0,0,7,0,0,4,19,1,7,0,nan,nan,nan,nan,1.167,nan,nan,1,1,1,1.167,nan,nan,nan,nan,nan,-0.067,nan,nan,0,0,0,-0.067,nan,500,fresh
165513,0,0,0,0,0,0,7,0,0,4,19,1,7,0,nan,nan,nan,nan,1.167,nan,nan,1,1,1,1.167,nan,nan,nan,nan,nan,-0.067,nan,nan,0,0,0,-0.067,nan,500,fresh
166583,0,0,0,0,0,0,7,0,0,4,19,1,7,0,nan,nan,nan,nan,1.167,nan,nan,1,1,1,1.167,nan,nan,nan,nan,nan,-0.067,nan,nan,0,0,0,-0.067,nan,500,fresh
167652,0,0,0,0,0,0,7,0,0,4,19,1,7,0,nan,nan,nan,nan,1.167,nan,nan,1,1,1,1.167,nan,nan,nan,nan,nan,-0.067,nan,nan,0,0,0,-0.067,nan,500,fresh
168722,0,0,0,0,0,0,7,0,0,4,19,1,7,0,nan,nan,nan,nan,1.167,nan,nan,1,1,1,1.167,nan,nan,nan,nan,nan,-0.067,nan,nan,0,0,0,-0.067,nan,500,fresh
169792,0,0,0,0,0,0,7,0,0,4,19,1,7,0,nan,nan,nan,nan,1.167,nan,nan,1,1,1,1.167,nan,nan,nan,nan,nan,-0.067,nan,nan,0,0,0,-0.067,nan,500,fresh
170862,0,0,0,0,0,0,7,0,0,4,19,1,7,0,nan,nan,nan,nan,1.167,nan,nan,1,1,1,1.167,nan,nan,nan,nan,nan,-0.067,nan,nan,0,0,0,-0.067,nan,500,fresh
171932,0,0,0,0,0,0,6,0,0,4,19,1,7,0,nan,nan,nan,nan,1,nan,nan,1,1,1,1.167,nan,nan,nan,nan,nan,0,nan,nan,0,0,0,-0.067,nan,500,fresh
173002,0,0,0,0,0,0,7,0,0,4,19,1,7,0,nan,nan,nan,nan,1.167,nan,nan,1,1,1,1.167,nan,nan,nan,nan,nan,-0.067,nan,nan,0,0,0,-0.067,nan,500,fresh
174072,0,0,0,0,0,0,7,0,0,4,19,1,7,0,nan,nan,nan,nan,1.167,nan,nan,1,1,1,1.167,nan,nan,nan,nan,nan,-0.067,nan,nan,0,0,0,-0.067,nan,500,fresh
175140,0,0,0,0,0,0,6,0,0,4,19,1,7,0,nan,nan,nan,nan,1,nan,nan,1,1,1,1.167,nan,nan,nan,nan,nan,0,nan,nan,0,0,0,-0.067,nan,500,fresh
176210,0,0,0,0,0,0,7,0,0,4,19,1,7,0,nan,nan,nan,nan,1.167,nan,nan,1,1,1,1.167,nan,nan,nan,nan,nan,-0.067,nan,nan,0,0,0,-0.067,nan,500,fresh
177280,0,0,0,0,0,0,7,0,0,4,19,1,7,0,nan,nan,nan,nan,1.167,nan,nan,1,1,1,1.167,nan,nan,nan,nan,nan,-0.067,nan,nan,0,0,0,-0.067,nan,500,fresh
178350,0,0,0,0,0,0,6,0,0,4,19,1,7,0,nan,nan,nan,nan,1,nan,nan,1,1,1,1.167,nan,nan,nan,nan,nan,0,nan,nan,0,0,0,-0.067,nan,500,fresh
179419,0,0,0,0,0,0,7,0,0,4,19,1,7,0,nan,nan,nan,nan,1.167,nan,nan,1,1,1,1.167,nan,nan,nan,nan,nan,-0.067,nan,nan,0,0,0,-0.067,nan,500,fresh
180488,0,0,0,0,0,0,7,0,0,4,19,1,7,0,nan,nan,nan,nan,1.167,nan,nan,1,1,1,1.167,nan,nan,nan,nan,nan,-0.067,nan,nan,0,0,0,-0.067,nan,500,fresh
181557,0,0,0,0,0,0,7,0,0,4,19,1,7,0,nan,nan,nan,nan,1.167,nan,nan,1,1,1,1.167,nan,nan,nan,nan,nan,-0.067,nan,nan,0,0,0,-0.067,nan,500,fresh
182627,0,0,0,0,0,0,7,0,0,4,19,1,7,0,nan,nan,nan,nan,1.167,nan,nan,1,1,1,1.167,nan,nan,nan,nan,nan,-0.067,nan,nan,0,0,0,-0.067,nan,500,fresh
183697,0,0,0,0,0,0,7,0,0,4,19,1,7,0,nan,nan,nan,nan,1.167,nan,nan,1,1,1,1.167,nan,nan,nan,nan,nan,-0.067,nan,nan,0,0,0,-0.067,nan,500,fresh
184766,0,0,0,0,0,0,7,0,0,4,19,1,7,0,nan,nan,nan,nan,1.167,nan,nan,1,1,1,1.167,nan,nan,nan,nan,nan,-0.067,nan,nan,0,0,0,-0.067,nan,500,fresh
185836,0,0,0,0,0,0,7,0,0,4,19,1,7,0,nan,nan,nan,nan,1.167,nan,nan,1,1,1,1.167,nan,nan,nan,nan,nan,-0.067,nan,nan,0,0,0,-0.067,nan,500,fresh
186906,0,0,0,0,0,0,7,0,0,4,19,1,7,0,nan,nan,nan,nan,1.167,nan,nan,1,1,1,1.167,nan,nan,nan,nan,nan,-0.067,nan,nan,0,0,0,-0.067,nan,500,fresh
187976,0,0,0,0,0,0,7,0,0,4,19,1,6,0,nan,nan,nan,nan,1.167,nan,nan,1,1,1,1,nan,nan,nan,nan,nan,-0.067,nan,nan,0,0,0,0,nan,500,fresh
189046,0,0,0,0,0,0,7,0,0,4,19,1,6,0,nan,nan,nan,nan,1.167,nan,nan,1,1,1,1,nan,nan,nan,nan,nan,-0.067,nan,nan,0,0,0,0,nan,500,fresh
190115,0,0,0,0,0,0,6,0,0,4,19,1,7,0,nan,nan,nan,nan,1,nan,nan,1,1,1,1.167,nan,nan,nan,nan,nan,0,nan,nan,0,0,0,-0.067,nan,500,fresh
191185,0,0,0,0,0,0,7,0,0,4,19,1,6,0,nan,nan,nan,nan,1.167,nan,nan,1,1,1,1,nan,nan,nan,nan,nan,-0.067,nan,nan,0,0,0,0,nan,500,fresh
192255,0,0,0,0,0,0,7,0,0,4,19,1,7,0,nan,nan,nan,nan,1.167,nan,nan,1,1,1,1.167,nan,nan,nan,nan,nan,-0.067,nan,nan,0,0,0,-0.067,nan,500,fresh
193324,0,0,0,0,0,0,7,0,0,4,19,1,7,0,nan,nan,nan,nan,1.167,nan,nan,1,1,1,1.167,nan,nan,nan,nan,nan,-0.067,nan,nan,0,0,0,-0.067,nan,500,fresh
194394,0,0,0,0,0,0,7,0,0,4,19,1,7,0,nan,nan,nan,nan,1.167,nan,nan,1,1,1,1.167,nan,nan,nan,nan,nan,-0.067,nan,nan,0,0,0,-0.067,nan,500,fresh
195464,0,0,0,0,0,0,7,0,0,4,19,1,7,0,nan,nan,nan,nan,1.167,nan,nan,1,1,1,1.167,nan,nan,nan,nan,nan,-0.067,nan,nan,0,0,0,-0.067,nan,500,fresh
196534,0,0,0,0,0,0,7,0,0,4,19,1,7,0,nan,nan,nan,nan,1.167,nan,nan,1,1,1,1.167,nan,nan,nan,nan,nan,-0.067,nan,nan,0,0,0,-0.067,nan,500,fresh
197604,0,0,0,0,0,0,7,0,0,4,19,1,7,0,nan,nan,nan,nan,1.167,nan,nan,1,1,1,1.167,nan,nan,nan,nan,nan,-0.067,nan,nan,0,0,0,-0.067,nan,500,fresh
198673,0,0,0,0,0,0,7,0,0,4,19,1,7,0,nan,nan,nan,nan,1.167,nan,nan,1,1,1,1.167,nan,nan,nan,nan,nan,-0.067,nan,nan,0,0,0,-0.067,nan,500,fresh
199741,0,0,0,0,0,0,6,0,0,4,19,1,7,0,nan,nan,nan,nan,1,nan,nan,1,1,1,1.167,nan,nan,nan,nan,nan,0,nan,nan,0,0,0,-0.067,nan,500,fresh
200810,0,0,0,0,0,0,7,0,0,4,19,1,7,0,nan,nan,nan,nan,1.167,nan,nan,1,1,1,1.167,nan,nan,nan,nan,nan,-0.067,nan,nan,0,0,0,-0.067,nan,500,fresh
201880,0,0,0,0,0,0,7,0,0,4,19,1,7,0,nan,nan,nan,nan,1.167,nan,nan,1,1,1,1.167,nan,nan,nan,nan,nan,-0.067,nan,nan,0,0,0,-0.067,nan,500,fresh
202950,0,0,0,0,0,0,7,0,0,4,19,1,7,0,nan,nan,nan,nan,1.167,nan,nan,1,1,1,1.167,nan,nan,nan,nan,nan,-0.067,nan,nan,0,0,0,-0.067,nan,500,fresh
204019,0,0,0,0,0,0,7,0,0,4,19,1,7,0,nan,nan,nan,nan,1.167,nan,nan,1,1,1,1.167,nan,nan,nan,nan,nan,-0.067,nan,nan,0,0,0,-0.067,nan,500,fresh
205089,0,0,0,0,0,0,7,0,0,4,19,1,6,0,nan,nan,nan,nan,1.167,nan,nan,1,1,1,1,nan,nan,nan,nan,nan,-0.067,nan,nan,0,0,0,0,nan,500,fresh
206159,0,0,0,0,0,0,7,0,0,4,19,1,7,0,nan,nan,nan,nan,1.167,nan,nan,1,1,1,1.167,nan,nan,nan,nan,nan,-0.067,nan,nan,0,0,0,-0.067,nan,500,fresh
207228,0,0,0,0,0,0,7,0,0,4,19,1,7,0,nan,nan,nan,nan,1.167,nan,nan,1,1,1,1.167,nan,nan,nan,nan,nan,-0.067,nan,nan,0,0,0,-0.067,nan,500,fresh
208298,0,0,0,0,0,0,7,0,0,4,19,1,6,0,nan,nan,nan,nan,1.167,nan,nan,1,1,1,1,nan,nan,nan,nan,nan,-0.067,nan,nan,0,0,0,0,nan,500,fresh
209368,0,0,0,0,0,0,7,0,0,4,19,1,7,0,nan,nan,nan,nan,1.167,nan,nan,1,1,1,1.167,nan,nan,nan,nan,nan,-0.067,nan,nan,0,0,0,-0.067,nan,500,fresh
210437,0,0,0,0,0,0,7,0,0,4,19,1,7,0,nan,nan,nan,nan,1.167,nan,nan,1,1,1,1.167,nan,nan,nan,nan,nan,-0.067,nan,nan,0,0,0,-0.067,nan,500,fresh
211507,0,0,0,0,0,0,6,0,0,4,19,1,7,0,nan,nan,nan,nan,1,nan,nan,1,1,1,1.167,nan,nan,nan,nan,nan,0,nan,nan,0,0,0,-0.067,nan,500,fresh
212576,0,0,0,0,0,0,6,0,0,4,19,1,7,0,nan,nan,nan,nan,1,nan,nan,1,1,1,1.167,nan,nan,nan,nan,nan,0,nan,nan,0,0,0,-0.067,nan,500,fresh
213644,0,0,0,0,0,0,7,0,0,4,19,1,6,0,nan,nan,nan,nan,1.167,nan,nan,1,1,1,1,nan,nan,nan,nan,nan,-0.067,nan,nan,0,0,0,0,nan,500,fresh
214713,0,0,0,0,0,0,7,0,0,4,19,1,7,0,nan,nan,nan,nan,1.167,nan,nan,1,1,1,1.167,nan,nan,nan,nan,nan,-0.067,nan,nan,0,0,0,-0.067,nan,500,fresh
215783,0,0,0,0,0,0,7,0,0,4,19,1,7,0,nan,nan,nan,nan,1.167,nan,nan,1,1,1,1.167,nan,nan,nan,nan,nan,-0.067,nan,nan,0,0,0,-0.067,nan,500,fresh
216853,0,0,0,0,0,0,7,0,0,4,19,1,7,0,nan,nan,nan,nan,1.167,nan,nan,1,1,1,1.167,nan,nan,nan,nan,nan,-0.067,nan,nan,0,0,0,-0.067,nan,500,fresh
217921,0,0,0,0,0,0,7,0,0,4,19,1,6,0,nan,nan,nan,nan,1.167,nan,nan,1,1,1,1,nan,nan,nan,nan,nan,-0.067,nan,nan,0,0,0,0,nan,500,fresh
218990,0,0,0,0,0,0,7,0,0,4,19,1,7,0,nan,nan,nan,nan,1.167,nan,nan,1,1,1,1.167,nan,nan,nan,nan,nan,-0.067,nan,nan,0,0,0,-0.067,nan,500,fresh
220060,0,0,0,0,0,0,6,0,0,4,19,1,7,0,nan,nan,nan,nan,1,nan,nan,1,1,1,1.167,nan,nan,nan,nan,nan,0,nan,nan,0,0,0,-0.067,nan,500,fresh
221130,0,0,0,0,0,0,7,0,0,4,19,1,7,0,nan,nan,nan,nan,1.167,nan,nan,1,1,1,1.167,nan,nan,nan,nan,nan,-0.067,nan,nan,0,0,0,-0.067,nan,500,fresh
222198,0,0,0,0,0,0,7,0,0,4,19,1,7,0,nan,nan,nan,nan,1.167,nan,nan,1,1,1,1.167,nan,nan,nan,nan,nan,-0.067,nan,nan,0,0,0,-0.067,nan,500,fresh
223267,0,0,0,0,0,0,7,0,0,4,19,1,7,0,nan,nan,nan,nan,1.167,nan,nan,1,1,1,1.167,nan,nan,nan,nan,nan,-0.067,nan,nan,0,0,0,-0.067,nan,500,fresh
224337,0,0,0,0,0,0,6,0,0,4,19,1,7,0,nan,nan,nan,nan,1,nan,nan,1,1,1,1.167,nan,nan,nan,nan,nan,0,nan,nan,0,0,0,-0.067,nan,500,fresh
225406,0,0,0,0,0,0,6,0,0,4,19,1,7,0,nan,nan,nan,nan,1,nan,nan,1,1,1,1.167,nan,nan,nan,nan,nan,0,nan,nan,0,0,0,-0.067,nan,500,fresh
226475,0,0,0,0,0,0,7,0,0,4,19,1,7,0,nan,nan,nan,nan,1.167,nan,nan,1,1,1,1.167,nan,nan,nan,nan,nan,-0.067,nan,nan,0,0,0,-0.067,nan,500,fresh
227544,0,0,0,0,0,0,6,0,0,4,19,1,7,0,nan,nan,nan,nan,1,nan,nan,1,1,1,1.167,nan,nan,nan,nan,nan,0,nan,nan,0,0,0,-0.067,nan,500,fresh
228614,0,0,0,0,0,0,7,0,0,4,19,1,7,0,nan,nan,nan,nan,1.167,nan,nan,1,1,1,1.167,nan,nan,nan,nan,nan,-0.067,nan,nan,0,0,0,-0.067,nan,500,fresh
229683,0,0,0,0,0,0,7,0,0,3,19,1,7,0,nan,nan,nan,nan,1.167,nan,nan,0.75,1,1,1.167,nan,nan,nan,nan,nan,-0.067,nan,nan,0.125,0,0,-0.067,nan,500,fresh
230752,0,0,0,0,0,0,6,0,0,4,19,1,6,0,nan,nan,nan,nan,1,nan,nan,1,1,1,1,nan,nan,nan,nan,nan,0,nan,nan,0,0,0,0,nan,500,fresh
231822,0,0,0,0,0,0,7,0,0,4,19,1,7,0,nan,nan,nan,nan,1.167,nan,nan,1,1,1,1.167,nan,nan,nan,nan,nan,-0.067,nan,nan,0,0,0,-0.067,nan,500,fresh
232892,0,0,0,0,0,0,7,0,0,4,19,1,7,0,nan,nan,nan,nan,1.167,nan,nan,1,1,1,1.167,nan,nan,nan,nan,nan,-0.067,nan,nan,0,0,0,-0.067,nan,500,fresh
233962,0,0,0,0,0,0,6,0,0,4,19,1,7,0,nan,nan,nan,nan,1,nan,nan,1,1,1,1.167,nan,nan,nan,nan,nan,0,nan,nan,0,0,0,-0.067,nan,500,fresh
235031,0,0,0,0,0,0,6,0,0,4,19,1,7,0,nan,nan,nan,nan,1,nan,nan,1,1,1,1.167,nan,nan,nan,nan,nan,0,nan,nan,0,0,0,-0.067,nan,500,fresh
236100,0,0,0,0,0,0,7,0,0,4,19,1,6,0,nan,nan,nan,nan,1.167,nan,nan,1,1,1,1,nan,nan,nan,nan,nan,-0.067,nan,nan,0,0,0,0,nan,500,fresh
237170,0,0,0,0,0,0,7,0,0,4,19,1,7,0,nan,nan,nan,nan,1.167,nan,nan,1,1,1,1.167,nan,nan,nan,nan,nan,-0.067,nan,nan,0,0,0,-0.067,nan,500,fresh
238240,0,0,0,0,0,0,7,0,0,4,19,1,7,0,nan,nan,nan,nan,1.167,nan,nan,1,1,1,1.167,nan,nan,nan,nan,nan,-0.067,nan,nan,0,0,0,-0.067,nan,500,fresh
239309,0,0,0,0,0,0,7,0,0,4,19,1,6,0,nan,nan,nan,nan,1.167,nan,nan,1,1,1,1,nan,nan,nan,nan,nan,-0.067,nan,nan,0,0,0,0,nan,500,fresh
240379,0,0,0,0,0,0,7,0,0,4,19,1,7,0,nan,nan,nan,nan,1.167,nan,nan,1,1,1,1.167,nan,nan,nan,nan,nan,-0.067,nan,nan,0,0,0,-0.067,nan,500,fresh
241449,0,0,0,0,0,0,7,0,0,4,19,1,6,0,nan,nan,nan,nan,1.167,nan,nan,1,1,1,1,nan,nan,nan,nan,nan,-0.067,nan,nan,0,0,0,0,nan,500,fresh
242519,0,0,0,0,0,0,7,0,0,4,19,1,7,0,nan,nan,nan,nan,1.167,nan,nan,1,1,1,1.167,nan,nan,nan,nan,nan,-0.067,nan,nan,0,0,0,-0.067,nan,500,fresh
243588,0,0,0,0,0,0,7,0,0,4,19,1,6,0,nan,nan,nan,nan,1.167,nan,nan,1,1,1,1,nan,nan,nan,nan,nan,-0.067,nan,nan,0,0,0,0,nan,500,fresh
244657,0,0,0,0,0,0,7,0,0,4,19,1,7,0,nan,nan,nan,nan,1.167,nan,nan,1,1,1,1.167,nan,nan,nan,nan,nan,-0.067,nan,nan,0,0,0,-0.067,nan,500,fresh
245727,0,0,0,0,0,0,7,0,0,4,19,1,7,0,nan,nan,nan,nan,1.167,nan,nan,1,1,1,1.167,nan,nan,nan,nan,nan,-0.067,nan,nan,0,0,0,-0.067,nan,500,fresh
246795,0,0,0,0,0,0,7,0,0,4,19,1,7,0,nan,nan,nan,nan,1.167,nan,nan,1,1,1,1.167,nan,nan,nan,nan,nan,-0.067,nan,nan,0,0,0,-0.067,nan,500,fresh
247864,0,0,0,0,0,0,7,0,0,4,19,1,7,0,nan,nan,nan,nan,1.167,nan,nan,1,1,1,1.167,nan,nan,nan,nan,nan,-0.067,nan,nan,0,0,0,-0.067,nan,500,fresh
248934,0,0,0,0,0,0,7,0,0,4,19,1,7,0,nan,nan,nan,nan,1.167,nan,nan,1,1,1,1.167,nan,nan,nan,nan,nan,-0.067,nan,nan,0,0,0,-0.067,nan,500,fresh
250004,0,0,0,0,0,0,6,0,0,4,19,1,7,0,nan,nan,nan,nan,1,nan,nan,1,1,1,1.167,nan,nan,nan,nan,nan,0,nan,nan,0,0,0,-0.067,nan,500,fresh
251073,0,0,0,0,0,0,7,0,0,4,19,1,7,0,nan,nan,nan,nan,1.167,nan,nan,1,1,1,1.167,nan,nan,nan,nan,nan,-0.067,nan,nan,0,0,0,-0.067,nan,500,fresh
252142,0,0,0,0,0,0,7,0,0,4,19,1,7,0,nan,nan,nan,nan,1.167,nan,nan,1,1,1,1.167,nan,nan,nan,nan,nan,-0.067,nan,nan,0,0,0,-0.067,nan,500,fresh
253212,0,0,0,0,0,0,7,0,0,4,19,1,7,0,nan,nan,nan,nan,1.167,nan,nan,1,1,1,1.167,nan,nan,nan,nan,nan,-0.067,nan,nan,0,0,0,-0.067,nan,500,fresh
254280,0,0,0,0,0,0,7,0,0,4,19,1,6,0,nan,nan,nan,nan,1.167,nan,nan,1,1,1,1,nan,nan,nan,nan,nan,-0.067,nan,nan,0,0,0,0,nan,500,fresh
255350,0,0,0,0,0,0,7,0,0,4,19,1,7,0,nan,nan,nan,nan,1.167,nan,nan,1,1,1,1.167,nan,nan,nan,nan,nan,-0.067,nan,nan,0,0,0,-0.067,nan,500,fresh
256419,0,0,0,0,0,0,7,0,0,4,19,1,7,0,nan,nan,nan,nan,1.167,nan,nan,1,1,1,1.167,nan,nan,nan,nan,nan,-0.067,nan,nan,0,0,0,-0.067,nan,500,fresh
257489,0,0,0,0,0,0,7,0,0,4,19,1,7,0,nan,nan,nan,nan,1.167,nan,nan,1,1,1,1.167,nan,nan,nan,nan,nan,-0.067,nan,nan,0,0,0,-0.067,nan,500,fresh
258559,0,0,0,0,0,0,7,0,0,4,19,1,7,0,nan,nan,nan,nan,1.167,nan,nan,1,1,1,1.167,nan,nan,nan,nan,nan,-0.067,nan,nan,0,0,0,-0.067,nan,500,fresh
259627,0,0,0,0,0,0,7,0,0,4,19,1,7,0,nan,nan,nan,nan,1.167,nan,nan,1,1,1,1.167,nan,nan,nan,nan,nan,-0.067,nan,nan,0,0,0,-0.067,nan,500,fresh
260695,0,0,0,0,0,0,7,0,0,4,19,1,7,0,nan,nan,nan,nan,1.167,nan,nan,1,1,1,1.167,nan,nan,nan,nan,nan,-0.067,nan,nan,0,0,0,-0.067,nan,500,fresh
261765,0,0,0,0,0,0,7,0,0,4,19,1,7,0,nan,nan,nan,nan,1.167,nan,nan,1,1,1,1.167,nan,nan,nan,nan,nan,-0.067,nan,nan,0,0,0,-0.067,nan,500,fresh
262834,0,0,0,0,0,0,7,0,0,4,19,1,7,0,nan,nan,nan,nan,1.167,nan,nan,1,1,1,1.167,nan,nan,nan,nan,nan,-0.067,nan,nan,0,0,0,-0.067,nan,500,fresh
263904,0,0,0,0,0,0,7,0,0,4,19,1,7,0,nan,nan,nan,nan,1.167,nan,nan,1,1,1,1.167,nan,nan,nan,nan,nan,-0.067,nan,nan,0,0,0,-0.067,nan,500,fresh
264974,0,0,0,0,0,0,6,0,0,4,19,1,6,0,nan,nan,nan,nan,1,nan,nan,1,1,1,1,nan,nan,nan,nan,nan,0,nan,nan,0,0,0,0,nan,500,fresh
266042,0,0,0,0,0,0,7,0,0,4,19,1,7,0,nan,nan,nan,nan,1.167,nan,nan,1,1,1,1.167,nan,nan,nan,nan,nan,-0.067,nan,nan,0,0,0,-0.067,nan,500,fresh
267111,0,0,0,0,0,0,7,0,0,4,19,1,7,0,nan,nan,nan,nan,1.167,nan,nan,1,1,1,1.167,nan,nan,nan,nan,nan,-0.067,nan,nan,0,0,0,-0.067,nan,500,fresh
268181,0,0,0,0,0,0,7,0,0,4,19,1,7,0,nan,nan,nan,nan,1.167,nan,nan,1,1,1,1.167,nan,nan,nan,nan,nan,-0.067,nan,nan,0,0,0,-0.067,nan,500,fresh
269251,0,0,0,0,0,0,7,0,0,4,19,1,7,0,nan,nan,nan,nan,1.167,nan,nan,1,1,1,1.167,nan,nan,nan,nan,nan,-0.067,nan,nan,0,0,0,-0.067,nan,500,fresh
270321,0,0,0,0,0,0,6,0,0,4,19,1,7,0,nan,nan,nan,nan,1,nan,nan,1,1,1,1.167,nan,nan,nan,nan,nan,0,nan,nan,0,0,0,-0.067,nan,500,fresh
271390,0,0,0,0,0,0,7,0,0,4,19,1,7,0,nan,nan,nan,nan,1.167,nan,nan,1,1,1,1.167,nan,nan,nan,nan,nan,-0.067,nan,nan,0,0,0,-0.067,nan,500,fresh
272459,0,0,0,0,0,0,7,0,0,4,19,1,6,0,nan,nan,nan,nan,1.167,nan,nan,1,1,1,1,nan,nan,nan,nan,nan,-0.067,nan,nan,0,0,0,0,nan,500,fresh
273528,0,0,0,0,0,0,7,0,0,4,19,1,6,0,nan,nan,nan,nan,1.167,nan,nan,1,1,1,1,nan,nan,nan,nan,nan,-0.067,nan,nan,0,0,0,0,nan,500,fresh
274597,0,0,0,0,0,0,7,0,0,4,19,1,7,0,nan,nan,nan,nan,1.167,nan,nan,1,1,1,1.167,nan,nan,nan,nan,nan,-0.067,nan,nan,0,0,0,-0.067,nan,500,fresh
275667,0,0,0,0,0,0,7,0,0,4,19,1,7,0,nan,nan,nan,nan,1.167,nan,nan,1,1,1,1.167,nan,nan,nan,nan,nan,-0.067,nan,nan,0,0,0,-0.067,nan,500,fresh
276737,0,0,0,0,0,0,6,0,0,4,19,1,7,0,nan,nan,nan,nan,1,nan,nan,1,1,1,1.167,nan,nan,nan,nan,nan,0,nan,nan,0,0,0,-0.067,nan,500,fresh
277806,0,0,0,0,0,0,7,0,0,4,19,1,7,0,nan,nan,nan,nan,1.167,nan,nan,1,1,1,1.167,nan,nan,nan,nan,nan,-0.067,nan,nan,0,0,0,-0.067,nan,500,fresh
278875,0,0,0,0,0,0,6,0,0,4,19,1,6,0,nan,nan,nan,nan,1,nan,nan,1,1,1,1,nan,nan,nan,nan,nan,0,nan,nan,0,0,0,0,nan,500,fresh
279945,0,0,0,0,0,0,7,0,0,4,19,1,7,0,nan,nan,nan,nan,1.167,nan,nan,1,1,1,1.167,nan,nan,nan,nan,nan,-0.067,nan,nan,0,0,0,-0.067,nan,500,fresh
281015,0,0,0,0,0,0,6,0,0,4,19,1,7,0,nan,nan,nan,nan,1,nan,nan,1,1,1,1.167,nan,nan,nan,nan,nan,0,nan,nan,0,0,0,-0.067,nan,500,fresh
282084,0,0,0,0,0,0,7,0,0,4,19,1,7,0,nan,nan,nan,nan,1.167,nan,nan,1,1,1,1.167,nan,nan,nan,nan,nan,-0.067,nan,nan,0,0,0,-0.067,nan,500,fresh
283153,0,0,0,0,0,0,7,0,0,4,19,1,7,0,nan,nan,nan,nan,1.167,nan,nan,1,1,1,1.167,nan,nan,nan,nan,nan,-0.067,nan,nan,0,0,0,-0.067,nan,500,fresh
284222,0,0,0,0,0,0,6,0,0,4,19,1,7,0,nan,nan,nan,nan,1,nan,nan,1,1,1,1.167,nan,nan,nan,nan,nan,0,nan,nan,0,0,0,-0.067,nan,500,fresh
285292,0,0,0,0,0,0,7,0,0,4,19,1,7,0,nan,nan,nan,nan,1.167,nan,nan,1,1,1,1.167,nan,nan,nan,nan,nan,-0.067,nan,nan,0,0,0,-0.067,nan,500,fresh
286361,0,0,0,0,0,0,7,0,0,4,19,1,7,0,nan,nan,nan,nan,1.167,nan,nan,1,1,1,1.167,nan,nan,nan,nan,nan,-0.067,nan,nan,0,0,0,-0.067,nan,500,fresh
287430,0,0,0,0,0,0,7,0,0,4,19,1,7,0,nan,nan,nan,nan,1.167,nan,nan,1,1,1,1.167,nan,nan,nan,nan,nan,-0.067,nan,nan,0,0,0,-0.067,nan,500,fresh
288499,0,0,0,0,0,0,6,0,0,4,19,1,7,0,nan,nan,nan,nan,1,nan,nan,1,1,1,1.167,nan,nan,nan,nan,nan,0,nan,nan,0,0,0,-0.067,nan,500,fresh
289569,0,0,0,0,0,0,7,0,0,4,19,1,7,0,nan,nan,nan,nan,1.167,nan,nan,1,1,1,1.167,nan,nan,nan,nan,nan,-0.067,nan,nan,0,0,0,-0.067,nan,500,fresh
290639,0,0,0,0,0,0,7,0,0,4,19,1,7,0,nan,nan,nan,nan,1.167,nan,nan,1,1,1,1.167,nan,nan,nan,nan,nan,-0.067,nan,nan,0,0,0,-0.067,nan,500,fresh
291709,0,0,0,0,0,0,6,0,0,4,19,1,7,0,nan,nan,nan,nan,1,nan,nan,1,1,1,1.167,nan,nan,nan,nan,nan,0,nan,nan,0,0,0,-0.067,nan,500,fresh
292779,0,0,0,0,0,0,7,0,0,4,19,1,7,0,nan,nan,nan,nan,1.167,nan,nan,1,1,1,1.167,nan,nan,nan,nan,nan,-0.067,nan,nan,0,0,0,-0.067,nan,500,fresh
293848,0,0,0,0,0,0,7,0,0,4,19,1,7,0,nan,nan,nan,nan,1.167,nan,nan,1,1,1,1.167,nan,nan,nan,nan,nan,-0.067,nan,nan,0,0,0,-0.067,nan,500,fresh
294918,0,0,0,0,0,0,7,0,0,4,19,1,7,0,nan,nan,nan,nan,1.167,nan,nan,1,1,1,1.167,nan,nan,nan,nan,nan,-0.067,nan,nan,0,0,0,-0.067,nan,500,fresh
295987,0,0,0,0,0,0,6,0,0,4,19,1,7,0,nan,nan,nan,nan,1,nan,nan,1,1,1,1.167,nan,nan,nan,nan,nan,0,nan,nan,0,0,0,-0.067,nan,500,fresh
297057,0,0,0,0,0,0,7,0,0,4,19,1,6,0,nan,nan,nan,nan,1.167,nan,nan,1,1,1,1,nan,nan,nan,nan,nan,-0.067,nan,nan,0,0,0,0,nan,500,fresh
298126,0,0,0,0,0,0,7,0,0,4,19,1,6,0,nan,nan,nan,nan,1.167,nan,nan,1,1,1,1,nan,nan,nan,nan,nan,-0.067,nan,nan,0,0,0,0,nan,500,fresh
299195,0,0,0,0,0,0,7,0,0,4,19,1,7,0,nan,nan,nan,nan,1.167,nan,nan,1,1,1,1.167,nan,nan,nan,nan,nan,-0.067,nan,nan,0,0,0,-0.067,nan,500,fresh
300265,0,0,0,0,0,0,7,0,0,4,19,1,6,0,nan,nan,nan,nan,1.167,nan,nan,1,1,1,1,nan,nan,nan,nan,nan,-0.067,nan,nan,0,0,0,0,nan,500,fresh
301335,0,0,0,0,0,0,7,0,0,4,19,1,7,0,nan,nan,nan,nan,1.167,nan,nan,1,1,1,1.167,nan,nan,nan,nan,nan,-0.067,nan,nan,0,0,0,-0.067,nan,500,fresh
302405,0,0,0,0,0,0,7,0,0,4,19,1,7,0,nan,nan,nan,nan,1.167,nan,nan,1,1,1,1.167,nan,nan,nan,nan,nan,-0.067,nan,nan,0,0,0,-0.067,nan,500,fresh
303475,0,0,0,0,0,0,7,0,0,4,19,1,7,0,nan,nan,nan,nan,1.167,nan,nan,1,1,1,1.167,nan,nan,nan,nan,nan,-0.067,nan,nan,0,0,0,-0.067,nan,500,fresh
304544,0,0,0,0,0,0,6,0,0,4,19,1,7,0,nan,nan,nan,nan,1,nan,nan,1,1,1,1.167,nan,nan,nan,nan,nan,0,nan,nan,0,0,0,-0.067,nan,500,fresh
305613,0,0,0,0,0,0,6,0,0,4,19,1,7,0,nan,nan,nan,nan,1,nan,nan,1,1,1,1.167,nan,nan,nan,nan,nan,0,nan,nan,0,0,0,-0.067,nan,500,fresh
306683,0,0,0,0,0,0,7,0,0,4,19,1,7,0,nan,nan,nan,nan,1.167,nan,nan,1,1,1,1.167,nan,nan,nan,nan,nan,-0.067,nan,nan,0,0,0,-0.067,nan,500,fresh
307752,0,0,0,0,0,0,7,0,0,3,19,1,7,0,nan,nan,nan,nan,1.167,nan,nan,0.75,1,1,1.167,nan,nan,nan,nan,nan,-0.067,nan,nan,0.125,0,0,-0.067,nan,500,fresh
308821,0,0,0,0,0,0,7,0,0,4,19,1,7,0,nan,nan,nan,nan,1.167,nan,nan,1,1,1,1.167,nan,nan,nan,nan,nan,-0.067,nan,nan,0,0,0,-0.067,nan,500,fresh
309891,0,0,0,0,0,0,7,0,0,4,19,1,6,0,nan,nan,nan,nan,1.167,nan,nan,1,1,1,1,nan,nan,nan,nan,nan,-0.067,nan,nan,0,0,0,0,nan,500,fresh
310960,0,0,0,0,0,0,7,0,0,4,19,1,7,0,nan,nan,nan,nan,1.167,nan,nan,1,1,1,1.167,nan,nan,nan,nan,nan,-0.067,nan,nan,0,0,0,-0.067,nan,500,fresh
312029,0,0,0,0,0,0,7,0,0,4,19,1,6,0,nan,nan,nan,nan,1.167,nan,nan,1,1,1,1,nan,nan,nan,nan,nan,-0.067,nan,nan,0,0,0,0,nan,500,fresh
313098,0,0,0,0,0,0,7,0,0,4,19,1,7,0,nan,nan,nan,nan,1.167,nan,nan,1,1,1,1.167,nan,nan,nan,nan,nan,-0.067,nan,nan,0,0,0,-0.067,nan,500,fresh
323795,0,0,0,0,0,0,7,0,0,4,19,1,7,0,nan,nan,nan,nan,1.167,nan,nan,1,1,1,1.167,nan,nan,nan,nan,nan,-0.067,nan,nan,0,0,0,-0.067,nan,500,fresh
324865,0,0,0,0,0,0,7,0,0,4,19,1,7,0,nan,nan,nan,nan,1.167,nan,nan,1,1,1,1.167,nan,nan,nan,nan,nan,-0.067,nan,nan,0,0,0,-0.067,nan,500,fresh
325934,0,0,0,0,0,0,7,0,0,4,19,1,7,0,nan,nan,nan,nan,1.167,nan,nan,1,1,1,1.167,nan,nan,nan,nan,nan,-0.067,nan,nan,0,0,0,-0.067,nan,500,fresh
327004,0,0,0,0,0,0,7,0,0,4,19,1,7,0,nan,nan,nan,nan,1.167,nan,nan,1,1,1,1.167,nan,nan,nan,nan,nan,-0.067,nan,nan,0,0,0,-0.067,nan,500,fresh
347322,0,0,0,0,0,0,7,0,0,4,20,1,7,0,nan,nan,nan,nan,1.167,nan,nan,1,1.053,1,1.167,nan,nan,nan,nan,nan,-0.067,nan,nan,0,-0.022,0,-0.067,nan,500,fresh
348392,0,0,0,0,0,0,7,0,0,4,20,1,7,0,nan,nan,nan,nan,1.167,nan,nan,1,1.053,1,1.167,nan,nan,nan,nan,nan,-0.067,nan,nan,0,-0.022,0,-0.067,nan,500,fresh
349461,0,0,0,0,0,0,7,0,0,4,19,1,7,0,nan,nan,nan,nan,1.167,nan,nan,1,1,1,1.167,nan,nan,nan,nan,nan,-0.067,nan,nan,0,0,0,-0.067,nan,500,fresh
350530,0,0,0,0,0,0,7,0,0,4,20,1,7,0,nan,nan,nan,nan,1.167,nan,nan,1,1.053,1,1.167,nan,nan,nan,nan,nan,-0.067,nan,nan,0,-0.022,0,-0.067,nan,500,fresh
351600,0,0,0,0,0,0,7,0,0,4,20,1,7,0,nan,nan,nan,nan,1.167,nan,nan,1,1.053,1,1.167,nan,nan,nan,nan,nan,-0.067,nan,nan,0,-0.022,0,-0.067,nan,500,fresh
352669,0,0,0,0,0,0,7,0,0,4,20,1,7,0,nan,nan,nan,nan,1.167,nan,nan,1,1.053,1,1.167,nan,nan,nan,nan,nan,-0.067,nan,nan,0,-0.022,0,-0.067,nan,500,fresh
353738,0,0,0,0,0,0,7,0,0,4,20,1,7,0,nan,nan,nan,nan,1.167,nan,nan,1,1.053,1,1.167,nan,nan,nan,nan,nan,-0.067,nan,nan,0,-0.022,0,-0.067,nan,500,fresh
354807,0,0,0,0,0,0,7,0,0,4,20,1,7,0,nan,nan,nan,nan,1.167,nan,nan,1,1.053,1,1.167,nan,nan,nan,nan,nan,-0.067,nan,nan,0,-0.022,0,-0.067,nan,500,fresh
355876,0,0,0,0,0,0,7,0,0,4,20,1,7,0,nan,nan,nan,nan,1.167,nan,nan,1,1.053,1,1.167,nan,nan,nan,nan,nan,-0.067,nan,nan,0,-0.022,0,-0.067,nan,500,fresh
356945,0,0,0,0,0,0,7,0,0,4,20,1,7,0,nan,nan,nan,nan,1.167,nan,nan,1,1.053,1,1.167,nan,nan,nan,nan,nan,-0.067,nan,nan,0,-0.022,0,-0.067,nan,500,fresh
358014,0,0,0,0,0,0,7,0,0,4,20,1,7,0,nan,nan,nan,nan,1.167,nan,nan,1,1.053,1,1.167,nan,nan,nan,nan,nan,-0.067,nan,nan,0,-0.022,0,-0.067,nan,500,fresh
359084,0,0,0,0,0,0,7,0,0,4,20,1,7,0,nan,nan,nan,nan,1.167,nan,nan,1,1.053,1,1.167,nan,nan,nan,nan,nan,-0.067,nan,nan,0,-0.022,0,-0.067,nan,500,fresh
360154,0,0,0,0,0,0,7,0,0,4,20,1,7,0,nan,nan,nan,nan,1.167,nan,nan,1,1.053,1,1.167,nan,nan,nan,nan,nan,-0.067,nan,nan,0,-0.022,0,-0.067,nan,500,fresh
361224,0,0,0,0,0,0,7,0,0,4,20,1,7,0,nan,nan,nan,nan,1.167,nan,nan,1,1.053,1,1.167,nan,nan,nan,nan,nan,-0.067,nan,nan,0,-0.022,0,-0.067,nan,500,fresh
362294,0,0,0,0,0,0,7,0,0,4,19,1,7,0,nan,nan,nan,nan,1.167,nan,nan,1,1,1,1.167,nan,nan,nan,nan,nan,-0.067,nan,nan,0,0,0,-0.067,nan,500,fresh
363364,0,0,0,0,0,0,7,0,0,4,20,1,7,0,nan,nan,nan,nan,1.167,nan,nan,1,1.053,1,1.167,nan,nan,nan,nan,nan,-0.067,nan,nan,0,-0.022,0,-0.067,nan,500,fresh
364434,0,0,0,0,0,0,7,0,0,4,20,1,7,0,nan,nan,nan,nan,1.167,nan,nan,1,1.053,1,1.167,nan,nan,nan,nan,nan,-0.067,nan,nan,0,-0.022,0,-0.067,nan,500,fresh
365504,0,0,0,0,0,0,7,0,0,4,20,1,7,0,nan,nan,nan,nan,1.167,nan,nan,1,1.053,1,1.167,nan,nan,nan,nan,nan,-0.067,nan,nan,0,-0.022,0,-0.067,nan,500,fresh
366574,0,0,0,0,0,0,7,0,0,4,20,1,7,0,nan,nan,nan,nan,1.167,nan,nan,1,1.053,1,1.167,nan,nan,nan,nan,nan,-0.067,nan,nan,0,-0.022,0,-0.067,nan,500,fresh
367643,0,0,0,0,0,0,7,0,0,4,20,1,7,0,nan,nan,nan,nan,1.167,nan,nan,1,1.053,1,1.167,nan,nan,nan,nan,nan,-0.067,nan,nan,0,-0.022,0,-0.067,nan,500,fresh
368713,0,0,0,0,0,0,7,0,0,4,20,1,7,0,nan,nan,nan,nan,1.167,nan,nan,1,1.053,1,1.167,nan,nan,nan,nan,nan,-0.067,nan,nan,0,-0.022,0,-0.067,nan,500,fresh
369783,0,0,0,0,0,0,7,0,0,4,20,1,7,0,nan,nan,nan,nan,1.167,nan,nan,1,1.053,1,1.167,nan,nan,nan,nan,nan,-0.067,nan,nan,0,-0.022,0,-0.067,nan,500,fresh
370852,0,0,0,0,0,0,7,0,0,4,20,1,7,0,nan,nan,nan,nan,1.167,nan,nan,1,1.053,1,1.167,nan,nan,nan,nan,nan,-0.067,nan,nan,0,-0.022,0,-0.067,nan,500,fresh
371922,0,0,0,0,0,0,7,0,0,4,20,1,7,0,nan,nan,nan,nan,1.167,nan,nan,1,1.053,1,1.167,nan,nan,nan,nan,nan,-0.067,nan,nan,0,-0.022,0,-0.067,nan,500,fresh
372991,0,0,0,0,0,0,7,0,0,4,20,1,7,0,nan,nan,nan,nan,1.167,nan,nan,1,1.053,1,1.167,nan,nan,nan,nan,nan,-0.067,nan,nan,0,-0.022,0,-0.067,nan,500,fresh
374059,0,0,0,0,0,0,7,0,0,4,19,1,7,0,nan,nan,nan,nan,1.167,nan,nan,1,1,1,1.167,nan,nan,nan,nan,nan,-0.067,nan,nan,0,0,0,-0.067,nan,500,fresh
375127,0,0,0,0,0,0,7,0,0,4,20,1,7,0,nan,nan,nan,nan,1.167,nan,nan,1,1.053,1,1.167,nan,nan,nan,nan,nan,-0.067,nan,nan,0,-0.022,0,-0.067,nan,500,fresh
376197,0,0,0,0,0,0,7,0,0,4,20,1,7,0,nan,nan,nan,nan,1.167,nan,nan,1,1.053,1,1.167,nan,nan,nan,nan,nan,-0.067,nan,nan,0,-0.022,0,-0.067,nan,500,fresh
377265,0,0,0,0,0,0,7,0,0,4,19,1,7,0,nan,nan,nan,nan,1.167,nan,nan,1,1,1,1.167,nan,nan,nan,nan,nan,-0.067,nan,nan,0,0,0,-0.067,nan,500,fresh
378333,0,0,0,0,0,0,7,0,0,4,20,1,7,0,nan,nan,nan,nan,1.167,nan,nan,1,1.053,1,1.167,nan,nan,nan,nan,nan,-0.067,nan,nan,0,-0.022,0,-0.067,nan,500,fresh
379403,0,0,0,0,0,0,7,0,0,4,20,1,7,0,nan,nan,nan,nan,1.167,nan,nan,1,1.053,1,1.167,nan,nan,nan,nan,nan,-0.067,nan,nan,0,-0.022,0,-0.067,nan,500,fresh
380473,0,0,0,0,0,0,7,0,0,4,20,1,7,0,nan,nan,nan,nan,1.167,nan,nan,1,1.053,1,1.167,nan,nan,nan,nan,nan,-0.067,nan,nan,0,-0.022,0,-0.067,nan,500,fresh
381542,0,0,0,0,0,0,7,0,0,4,20,1,7,0,nan,nan,nan,nan,1.167,nan,nan,1,1.053,1,1.167,nan,nan,nan,nan,nan,-0.067,nan,nan,0,-0.022,0,-0.067,nan,500,fresh
382612,0,0,0,0,0,0,7,0,0,4,20,1,7,0,nan,nan,nan,nan,1.167,nan,nan,1,1.053,1,1.167,nan,nan,nan,nan,nan,-0.067,nan,nan,0,-0.022,0,-0.067,nan,500,fresh
383681,0,0,0,0,0,0,7,0,0,4,19,1,7,0,nan,nan,nan,nan,1.167,nan,nan,1,1,1,1.167,nan,nan,nan,nan,nan,-0.067,nan,nan,0,0,0,-0.067,nan,500,fresh
384750,0,0,0,0,0,0,7,0,0,4,20,1,7,0,nan,nan,nan,nan,1.167,nan,nan,1,1.053,1,1.167,nan,nan,nan,nan,nan,-0.067,nan,nan,0,-0.022,0,-0.067,nan,500,fresh
385819,0,0,0,0,0,0,7,0,0,4,20,1,7,0,nan,nan,nan,nan,1.167,nan,nan,1,1.053,1,1.167,nan,nan,nan,nan,nan,-0.067,nan,nan,0,-0.022,0,-0.067,nan,500,fresh
386889,0,0,0,0,0,0,6,0,0,4,19,1,7,0,nan,nan,nan,nan,1,nan,nan,1,1,1,1.167,nan,nan,nan,nan,nan,0,nan,nan,0,0,0,-0.067,nan,500,fresh
387957,0,0,0,0,0,0,7,0,0,4,20,1,7,0,nan,nan,nan,nan,1.167,nan,nan,1,1.053,1,1.167,nan,nan,nan,nan,nan,-0.067,nan,nan,0,-0.022,0,-0.067,nan,500,fresh
389027,0,0,0,0,0,0,7,0,0,4,20,1,7,0,nan,nan,nan,nan,1.167,nan,nan,1,1.053,1,1.167,nan,nan,nan,nan,nan,-0.067,nan,nan,0,-0.022,0,-0.067,nan,500,fresh
390096,0,0,0,0,0,0,7,0,0,4,20,1,7,0,nan,nan,nan,nan,1.167,nan,nan,1,1.053,1,1.167,nan,nan,nan,nan,nan,-0.067,nan,nan,0,-0.022,0,-0.067,nan,500,fresh
391165,0,0,0,0,0,0,7,0,0,4,20,1,7,0,nan,nan,nan,nan,1.167,nan,nan,1,1.053,1,1.167,nan,nan,nan,nan,nan,-0.067,nan,nan,0,-0.022,0,-0.067,nan,500,fresh
392235,0,0,0,0,0,0,7,0,0,4,19,1,7,0,nan,nan,nan,nan,1.167,nan,nan,1,1,1,1.167,nan,nan,nan,nan,nan,-0.067,nan,nan,0,0,0,-0.067,nan,500,fresh
393304,0,0,0,0,0,0,7,0,0,4,19,1,7,0,nan,nan,nan,nan,1.167,nan,nan,1,1,1,1.167,nan,nan,nan,nan,nan,-0.067,nan,nan,0,0,0,-0.067,nan,500,fresh
394373,0,0,0,0,0,0,7,0,0,4,19,1,7,0,nan,nan,nan,nan,1.167,nan,nan,1,1,1,1.167,nan,nan,nan,nan,nan,-0.067,nan,nan,0,0,0,-0.067,nan,500,fresh
395443,0,0,0,0,0,0,7,0,0,4,19,1,7,0,nan,nan,nan,nan,1.167,nan,nan,1,1,1,1.167,nan,nan,nan,nan,nan,-0.067,nan,nan,0,0,0,-0.067,nan,500,fresh
396513,0,0,0,0,0,0,7,0,0,4,19,1,7,0,nan,nan,nan,nan,1.167,nan,nan,1,1,1,1.167,nan,nan,nan,nan,nan,-0.067,nan,nan,0,0,0,-0.067,nan,500,fresh
397582,0,0,0,0,0,0,7,0,0,4,20,1,7,0,nan,nan,nan,nan,1.167,nan,nan,1,1.053,1,1.167,nan,nan,nan,nan,nan,-0.067,nan,nan,0,-0.022,0,-0.067,nan,500,fresh
398651,0,0,0,0,0,0,7,0,0,4,19,1,7,0,nan,nan,nan,nan,1.167,nan,nan,1,1,1,1.167,nan,nan,nan,nan,nan,-0.067,nan,nan,0,0,0,-0.067,nan,500,fresh
399720,0,0,0,0,0,0,7,0,0,4,20,1,7,0,nan,nan,nan,nan,1.167,nan,nan,1,1.053,1,1.167,nan,nan,nan,nan,nan,-0.067,nan,nan,0,-0.022,0,-0.067,nan,500,fresh
400789,0,0,0,0,0,0,7,0,0,4,20,1,7,0,nan,nan,nan,nan,1.167,nan,nan,1,1.053,1,1.167,nan,nan,nan,nan,nan,-0.067,nan,nan,0,-0.022,0,-0.067,nan,500,fresh
401859,0,0,0,0,0,0,7,0,0,4,19,1,7,0,nan,nan,nan,nan,1.167,nan,nan,1,1,1,1.167,nan,nan,nan,nan,nan,-0.067,nan,nan,0,0,0,-0.067,nan,500,fresh
402928,0,0,0,0,0,0,7,0,0,4,20,1,7,0,nan,nan,nan,nan,1.167,nan,nan,1,1.053,1,1.167,nan,nan,nan,nan,nan,-0.067,nan,nan,0,-0.022,0,-0.067,nan,500,fresh
403997,0,0,0,0,0,0,7,0,0,4,19,1,7,0,nan,nan,nan,nan,1.167,nan,nan,1,1,1,1.167,nan,nan,nan,nan,nan,-0.067,nan,nan,0,0,0,-0.067,nan,500,fresh
405067,0,0,0,0,0,0,7,0,0,4,19,1,7,0,nan,nan,nan,nan,1.167,nan,nan,1,1,1,1.167,nan,nan,nan,nan,nan,-0.067,nan,nan,0,0,0,-0.067,nan,500,fresh
406136,0,0,0,0,0,0,6,0,0,4,19,1,7,0,nan,nan,nan,nan,1,nan,nan,1,1,1,1.167,nan,nan,nan,nan,nan,0,nan,nan,0,0,0,-0.067,nan,500,fresh
407206,0,0,0,0,0,0,7,0,0,4,19,1,7,0,nan,nan,nan,nan,1.167,nan,nan,1,1,1,1.167,nan,nan,nan,nan,nan,-0.067,nan,nan,0,0,0,-0.067,nan,500,fresh
408276,0,0,0,0,0,0,7,0,0,4,19,1,7,0,nan,nan,nan,nan,1.167,nan,nan,1,1,1,1.167,nan,nan,nan,nan,nan,-0.067,nan,nan,0,0,0,-0.067,nan,500,fresh
409345,0,0,0,0,0,0,7,0,0,4,19,1,7,0,nan,nan,nan,nan,1.167,nan,nan,1,1,1,1.167,nan,nan,nan,nan,nan,-0.067,nan,nan,0,0,0,-0.067,nan,500,fresh
410415,0,0,0,0,0,0,7,0,0,4,19,1,7,0,nan,nan,nan,nan,1.167,nan,nan,1,1,1,1.167,nan,nan,nan,nan,nan,-0.067,nan,nan,0,0,0,-0.067,nan,500,fresh
411485,0,0,0,0,0,0,7,0,0,4,19,1,7,0,nan,nan,nan,nan,1.167,nan,nan,1,1,1,1.167,nan,nan,nan,nan,nan,-0.067,nan,nan,0,0,0,-0.067,nan,500,fresh
412555,0,0,0,0,0,0,7,0,0,4,19,1,7,0,nan,nan,nan,nan,1.167,nan,nan,1,1,1,1.167,nan,nan,nan,nan,nan,-0.067,nan,nan,0,0,0,-0.067,nan,500,fresh
413625,0,0,0,0,0,0,7,0,0,4,19,1,7,0,nan,nan,nan,nan,1.167,nan,nan,1,1,1,1.167,nan,nan,nan,nan,nan,-0.067,nan,nan,0,0,0,-0.067,nan,500,fresh
414694,0,0,0,0,0,0,7,0,0,4,19,1,7,0,nan,nan,nan,nan,1.167,nan,nan,1,1,1,1.167,nan,nan,nan,nan,nan,-0.067,nan,nan,0,0,0,-0.067,nan,500,fresh
415763,0,0,0,0,0,0,7,0,0,4,19,1,7,0,nan,nan,nan,nan,1.167,nan,nan,1,1,1,1.167,nan,nan,nan,nan,nan,-0.067,nan,nan,0,0,0,-0.067,nan,500,fresh
416832,0,0,0,0,0,0,7,0,0,4,19,1,7,0,nan,nan,nan,nan,1.167,nan,nan,1,1,1,1.167,nan,nan,nan,nan,nan,-0.067,nan,nan,0,0,0,-0.067,nan,500,fresh
417901,0,0,0,0,0,0,7,0,0,4,19,1,7,0,nan,nan,nan,nan,1.167,nan,nan,1,1,1,1.167,nan,nan,nan,nan,nan,-0.067,nan,nan,0,0,0,-0.067,nan,500,fresh
418971,0,0,0,0,0,0,7,0,0,4,19,1,7,0,nan,nan,nan,nan,1.167,nan,nan,1,1,1,1.167,nan,nan,nan,nan,nan,-0.067,nan,nan,0,0,0,-0.067,nan,500,fresh
420041,0,0,0,0,0,0,7,0,0,4,19,1,7,0,nan,nan,nan,nan,1.167,nan,nan,1,1,1,1.167,nan,nan,nan,nan,nan,-0.067,nan,nan,0,0,0,-0.067,nan,500,fresh
421111,0,0,0,0,0,0,7,0,0,4,19,1,7,0,nan,nan,nan,nan,1.167,nan,nan,1,1,1,1.167,nan,nan,nan,nan,nan,-0.067,nan,nan,0,0,0,-0.067,nan,500,fresh
422181,0,0,0,0,0,0,7,0,0,4,20,1,7,0,nan,nan,nan,nan,1.167,nan,nan,1,1.053,1,1.167,nan,nan,nan,nan,nan,-0.067,nan,nan,0,-0.022,0,-0.067,nan,500,fresh
423250,0,0,0,0,0,0,7,0,0,4,19,1,7,0,nan,nan,nan,nan,1.167,nan,nan,1,1,1,1.167,nan,nan,nan,nan,nan,-0.067,nan,nan,0,0,0,-0.067,nan,500,fresh
424319,0,0,0,0,0,0,7,0,0,4,19,1,7,0,nan,nan,nan,nan,1.167,nan,nan,1,1,1,1.167,nan,nan,nan,nan,nan,-0.067,nan,nan,0,0,0,-0.067,nan,500,fresh
425389,0,0,0,0,0,0,7,0,0,4,19,1,7,0,nan,nan,nan,nan,1.167,nan,nan,1,1,1,1.167,nan,nan,nan,nan,nan,-0.067,nan,nan,0,0,0,-0.067,nan,500,fresh
426457,0,0,0,0,0,0,7,0,0,4,20,1,7,0,nan,nan,nan,nan,1.167,nan,nan,1,1.053,1,1.167,nan,nan,nan,nan,nan,-0.067,nan,nan,0,-0.022,0,-0.067,nan,500,fresh
427527,0,0,0,0,0,0,7,0,0,4,19,1,7,0,nan,nan,nan,nan,1.167,nan,nan,1,1,1,1.167,nan,nan,nan,nan,nan,-0.067,nan,nan,0,0,0,-0.067,nan,500,fresh
428597,0,0,0,0,0,0,7,0,0,4,19,1,7,0,nan,nan,nan,nan,1.167,nan,nan,1,1,1,1.167,nan,nan,nan,nan,nan,-0.067,nan,nan,0,0,0,-0.067,nan,500,fresh
429666,0,0,0,0,0,0,7,0,0,4,19,1,7,0,nan,nan,nan,nan,1.167,nan,nan,1,1,1,1.167,nan,nan,nan,nan,nan,-0.067,nan,nan,0,0,0,-0.067,nan,500,fresh
430736,0,0,0,0,0,0,7,0,0,4,19,1,7,0,nan,nan,nan,nan,1.167,nan,nan,1,1,1,1.167,nan,nan,nan,nan,nan,-0.067,nan,nan,0,0,0,-0.067,nan,500,fresh
431806,0,0,0,0,0,0,7,0,0,4,19,1,7,0,nan,nan,nan,nan,1.167,nan,nan,1,1,1,1.167,nan,nan,nan,nan,nan,-0.067,nan,nan,0,0,0,-0.067,nan,500,fresh
432875,0,0,0,0,0,0,7,0,0,4,19,1,7,0,nan,nan,nan,nan,1.167,nan,nan,1,1,1,1.167,nan,nan,nan,nan,nan,-0.067,nan,nan,0,0,0,-0.067,nan,500,fresh
433945,0,0,0,0,0,0,7,0,0,4,19,1,7,0,nan,nan,nan,nan,1.167,nan,nan,1,1,1,1.167,nan,nan,nan,nan,nan,-0.067,nan,nan,0,0,0,-0.067,nan,500,fresh
435015,0,0,0,0,0,0,7,0,0,4,19,1,7,0,nan,nan,nan,nan,1.167,nan,nan,1,1,1,1.167,nan,nan,nan,nan,nan,-0.067,nan,nan,0,0,0,-0.067,nan,500,fresh
436085,0,0,0,0,0,0,7,0,0,4,19,1,7,0,nan,nan,nan,nan,1.167,nan,nan,1,1,1,1.167,nan,nan,nan,nan,nan,-0.067,nan,nan,0,0,0,-0.067,nan,500,fresh
437154,0,0,0,0,0,0,7,0,0,4,19,1,7,0,nan,nan,nan,nan,1.167,nan,nan,1,1,1,1.167,nan,nan,nan,nan,nan,-0.067,nan,nan,0,0,0,-0.067,nan,500,fresh
438224,0,0,0,0,0,0,7,0,0,4,19,1,7,0,nan,nan,nan,nan,1.167,nan,nan,1,1,1,1.167,nan,nan,nan,nan,nan,-0.067,nan,nan,0,0,0,-0.067,nan,500,fresh
50008,0,0,0,0,0,0,7,0,0,4,19,1,7,0,nan,nan,nan,nan,1.167,nan,nan,1,1,1,1.167,nan,nan,nan,nan,nan,-0.067,nan,nan,0,0,0,-0.067,nan,500,fresh
51077,0,0,0,0,0,0,6,0,0,4,19,1,7,0,nan,nan,nan,nan,1,nan,nan,1,1,1,1.167,nan,nan,nan,nan,nan,0,nan,nan,0,0,0,-0.067,nan,500,fresh
52146,0,0,0,0,0,0,7,0,0,4,19,1,7,0,nan,nan,nan,nan,1.167,nan,nan,1,1,1,1.167,nan,nan,nan,nan,nan,-0.067,nan,nan,0,0,0,-0.067,nan,500,fresh
53216,0,0,0,0,0,0,7,0,0,4,19,1,6,0,nan,nan,nan,nan,1.167,nan,nan,1,1,1,1,nan,nan,nan,nan,nan,-0.067,nan,nan,0,0,0,0,nan,500,fresh
54285,0,0,0,0,0,0,7,0,0,4,19,1,7,0,nan,nan,nan,nan,1.167,nan,nan,1,1,1,1.167,nan,nan,nan,nan,nan,-0.067,nan,nan,0,0,0,-0.067,nan,500,fresh
55355,0,0,0,0,0,0,7,0,0,4,19,1,6,0,nan,nan,nan,nan,1.167,nan,nan,1,1,1,1,nan,nan,nan,nan,nan,-0.067,nan,nan,0,0,0,0,nan,500,fresh
56425,0,0,0,0,0,0,7,0,0,4,19,1,7,0,nan,nan,nan,nan,1.167,nan,nan,1,1,1,1.167,nan,nan,nan,nan,nan,-0.067,nan,nan,0,0,0,-0.067,nan,500,fresh
57495,0,0,0,0,0,0,7,0,0,4,19,1,7,0,nan,nan,nan,nan,1.167,nan,nan,1,1,1,1.167,nan,nan,nan,nan,nan,-0.067,nan,nan,0,0,0,-0.067,nan,500,fresh
58564,0,0,0,0,0,0,7,0,0,4,19,1,7,0,nan,nan,nan,nan,1.167,nan,nan,1,1,1,1.167,nan,nan,nan,nan,nan,-0.067,nan,nan,0,0,0,-0.067,nan,500,fresh
59634,0,0,0,0,0,0,7,0,0,4,19,1,7,0,nan,nan,nan,nan,1.167,nan,nan,1,1,1,1.167,nan,nan,nan,nan,nan,-0.067,nan,nan,0,0,0,-0.067,nan,500,fresh
60704,0,0,0,0,0,0,7,0,0,4,19,1,7,0,nan,nan,nan,nan,1.167,nan,nan,1,1,1,1.167,nan,nan,nan,nan,nan,-0.067,nan,nan,0,0,0,-0.067,nan,500,fresh
61774,0,0,0,0,0,0,7,0,0,4,19,1,7,0,nan,nan,nan,nan,1.167,nan,nan,1,1,1,1.167,nan,nan,nan,nan,nan,-0.067,nan,nan,0,0,0,-0.067,nan,500,fresh
62844,0,0,0,0,0,0,6,0,0,4,19,1,7,0,nan,nan,nan,nan,1,nan,nan,1,1,1,1.167,nan,nan,nan,nan,nan,0,nan,nan,0,0,0,-0.067,nan,500,fresh
63913,0,0,0,0,0,0,7,0,0,4,19,1,7,0,nan,nan,nan,nan,1.167,nan,nan,1,1,1,1.167,nan,nan,nan,nan,nan,-0.067,nan,nan,0,0,0,-0.067,nan,500,fresh
64983,0,0,0,0,0,0,7,0,0,4,19,1,7,0,nan,nan,nan,nan,1.167,nan,nan,1,1,1,1.167,nan,nan,nan,nan,nan,-0.067,nan,nan,0,0,0,-0.067,nan,500,fresh
66053,0,0,0,0,0,0,7,0,0,4,19,1,7,0,nan,nan,nan,nan,1.167,nan,nan,1,1,1,1.167,nan,nan,nan,nan,nan,-0.067,nan,nan,0,0,0,-0.067,nan,500,fresh
67123,0,0,0,0,0,0,7,0,0,4,19,1,7,0,nan,nan,nan,nan,1.167,nan,nan,1,1,1,1.167,nan,nan,nan,nan,nan,-0.067,nan,nan,0,0,0,-0.067,nan,500,fresh
68193,0,0,0,0,0,0,7,0,0,4,19,1,7,0,nan,nan,nan,nan,1.167,nan,nan,1,1,1,1.167,nan,nan,nan,nan,nan,-0.067,nan,nan,0,0,0,-0.067,nan,500,fresh
69263,0,0,0,0,0,0,7,0,0,4,19,1,7,0,nan,nan,nan,nan,1.167,nan,nan,1,1,1,1.167,nan,nan,nan,nan,nan,-0.067,nan,nan,0,0,0,-0.067,nan,500,fresh
70333,0,0,0,0,0,0,7,0,0,4,19,1,7,0,nan,nan,nan,nan,1.167,nan,nan,1,1,1,1.167,nan,nan,nan,nan,nan,-0.067,nan,nan,0,0,0,-0.067,nan,500,fresh
71403,0,0,0,0,0,0,7,0,0,4,19,1,7,0,nan,nan,nan,nan,1.167,nan,nan,1,1,1,1.167,nan,nan,nan,nan,nan,-0.067,nan,nan,0,0,0,-0.067,nan,500,fresh
72473,0,0,0,0,0,0,6,0,0,4,19,1,7,0,nan,nan,nan,nan,1,nan,nan,1,1,1,1.167,nan,nan,nan,nan,nan,0,nan,nan,0,0,0,-0.067,nan,500,fresh
73542,0,0,0,0,0,0,7,0,0,4,19,1,6,0,nan,nan,nan,nan,1.167,nan,nan,1,1,1,1,nan,nan,nan,nan,nan,-0.067,nan,nan,0,0,0,0,nan,500,fresh
74611,0,0,0,0,0,0,7,0,0,4,19,1,7,0,nan,nan,nan,nan,1.167,nan,nan,1,1,1,1.167,nan,nan,nan,nan,nan,-0.067,nan,nan,0,0,0,-0.067,nan,500,fresh
75681,0,0,0,0,0,0,7,0,0,4,19,1,7,0,nan,nan,nan,nan,1.167,nan,nan,1,1,1,1.167,nan,nan,nan,nan,nan,-0.067,nan,nan,0,0,0,-0.067,nan,500,fresh
76751,0,0,0,0,0,0,7,0,0,4,19,1,7,0,nan,nan,nan,nan,1.167,nan,nan,1,1,1,1.167,nan,nan,nan,nan,nan,-0.067,nan,nan,0,0,0,-0.067,nan,500,fresh
77821,0,0,0,0,0,0,7,0,0,4,19,1,7,0,nan,nan,nan,nan,1.167,nan,nan,1,1,1,1.167,nan,nan,nan,nan,nan,-0.067,nan,nan,0,0,0,-0.067,nan,500,fresh
78891,0,0,0,0,0,0,7,0,0,4,19,1,7,0,nan,nan,nan,nan,1.167,nan,nan,1,1,1,1.167,nan,nan,nan,nan,nan,-0.067,nan,nan,0,0,0,-0.067,nan,500,fresh
79960,0,0,0,0,0,0,7,0,0,4,19,1,6,0,nan,nan,nan,nan,1.167,nan,nan,1,1,1,1,nan,nan,nan,nan,nan,-0.067,nan,nan,0,0,0,0,nan,500,fresh
81030,0,0,0,0,0,0,6,0,0,4,19,1,7,0,nan,nan,nan,nan,1,nan,nan,1,1,1,1.167,nan,nan,nan,nan,nan,0,nan,nan,0,0,0,-0.067,nan,500,fresh
82099,0,0,0,0,0,0,7,0,0,4,19,1,7,0,nan,nan,nan,nan,1.167,nan,nan,1,1,1,1.167,nan,nan,nan,nan,nan,-0.067,nan,nan,0,0,0,-0.067,nan,500,fresh
83168,0,0,0,0,0,0,7,0,0,4,19,1,7,0,nan,nan,nan,nan,1.167,nan,nan,1,1,1,1.167,nan,nan,nan,nan,nan,-0.067,nan,nan,0,0,0,-0.067,nan,500,fresh
84238,0,0,0,0,0,0,7,0,0,4,19,1,6,0,nan,nan,nan,nan,1.167,nan,nan,1,1,1,1,nan,nan,nan,nan,nan,-0.067,nan,nan,0,0,0,0,nan,500,fresh
85308,0,0,0,0,0,0,7,0,0,4,19,1,7,0,nan,nan,nan,nan,1.167,nan,nan,1,1,1,1.167,nan,nan,nan,nan,nan,-0.067,nan,nan,0,0,0,-0.067,nan,500,fresh
86377,0,0,0,0,0,0,7,0,0,4,19,1,7,0,nan,nan,nan,nan,1.167,nan,nan,1,1,1,1.167,nan,nan,nan,nan,nan,-0.067,nan,nan,0,0,0,-0.067,nan,500,fresh
87447,0,0,0,0,0,0,7,0,0,4,19,1,7,0,nan,nan,nan,nan,1.167,nan,nan,1,1,1,1.167,nan,nan,nan,nan,nan,-0.067,nan,nan,0,0,0,-0.067,nan,500,fresh
88516,0,0,0,0,0,0,6,0,0,4,19,1,7,0,nan,nan,nan,nan,1,nan,nan,1,1,1,1.167,nan,nan,nan,nan,nan,0,nan,nan,0,0,0,-0.067,nan,500,fresh
89586,0,0,0,0,0,0,7,0,0,4,19,1,7,0,nan,nan,nan,nan,1.167,nan,nan,1,1,1,1.167,nan,nan,nan,nan,nan,-0.067,nan,nan,0,0,0,-0.067,nan,500,fresh
90655,0,0,0,0,0,0,7,0,0,4,19,1,7,0,nan,nan,nan,nan,1.167,nan,nan,1,1,1,1.167,nan,nan,nan,nan,nan,-0.067,nan,nan,0,0,0,-0.067,nan,500,fresh
91723,0,0,0,0,0,0,7,0,0,4,19,1,7,0,nan,nan,nan,nan,1.167,nan,nan,1,1,1,1.167,nan,nan,nan,nan,nan,-0.067,nan,nan,0,0,0,-0.067,nan,500,fresh
92792,0,0,0,0,0,0,7,0,0,4,19,1,7,0,nan,nan,nan,nan,1.167,nan,nan,1,1,1,1.167,nan,nan,nan,nan,nan,-0.067,nan,nan,0,0,0,-0.067,nan,500,fresh
93862,0,0,0,0,0,0,6,0,0,4,19,1,7,0,nan,nan,nan,nan,1,nan,nan,1,1,1,1.167,nan,nan,nan,nan,nan,0,nan,nan,0,0,0,-0.067,nan,500,fresh
94931,0,0,0,0,0,0,7,0,0,4,19,1,7,0,nan,nan,nan,nan,1.167,nan,nan,1,1,1,1.167,nan,nan,nan,nan,nan,-0.067,nan,nan,0,0,0,-0.067,nan,500,fresh
96000,0,0,0,0,0,0,7,0,0,4,19,1,7,0,nan,nan,nan,nan,1.167,nan,nan,1,1,1,1.167,nan,nan,nan,nan,nan,-0.067,nan,nan,0,0,0,-0.067,nan,500,fresh
97069,0,0,0,0,0,0,7,0,0,4,19,1,7,0,nan,nan,nan,nan,1.167,nan,nan,1,1,1,1.167,nan,nan,nan,nan,nan,-0.067,nan,nan,0,0,0,-0.067,nan,500,fresh
98138,0,0,0,0,0,0,7,0,0,4,19,1,7,0,nan,nan,nan,nan,1.167,nan,nan,1,1,1,1.167,nan,nan,nan,nan,nan,-0.067,nan,nan,0,0,0,-0.067,nan,500,fresh
99207,0,0,0,0,0,0,7,0,0,4,19,1,7,0,nan,nan,nan,nan,1.167,nan,nan,1,1,1,1.167,nan,nan,nan,nan,nan,-0.067,nan,nan,0,0,0,-0.067,nan,500,fresh
100276,0,0,0,0,0,0,7,0,0,4,19,1,7,0,nan,nan,nan,nan,1.167,nan,nan,1,1,1,1.167,nan,nan,nan,nan,nan,-0.067,nan,nan,0,0,0,-0.067,nan,500,fresh
101346,0,0,0,0,0,0,7,0,0,4,19,1,7,0,nan,nan,nan,nan,1.167,nan,nan,1,1,1,1.167,nan,nan,nan,nan,nan,-0.067,nan,nan,0,0,0,-0.067,nan,500,fresh
102416,0,0,0,0,0,0,7,0,0,4,19,1,7,0,nan,nan,nan,nan,1.167,nan,nan,1,1,1,1.167,nan,nan,nan,nan,nan,-0.067,nan,nan,0,0,0,-0.067,nan,500,fresh
103485,0,0,0,0,0,0,7,0,0,3,19,1,7,0,nan,nan,nan,nan,1.167,nan,nan,0.75,1,1,1.167,nan,nan,nan,nan,nan,-0.067,nan,nan,0.125,0,0,-0.067,nan,500,fresh
104555,0,0,0,0,0,0,6,0,0,4,19,1,7,0,nan,nan,nan,nan,1,nan,nan,1,1,1,1.167,nan,nan,nan,nan,nan,0,nan,nan,0,0,0,-0.067,nan,500,fresh
105625,0,0,0,0,0,0,7,0,0,4,19,1,7,0,nan,nan,nan,nan,1.167,nan,nan,1,1,1,1.167,nan,nan,nan,nan,nan,-0.067,nan,nan,0,0,0,-0.067,nan,500,fresh
106694,0,0,0,0,0,0,7,0,0,4,19,1,7,0,nan,nan,nan,nan,1.167,nan,nan,1,1,1,1.167,nan,nan,nan,nan,nan,-0.067,nan,nan,0,0,0,-0.067,nan,500,fresh
107763,0,0,0,0,0,0,7,0,0,4,19,1,7,0,nan,nan,nan,nan,1.167,nan,nan,1,1,1,1.167,nan,nan,nan,nan,nan,-0.067,nan,nan,0,0,0,-0.067,nan,500,fresh
108833,0,0,0,0,0,0,7,0,0,4,19,1,7,0,nan,nan,nan,nan,1.167,nan,nan,1,1,1,1.167,nan,nan,nan,nan,nan,-0.067,nan,nan,0,0,0,-0.067,nan,500,fresh
109903,0,0,0,0,0,0,7,0,0,4,19,1,7,0,nan,nan,nan,nan,1.167,nan,nan,1,1,1,1.167,nan,nan,nan,nan,nan,-0.067,nan,nan,0,0,0,-0.067,nan,500,fresh
110971,0,0,0,0,0,0,7,0,0,4,19,1,7,0,nan,nan,nan,nan,1.167,nan,nan,1,1,1,1.167,nan,nan,nan,nan,nan,-0.067,nan,nan,0,0,0,-0.067,nan,500,fresh
112041,0,0,0,0,0,0,7,0,0,4,19,1,7,0,nan,nan,nan,nan,1.167,nan,nan,1,1,1,1.167,nan,nan,nan,nan,nan,-0.067,nan,nan,0,0,0,-0.067,nan,500,fresh
113111,0,0,0,0,0,0,7,0,0,4,19,1,7,0,nan,nan,nan,nan,1.167,nan,nan,1,1,1,1.167,nan,nan,nan,nan,nan,-0.067,nan,nan,0,0,0,-0.067,nan,500,fresh
114180,0,0,0,0,0,0,7,0,0,4,19,1,7,0,nan,nan,nan,nan,1.167,nan,nan,1,1,1,1.167,nan,nan,nan,nan,nan,-0.067,nan,nan,0,0,0,-0.067,nan,500,fresh
115250,0,0,0,0,0,0,7,0,0,4,19,1,7,0,nan,nan,nan,nan,1.167,nan,nan,1,1,1,1.167,nan,nan,nan,nan,nan,-0.067,nan,nan,0,0,0,-0.067,nan,500,fresh
116319,0,0,0,0,0,0,7,0,0,4,19,1,7,0,nan,nan,nan,nan,1.167,nan,nan,1,1,1,1.167,nan,nan,nan,nan,nan,-0.067,nan,nan,0,0,0,-0.067,nan,500,fresh
117388,0,0,0,0,0,0,7,0,0,4,19,1,7,0,nan,nan,nan,nan,1.167,nan,nan,1,1,1,1.167,nan,nan,nan,nan,nan,-0.067,nan,nan,0,0,0,-0.067,nan,500,fresh
118457,0,0,0,0,0,0,7,0,0,4,19,1,7,0,nan,nan,nan,nan,1.167,nan,nan,1,1,1,1.167,nan,nan,nan,nan,nan,-0.067,nan,nan,0,0,0,-0.067,nan,500,fresh
119526,0,0,0,0,0,0,7,0,0,4,19,1,7,0,nan,nan,nan,nan,1.167,nan,nan,1,1,1,1.167,nan,nan,nan,nan,nan,-0.067,nan,nan,0,0,0,-0.067,nan,500,fresh
120596,0,0,0,0,0,0,7,0,0,4,19,1,7,0,nan,nan,nan,nan,1.167,nan,nan,1,1,1,1.167,nan,nan,nan,nan,nan,-0.067,nan,nan,0,0,0,-0.067,nan,500,fresh
121664,0,0,0,0,0,0,7,0,0,4,19,1,7,0,nan,nan,nan,nan,1.167,nan,nan,1,1,1,1.167,nan,nan,nan,nan,nan,-0.067,nan,nan,0,0,0,-0.067,nan,500,fresh
122733,0,0,0,0,0,0,6,0,0,4,19,1,7,0,nan,nan,nan,nan,1,nan,nan,1,1,1,1.167,nan,nan,nan,nan,nan,0,nan,nan,0,0,0,-0.067,nan,500,fresh
123803,0,0,0,0,0,0,7,0,0,4,19,1,7,0,nan,nan,nan,nan,1.167,nan,nan,1,1,1,1.167,nan,nan,nan,nan,nan,-0.067,nan,nan,0,0,0,-0.067,nan,500,fresh
124872,0,0,0,0,0,0,7,0,0,4,19,1,7,0,nan,nan,nan,nan,1.167,nan,nan,1,1,1,1.167,nan,nan,nan,nan,nan,-0.067,nan,nan,0,0,0,-0.067,nan,500,fresh
125941,0,0,0,0,0,0,7,0,0,4,19,1,7,0,nan,nan,nan,nan,1.167,nan,nan,1,1,1,1.167,nan,nan,nan,nan,nan,-0.067,nan,nan,0,0,0,-0.067,nan,500,fresh
127011,0,0,0,0,0,0,7,0,0,4,19,1,7,0,nan,nan,nan,nan,1.167,nan,nan,1,1,1,1.167,nan,nan,nan,nan,nan,-0.067,nan,nan,0,0,0,-0.067,nan,500,fresh
128081,0,0,0,0,0,0,7,0,0,4,19,1,7,0,nan,nan,nan,nan,1.167,nan,nan,1,1,1,1.167,nan,nan,nan,nan,nan,-0.067,nan,nan,0,0,0,-0.067,nan,500,fresh
129149,0,0,0,0,0,0,7,0,0,4,19,1,7,0,nan,nan,nan,nan,1.167,nan,nan,1,1,1,1.167,nan,nan,nan,nan,nan,-0.067,nan,nan,0,0,0,-0.067,nan,500,fresh
130219,0,0,0,0,0,0,7,0,0,4,19,1,7,0,nan,nan,nan,nan,1.167,nan,nan,1,1,1,1.167,nan,nan,nan,nan,nan,-0.067,nan,nan,0,0,0,-0.067,nan,500,fresh
131289,0,0,0,0,0,0,7,0,0,4,19,1,7,0,nan,nan,nan,nan,1.167,nan,nan,1,1,1,1.167,nan,nan,nan,nan,nan,-0.067,nan,nan,0,0,0,-0.067,nan,500,fresh
132359,0,0,0,0,0,0,7,0,0,4,19,1,6,0,nan,nan,nan,nan,1.167,nan,nan,1,1,1,1,nan,nan,nan,nan,nan,-0.067,nan,nan,0,0,0,0,nan,500,fresh
133429,0,0,0,0,0,0,7,0,0,4,19,1,7,0,nan,nan,nan,nan,1.167,nan,nan,1,1,1,1.167,nan,nan,nan,nan,nan,-0.067,nan,nan,0,0,0,-0.067,nan,500,fresh
134497,0,0,0,0,0,0,7,0,0,4,19,1,7,0,nan,nan,nan,nan,1.167,nan,nan,1,1,1,1.167,nan,nan,nan,nan,nan,-0.067,nan,nan,0,0,0,-0.067,nan,500,fresh
135567,0,0,0,0,0,0,7,0,0,4,19,1,7,0,nan,nan,nan,nan,1.167,nan,nan,1,1,1,1.167,nan,nan,nan,nan,nan,-0.067,nan,nan,0,0,0,-0.067,nan,500,fresh
136637,0,0,0,0,0,0,7,0,0,4,19,1,7,0,nan,nan,nan,nan,1.167,nan,nan,1,1,1,1.167,nan,nan,nan,nan,nan,-0.067,nan,nan,0,0,0,-0.067,nan,500,fresh
137707,0,0,0,0,0,0,7,0,0,4,19,1,7,0,nan,nan,nan,nan,1.167,nan,nan,1,1,1,1.167,nan,nan,nan,nan,nan,-0.067,nan,nan,0,0,0,-0.067,nan,500,fresh
138776,0,0,0,0,0,0,7,0,0,4,19,1,7,0,nan,nan,nan,nan,1.167,nan,nan,1,1,1,1.167,nan,nan,nan,nan,nan,-0.067,nan,nan,0,0,0,-0.067,nan,500,fresh
139845,0,0,0,0,0,0,7,0,0,4,19,1,7,0,nan,nan,nan,nan,1.167,nan,nan,1,1,1,1.167,nan,nan,nan,nan,nan,-0.067,nan,nan,0,0,0,-0.067,nan,500,fresh
140915,0,0,0,0,0,0,7,0,0,4,19,1,7,0,nan,nan,nan,nan,1.167,nan,nan,1,1,1,1.167,nan,nan,nan,nan,nan,-0.067,nan,nan,0,0,0,-0.067,nan,500,fresh
141984,0,0,0,0,0,0,7,0,0,4,19,1,7,0,nan,nan,nan,nan,1.167,nan,nan,1,1,1,1.167,nan,nan,nan,nan,nan,-0.067,nan,nan,0,0,0,-0.067,nan,500,fresh
143054,0,0,0,0,0,0,7,0,0,4,19,1,7,0,nan,nan,nan,nan,1.167,nan,nan,1,1,1,1.167,nan,nan,nan,nan,nan,-0.067,nan,nan,0,0,0,-0.067,nan,500,fresh
144124,0,0,0,0,0,0,7,0,0,4,19,1,7,0,nan,nan,nan,nan,1.167,nan,nan,1,1,1,1.167,nan,nan,nan,nan,nan,-0.067,nan,nan,0,0,0,-0.067,nan,500,fresh
145194,0,0,0,0,0,0,7,0,0,4,19,1,7,0,nan,nan,nan,nan,1.167,nan,nan,1,1,1,1.167,nan,nan,nan,nan,nan,-0.067,nan,nan,0,0,0,-0.067,nan,500,fresh
146264,0,0,0,0,0,0,7,0,0,4,19,1,7,0,nan,nan,nan,nan,1.167,nan,nan,1,1,1,1.167,nan,nan,nan,nan,nan,-0.067,nan,nan,0,0,0,-0.067,nan,500,fresh
147332,0,0,0,0,0,0,7,0,0,4,19,1,7,0,nan,nan,nan,nan,1.167,nan,nan,1,1,1,1.167,nan,nan,nan,nan,nan,-0.067,nan,nan,0,0,0,-0.067,nan,500,fresh
148402,0,0,0,0,0,0,7,0,0,4,19,1,7,0,nan,nan,nan,nan,1.167,nan,nan,1,1,1,1.167,nan,nan,nan,nan,nan,-0.067,nan,nan,0,0,0,-0.067,nan,500,fresh
149471,0,0,0,0,0,0,7,0,0,4,19,1,7,0,nan,nan,nan,nan,1.167,nan,nan,1,1,1,1.167,nan,nan,nan,nan,nan,-0.067,nan,nan,0,0,0,-0.067,nan,500,fresh
150541,0,0,0,0,0,0,7,0,0,4,19,1,7,0,nan,nan,nan,nan,1.167,nan,nan,1,1,1,1.167,nan,nan,nan,nan,nan,-0.067,nan,nan,0,0,0,-0.067,nan,500,fresh
151611,0,0,0,0,0,0,7,0,0,4,19,1,7,0,nan,nan,nan,nan,1.167,nan,nan,1,1,1,1.167,nan,nan,nan,nan,nan,-0.067,nan,nan,0,0,0,-0.067,nan,500,fresh
152680,0,0,0,0,0,0,7,0,0,4,19,1,7,0,nan,nan,nan,nan,1.167,nan,nan,1,1,1,1.167,nan,nan,nan,nan,nan,-0.067,nan,nan,0,0,0,-0.067,nan,500,fresh
153750,0,0,0,0,0,0,7,0,0,4,19,1,7,0,nan,nan,nan,nan,1.167,nan,nan,1,1,1,1.167,nan,nan,nan,nan,nan,-0.067,nan,nan,0,0,0,-0.067,nan,500,fresh
154820,0,0,0,0,0,0,7,0,0,4,19,1,7,0,nan,nan,nan,nan,1.167,nan,nan,1,1,1,1.167,nan,nan,nan,nan,nan,-0.067,nan,nan,0,0,0,-0.067,nan,500,fresh
155890,0,0,0,0,0,0,7,0,0,4,19,1,7,0,nan,nan,nan,nan,1.167,nan,nan,1,1,1,1.167,nan,nan,nan,nan,nan,-0.067,nan,nan,0,0,0,-0.067,nan,500,fresh
156960,0,0,0,0,0,0,7,0,0,4,19,1,7,0,nan,nan,nan,nan,1.167,nan,nan,1,1,1,1.167,nan,nan,nan,nan,nan,-0.067,nan,nan,0,0,0,-0.067,nan,500,fresh
158030,0,0,0,0,0,0,7,0,0,4,19,1,7,0,nan,nan,nan,nan,1.167,nan,nan,1,1,1,1.167,nan,nan,nan,nan,nan,-0.067,nan,nan,0,0,0,-0.067,nan,500,fresh
159100,0,0,0,0,0,0,7,0,0,4,19,1,6,0,nan,nan,nan,nan,1.167,nan,nan,1,1,1,1,nan,nan,nan,nan,nan,-0.067,nan,nan,0,0,0,0,nan,500,fresh
160168,0,0,0,0,0,0,7,0,0,4,19,1,7,0,nan,nan,nan,nan,1.167,nan,nan,1,1,1,1.167,nan,nan,nan,nan,nan,-0.067,nan,nan,0,0,0,-0.067,nan,500,fresh
161237,0,0,0,0,0,0,7,0,0,4,19,1,7,0,nan,nan,nan,nan,1.167,nan,nan,1,1,1,1.167,nan,nan,nan,nan,nan,-0.067,nan,nan,0,0,0,-0.067,nan,500,fresh
162306,0,0,0,0,0,0,7,0,0,4,19,1,7,0,nan,nan,nan,nan,1.167,nan,nan,1,1,1,1.167,nan,nan,nan,nan,nan,-0.067,nan,nan,0,0,0,-0.067,nan,500,fresh
163376,0,0,0,0,0,0,7,0,0,4,19,1,7,0,nan,nan,nan,nan,1.167,nan,nan,1,1,1,1.167,nan,nan,nan,nan,nan,-0.067,nan,nan,0,0,0,-0.067,nan,500,fresh
164444,0,0,0,0,0,0,7,0,0,4,19,1,7,0,nan,nan,nan,nan,1.167,nan,nan,1,1,1,1.167,nan,nan,nan,nan,nan,-0.067,nan,nan,0,0,0,-0.067,nan,500,fresh
165513,0,0,0,0,0,0,7,0,0,4,19,1,7,0,nan,nan,nan,nan,1.167,nan,nan,1,1,1,1.167,nan,nan,nan,nan,nan,-0.067,nan,nan,0,0,0,-0.067,nan,500,fresh
166583,0,0,0,0,0,0,7,0,0,4,19,1,7,0,nan,nan,nan,nan,1.167,nan,nan,1,1,1,1.167,nan,nan,nan,nan,nan,-0.067,nan,nan,0,0,0,-0.067,nan,500,fresh
167652,0,0,0,0,0,0,7,0,0,4,19,1,7,0,nan,nan,nan,nan,1.167,nan,nan,1,1,1,1.167,nan,nan,nan,nan,nan,-0.067,nan,nan,0,0,0,-0.067,nan,500,fresh
168722,0,0,0,0,0,0,7,0,0,4,19,1,7,0,nan,nan,nan,nan,1.167,nan,nan,1,1,1,1.167,nan,nan,nan,nan,nan,-0.067,nan,nan,0,0,0,-0.067,nan,500,fresh
169792,0,0,0,0,0,0,7,0,0,4,19,1,7,0,nan,nan,nan,nan,1.167,nan,nan,1,1,1,1.167,nan,nan,nan,nan,nan,-0.067,nan,nan,0,0,0,-0.067,nan,500,fresh
170862,0,0,0,0,0,0,7,0,0,4,19,1,7,0,nan,nan,nan,nan,1.167,nan,nan,1,1,1,1.167,nan,nan,nan,nan,nan,-0.067,nan,nan,0,0,0,-0.067,nan,500,fresh
171932,0,0,0,0,0,0,6,0,0,4,19,1,7,0,nan,nan,nan,nan,1,nan,nan,1,1,1,1.167,nan,nan,nan,nan,nan,0,nan,nan,0,0,0,-0.067,nan,500,fresh
173002,0,0,0,0,0,0,7,0,0,4,19,1,7,0,nan,nan,nan,nan,1.167,nan,nan,1,1,1,1.167,nan,nan,nan,nan,nan,-0.067,nan,nan,0,0,0,-0.067,nan,500,fresh
174072,0,0,0,0,0,0,7,0,0,4,19,1,7,0,nan,nan,nan,nan,1.167,nan,nan,1,1,1,1.167,nan,nan,nan,nan,nan,-0.067,nan,nan,0,0,0,-0.067,nan,500,fresh
175140,0,0,0,0,0,0,6,0,0,4,19,1,7,0,nan,nan,nan,nan,1,nan,nan,1,1,1,1.167,nan,nan,nan,nan,nan,0,nan,nan,0,0,0,-0.067,nan,500,fresh
176210,0,0,0,0,0,0,7,0,0,4,19,1,7,0,nan,nan,nan,nan,1.167,nan,nan,1,1,1,1.167,nan,nan,nan,nan,nan,-0.067,nan,nan,0,0,0,-0.067,nan,500,fresh
177280,0,0,0,0,0,0,7,0,0,4,19,1,7,0,nan,nan,nan,nan,1.167,nan,nan,1,1,1,1.167,nan,nan,nan,nan,nan,-0.067,nan,nan,0,0,0,-0.067,nan,500,fresh
178350,0,0,0,0,0,0,6,0,0,4,19,1,7,0,nan,nan,nan,nan,1,nan,nan,1,1,1,1.167,nan,nan,nan,nan,nan,0,nan,nan,0,0,0,-0.067,nan,500,fresh
179419,0,0,0,0,0,0,7,0,0,4,19,1,7,0,nan,nan,nan,nan,1.167,nan,nan,1,1,1,1.167,nan,nan,nan,nan,nan,-0.067,nan,nan,0,0,0,-0.067,nan,500,fresh
180488,0,0,0,0,0,0,7,0,0,4,19,1,7,0,nan,nan,nan,nan,1.167,nan,nan,1,1,1,1.167,nan,nan,nan,nan,nan,-0.067,nan,nan,0,0,0,-0.067,nan,500,fresh
181557,0,0,0,0,0,0,7,0,0,4,19,1,7,0,nan,nan,nan,nan,1.167,nan,nan,1,1,1,1.167,nan,nan,nan,nan,nan,-0.067,nan,nan,0,0,0,-0.067,nan,500,fresh
182627,0,0,0,0,0,0,7,0,0,4,19,1,7,0,nan,nan,nan,nan,1.167,nan,nan,1,1,1,1.167,nan,nan,nan,nan,nan,-0.067,nan,nan,0,0,0,-0.067,nan,500,fresh
183697,0,0,0,0,0,0,7,0,0,4,19,1,7,0,nan,nan,nan,nan,1.167,nan,nan,1,1,1,1.167,nan,nan,nan,nan,nan,-0.067,nan,nan,0,0,0,-0.067,nan,500,fresh
184766,0,0,0,0,0,0,7,0,0,4,19,1,7,0,nan,nan,nan,nan,1.167,nan,nan,1,1,1,1.167,nan,nan,nan,nan,nan,-0.067,nan,nan,0,0,0,-0.067,nan,500,fresh
185836,0,0,0,0,0,0,7,0,0,4,19,1,7,0,nan,nan,nan,nan,1.167,nan,nan,1,1,1,1.167,nan,nan,nan,nan,nan,-0.067,nan,nan,0,0,0,-0.067,nan,500,fresh
186906,0,0,0,0,0,0,7,0,0,4,19,1,7,0,nan,nan,nan,nan,1.167,nan,nan,1,1,1,1.167,nan,nan,nan,nan,nan,-0.067,nan,nan,0,0,0,-0.067,nan,500,fresh
187976,0,0,0,0,0,0,7,0,0,4,19,1,6,0,nan,nan,nan,nan,1.167,nan,nan,1,1,1,1,nan,nan,nan,nan,nan,-0.067,nan,nan,0,0,0,0,nan,500,fresh
189046,0,0,0,0,0,0,7,0,0,4,19,1,6,0,nan,nan,nan,nan,1.167,nan,nan,1,1,1,1,nan,nan,nan,nan,nan,-0.067,nan,nan,0,0,0,0,nan,500,fresh
190115,0,0,0,0,0,0,6,0,0,4,19,1,7,0,nan,nan,nan,nan,1,nan,nan,1,1,1,1.167,nan,nan,nan,nan,nan,0,nan,nan,0,0,0,-0.067,nan,500,fresh
191185,0,0,0,0,0,0,7,0,0,4,19,1,6,0,nan,nan,nan,nan,1.167,nan,nan,1,1,1,1,nan,nan,nan,nan,nan,-0.067,nan,nan,0,0,0,0,nan,500,fresh
192255,0,0,0,0,0,0,7,0,0,4,19,1,7,0,nan,nan,nan,nan,1.167,nan,nan,1,1,1,1.167,nan,nan,nan,nan,nan,-0.067,nan,nan,0,0,0,-0.067,nan,500,fresh
193324,0,0,0,0,0,0,7,0,0,4,19,1,7,0,nan,nan,nan,nan,1.167,nan,nan,1,1,1,1.167,nan,nan,nan,nan,nan,-0.067,nan,nan,0,0,0,-0.067,nan,500,fresh
194394,0,0,0,0,0,0,7,0,0,4,19,1,7,0,nan,nan,nan,nan,1.167,nan,nan,1,1,1,1.167,nan,nan,nan,nan,nan,-0.067,nan,nan,0,0,0,-0.067,nan,500,fresh
195464,0,0,0,0,0,0,7,0,0,4,19,1,7,0,nan,nan,nan,nan,1.167,nan,nan,1,1,1,1.167,nan,nan,nan,nan,nan,-0.067,nan,nan,0,0,0,-0.067,nan,500,fresh
196534,0,0,0,0,0,0,7,0,0,4,19,1,7,0,nan,nan,nan,nan,1.167,nan,nan,1,1,1,1.167,nan,nan,nan,nan,nan,-0.067,nan,nan,0,0,0,-0.067,nan,500,fresh
197604,0,0,0,0,0,0,7,0,0,4,19,1,7,0,nan,nan,nan,nan,1.167,nan,nan,1,1,1,1.167,nan,nan,nan,nan,nan,-0.067,nan,nan,0,0,0,-0.067,nan,500,fresh
198673,0,0,0,0,0,0,7,0,0,4,19,1,7,0,nan,nan,nan,nan,1.167,nan,nan,1,1,1,1.167,nan,nan,nan,nan,nan,-0.067,nan,nan,0,0,0,-0.067,nan,500,fresh
199741,0,0,0,0,0,0,6,0,0,4,19,1,7,0,nan,nan,nan,nan,1,nan,nan,1,1,1,1.167,nan,nan,nan,nan,nan,0,nan,nan,0,0,0,-0.067,nan,500,fresh
200810,0,0,0,0,0,0,7,0,0,4,19,1,7,0,nan,nan,nan,nan,1.167,nan,nan,1,1,1,1.167,nan,nan,nan,nan,nan,-0.067,nan,nan,0,0,0,-0.067,nan,500,fresh
201880,0,0,0,0,0,0,7,0,0,4,19,1,7,0,nan,nan,nan,nan,1.167,nan,nan,1,1,1,1.167,nan,nan,nan,nan,nan,-0.067,nan,nan,0,0,0,-0.067,nan,500,fresh
202950,0,0,0,0,0,0,7,0,0,4,19,1,7,0,nan,nan,nan,nan,1.167,nan,nan,1,1,1,1.167,nan,nan,nan,nan,nan,-0.067,nan,nan,0,0,0,-0.067,nan,500,fresh
204019,0,0,0,0,0,0,7,0,0,4,19,1,7,0,nan,nan,nan,nan,1.167,nan,nan,1,1,1,1.167,nan,nan,nan,nan,nan,-0.067,nan,nan,0,0,0,-0.067,nan,500,fresh
205089,0,0,0,0,0,0,7,0,0,4,19,1,6,0,nan,nan,nan,nan,1.167,nan,nan,1,1,1,1,nan,nan,nan,nan,nan,-0.067,nan,nan,0,0,0,0,nan,500,fresh
206159,0,0,0,0,0,0,7,0,0,4,19,1,7,0,nan,nan,nan,nan,1.167,nan,nan,1,1,1,1.167,nan,nan,nan,nan,nan,-0.067,nan,nan,0,0,0,-0.067,nan,500,fresh
207228,0,0,0,0,0,0,7,0,0,4,19,1,7,0,nan,nan,nan,nan,1.167,nan,nan,1,1,1,1.167,nan,nan,nan,nan,nan,-0.067,nan,nan,0,0,0,-0.067,nan,500,fresh
208298,0,0,0,0,0,0,7,0,0,4,19,1,6,0,nan,nan,nan,nan,1.167,nan,nan,1,1,1,1,nan,nan,nan,nan,nan,-0.067,nan,nan,0,0,0,0,nan,500,fresh
209368,0,0,0,0,0,0,7,0,0,4,19,1,7,0,nan,nan,nan,nan,1.167,nan,nan,1,1,1,1.167,nan,nan,nan,nan,nan,-0.067,nan,nan,0,0,0,-0.067,nan,500,fresh
210437,0,0,0,0,0,0,7,0,0,4,19,1,7,0,nan,nan,nan,nan,1.167,nan,nan,1,1,1,1.167,nan,nan,nan,nan,nan,-0.067,nan,nan,0,0,0,-0.067,nan,500,fresh
211507,0,0,0,0,0,0,6,0,0,4,19,1,7,0,nan,nan,nan,nan,1,nan,nan,1,1,1,1.167,nan,nan,nan,nan,nan,0,nan,nan,0,0,0,-0.067,nan,500,fresh
212576,0,0,0,0,0,0,6,0,0,4,19,1,7,0,nan,nan,nan,nan,1,nan,nan,1,1,1,1.167,nan,nan,nan,nan,nan,0,nan,nan,0,0,0,-0.067,nan,500,fresh
213644,0,0,0,0,0,0,7,0,0,4,19,1,6,0,nan,nan,nan,nan,1.167,nan,nan,1,1,1,1,nan,nan,nan,nan,nan,-0.067,nan,nan,0,0,0,0,nan,500,fresh
214713,0,0,0,0,0,0,7,0,0,4,19,1,7,0,nan,nan,nan,nan,1.167,nan,nan,1,1,1,1.167,nan,nan,nan,nan,nan,-0.067,nan,nan,0,0,0,-0.067,nan,500,fresh
215783,0,0,0,0,0,0,7,0,0,4,19,1,7,0,nan,nan,nan,nan,1.167,nan,nan,1,1,1,1.167,nan,nan,nan,nan,nan,-0.067,nan,nan,0,0,0,-0.067,nan,500,fresh
216853,0,0,0,0,0,0,7,0,0,4,19,1,7,0,nan,nan,nan,nan,1.167,nan,nan,1,1,1,1.167,nan,nan,nan,nan,nan,-0.067,nan,nan,0,0,0,-0.067,nan,500,fresh
217921,0,0,0,0,0,0,7,0,0,4,19,1,6,0,nan,nan,nan,nan,1.167,nan,nan,1,1,1,1,nan,nan,nan,nan,nan,-0.067,nan,nan,0,0,0,0,nan,500,fresh
218990,0,0,0,0,0,0,7,0,0,4,19,1,7,0,nan,nan,nan,nan,1.167,nan,nan,1,1,1,1.167,nan,nan,nan,nan,nan,-0.067,nan,nan,0,0,0,-0.067,nan,500,fresh
220060,0,0,0,0,0,0,6,0,0,4,19,1,7,0,nan,nan,nan,nan,1,nan,nan,1,1,1,1.167,nan,nan,nan,nan,nan,0,nan,nan,0,0,0,-0.067,nan,500,fresh
221130,0,0,0,0,0,0,7,0,0,4,19,1,7,0,nan,nan,nan,nan,1.167,nan,nan,1,1,1,1.167,nan,nan,nan,nan,nan,-0.067,nan,nan,0,0,0,-0.067,nan,500,fresh
222198,0,0,0,0,0,0,7,0,0,4,19,1,7,0,nan,nan,nan,nan,1.167,nan,nan,1,1,1,1.167,nan,nan,nan,nan,nan,-0.067,nan,nan,0,0,0,-0.067,nan,500,fresh
223267,0,0,0,0,0,0,7,0,0,4,19,1,7,0,nan,nan,nan,nan,1.167,nan,nan,1,1,1,1.167,nan,nan,nan,nan,nan,-0.067,nan,nan,0,0,0,-0.067,nan,500,fresh
224337,0,0,0,0,0,0,6,0,0,4,19,1,7,0,nan,nan,nan,nan,1,nan,nan,1,1,1,1.167,nan,nan,nan,nan,nan,0,nan,nan,0,0,0,-0.067,nan,500,fresh
225406,0,0,0,0,0,0,6,0,0,4,19,1,7,0,nan,nan,nan,nan,1,nan,nan,1,1,1,1.167,nan,nan,nan,nan,nan,0,nan,nan,0,0,0,-0.067,nan,500,fresh
226475,0,0,0,0,0,0,7,0,0,4,19,1,7,0,nan,nan,nan,nan,1.167,nan,nan,1,1,1,1.167,nan,nan,nan,nan,nan,-0.067,nan,nan,0,0,0,-0.067,nan,500,fresh
227544,0,0,0,0,0,0,6,0,0,4,19,1,7,0,nan,nan,nan,nan,1,nan,nan,1,1,1,1.167,nan,nan,nan,nan,nan,0,nan,nan,0,0,0,-0.067,nan,500,fresh
228614,0,0,0,0,0,0,7,0,0,4,19,1,7,0,nan,nan,nan,nan,1.167,nan,nan,1,1,1,1.167,nan,nan,nan,nan,nan,-0.067,nan,nan,0,0,0,-0.067,nan,500,fresh
229683,0,0,0,0,0,0,7,0,0,3,19,1,7,0,nan,nan,nan,nan,1.167,nan,nan,0.75,1,1,1.167,nan,nan,nan,nan,nan,-0.067,nan,nan,0.125,0,0,-0.067,nan,500,fresh
230752,0,0,0,0,0,0,6,0,0,4,19,1,6,0,nan,nan,nan,nan,1,nan,nan,1,1,1,1,nan,nan,nan,nan,nan,0,nan,nan,0,0,0,0,nan,500,fresh
231822,0,0,0,0,0,0,7,0,0,4,19,1,7,0,nan,nan,nan,nan,1.167,nan,nan,1,1,1,1.167,nan,nan,nan,nan,nan,-0.067,nan,nan,0,0,0,-0.067,nan,500,fresh
232892,0,0,0,0,0,0,7,0,0,4,19,1,7,0,nan,nan,nan,nan,1.167,nan,nan,1,1,1,1.167,nan,nan,nan,nan,nan,-0.067,nan,nan,0,0,0,-0.067,nan,500,fresh
233962,0,0,0,0,0,0,6,0,0,4,19,1,7,0,nan,nan,nan,nan,1,nan,nan,1,1,1,1.167,nan,nan,nan,nan,nan,0,nan,nan,0,0,0,-0.067,nan,500,fresh
235031,0,0,0,0,0,0,6,0,0,4,19,1,7,0,nan,nan,nan,nan,1,nan,nan,1,1,1,1.167,nan,nan,nan,nan,nan,0,nan,nan,0,0,0,-0.067,nan,500,fresh
236100,0,0,0,0,0,0,7,0,0,4,19,1,6,0,nan,nan,nan,nan,1.167,nan,nan,1,1,1,1,nan,nan,nan,nan,nan,-0.067,nan,nan,0,0,0,0,nan,500,fresh
237170,0,0,0,0,0,0,7,0,0,4,19,1,7,0,nan,nan,nan,nan,1.167,nan,nan,1,1,1,1.167,nan,nan,nan,nan,nan,-0.067,nan,nan,0,0,0,-0.067,nan,500,fresh
238240,0,0,0,0,0,0,7,0,0,4,19,1,7,0,nan,nan,nan,nan,1.167,nan,nan,1,1,1,1.167,nan,nan,nan,nan,nan,-0.067,nan,nan,0,0,0,-0.067,nan,500,fresh
239309,0,0,0,0,0,0,7,0,0,4,19,1,6,0,nan,nan,nan,nan,1.167,nan,nan,1,1,1,1,nan,nan,nan,nan,nan,-0.067,nan,nan,0,0,0,0,nan,500,fresh
240379,0,0,0,0,0,0,7,0,0,4,19,1,7,0,nan,nan,nan,nan,1.167,nan,nan,1,1,1,1.167,nan,nan,nan,nan,nan,-0.067,nan,nan,0,0,0,-0.067,nan,500,fresh
241449,0,0,0,0,0,0,7,0,0,4,19,1,6,0,nan,nan,nan,nan,1.167,nan,nan,1,1,1,1,nan,nan,nan,nan,nan,-0.067,nan,nan,0,0,0,0,nan,500,fresh
242519,0,0,0,0,0,0,7,0,0,4,19,1,7,0,nan,nan,nan,nan,1.167,nan,nan,1,1,1,1.167,nan,nan,nan,nan,nan,-0.067,nan,nan,0,0,0,-0.067,nan,500,fresh
243588,0,0,0,0,0,0,7,0,0,4,19,1,6,0,nan,nan,nan,nan,1.167,nan,nan,1,1,1,1,nan,nan,nan,nan,nan,-0.067,nan,nan,0,0,0,0,nan,500,fresh
244657,0,0,0,0,0,0,7,0,0,4,19,1,7,0,nan,nan,nan,nan,1.167,nan,nan,1,1,1,1.167,nan,nan,nan,nan,nan,-0.067,nan,nan,0,0,0,-0.067,nan,500,fresh
245727,0,0,0,0,0,0,7,0,0,4,19,1,7,0,nan,nan,nan,nan,1.167,nan,nan,1,1,1,1.167,nan,nan,nan,nan,nan,-0.067,nan,nan,0,0,0,-0.067,nan,500,fresh
246795,0,0,0,0,0,0,7,0,0,4,19,1,7,0,nan,nan,nan,nan,1.167,nan,nan,1,1,1,1.167,nan,nan,nan,nan,nan,-0.067,nan,nan,0,0,0,-0.067,nan,500,fresh
247864,0,0,0,0,0,0,7,0,0,4,19,1,7,0,nan,nan,nan,nan,1.167,nan,nan,1,1,1,1.167,nan,nan,nan,nan,nan,-0.067,nan,nan,0,0,0,-0.067,nan,500,fresh
248934,0,0,0,0,0,0,7,0,0,4,19,1,7,0,nan,nan,nan,nan,1.167,nan,nan,1,1,1,1.167,nan,nan,nan,nan,nan,-0.067,nan,nan,0,0,0,-0.067,nan,500,fresh
250004,0,0,0,0,0,0,6,0,0,4,19,1,7,0,nan,nan,nan,nan,1,nan,nan,1,1,1,1.167,nan,nan,nan,nan,nan,0,nan,nan,0,0,0,-0.067,nan,500,fresh
251073,0,0,0,0,0,0,7,0,0,4,19,1,7,0,nan,nan,nan,nan,1.167,nan,nan,1,1,1,1.167,nan,nan,nan,nan,nan,-0.067,nan,nan,0,0,0,-0.067,nan,500,fresh
252142,0,0,0,0,0,0,7,0,0,4,19,1,7,0,nan,nan,nan,nan,1.167,nan,nan,1,1,1,1.167,nan,nan,nan,nan,nan,-0.067,nan,nan,0,0,0,-0.067,nan,500,fresh
253212,0,0,0,0,0,0,7,0,0,4,19,1,7,0,nan,nan,nan,nan,1.167,nan,nan,1,1,1,1.167,nan,nan,nan,nan,nan,-0.067,nan,nan,0,0,0,-0.067,nan,500,fresh
254280,0,0,0,0,0,0,7,0,0,4,19,1,6,0,nan,nan,nan,nan,1.167,nan,nan,1,1,1,1,nan,nan,nan,nan,nan,-0.067,nan,nan,0,0,0,0,nan,500,fresh
255350,0,0,0,0,0,0,7,0,0,4,19,1,7,0,nan,nan,nan,nan,1.167,nan,nan,1,1,1,1.167,nan,nan,nan,nan,nan,-0.067,nan,nan,0,0,0,-0.067,nan,500,fresh
256419,0,0,0,0,0,0,7,0,0,4,19,1,7,0,nan,nan,nan,nan,1.167,nan,nan,1,1,1,1.167,nan,nan,nan,nan,nan,-0.067,nan,nan,0,0,0,-0.067,nan,500,fresh
257489,0,0,0,0,0,0,7,0,0,4,19,1,7,0,nan,nan,nan,nan,1.167,nan,nan,1,1,1,1.167,nan,nan,nan,nan,nan,-0.067,nan,nan,0,0,0,-0.067,nan,500,fresh
258559,0,0,0,0,0,0,7,0,0,4,19,1,7,0,nan,nan,nan,nan,1.167,nan,nan,1,1,1,1.167,nan,nan,nan,nan,nan,-0.067,nan,nan,0,0,0,-0.067,nan,500,fresh
259627,0,0,0,0,0,0,7,0,0,4,19,1,7,0,nan,nan,nan,nan,1.167,nan,nan,1,1,1,1.167,nan,nan,nan,nan,nan,-0.067,nan,nan,0,0,0,-0.067,nan,500,fresh
260695,0,0,0,0,0,0,7,0,0,4,19,1,7,0,nan,nan,nan,nan,1.167,nan,nan,1,1,1,1.167,nan,nan,nan,nan,nan,-0.067,nan,nan,0,0,0,-0.067,nan,500,fresh
261765,0,0,0,0,0,0,7,0,0,4,19,1,7,0,nan,nan,nan,nan,1.167,nan,nan,1,1,1,1.167,nan,nan,nan,nan,nan,-0.067,nan,nan,0,0,0,-0.067,nan,500,fresh
262834,0,0,0,0,0,0,7,0,0,4,19,1,7,0,nan,nan,nan,nan,1.167,nan,nan,1,1,1,1.167,nan,nan,nan,nan,nan,-0.067,nan,nan,0,0,0,-0.067,nan,500,fresh
263904,0,0,0,0,0,0,7,0,0,4,19,1,7,0,nan,nan,nan,nan,1.167,nan,nan,1,1,1,1.167,nan,nan,nan,nan,nan,-0.067,nan,nan,0,0,0,-0.067,nan,500,fresh
264974,0,0,0,0,0,0,6,0,0,4,19,1,6,0,nan,nan,nan,nan,1,nan,nan,1,1,1,1,nan,nan,nan,nan,nan,0,nan,nan,0,0,0,0,nan,500,fresh
266042,0,0,0,0,0,0,7,0,0,4,19,1,7,0,nan,nan,nan,nan,1.167,nan,nan,1,1,1,1.167,nan,nan,nan,nan,nan,-0.067,nan,nan,0,0,0,-0.067,nan,500,fresh
267111,0,0,0,0,0,0,7,0,0,4,19,1,7,0,nan,nan,nan,nan,1.167,nan,nan,1,1,1,1.167,nan,nan,nan,nan,nan,-0.067,nan,nan,0,0,0,-0.067,nan,500,fresh
268181,0,0,0,0,0,0,7,0,0,4,19,1,7,0,nan,nan,nan,nan,1.167,nan,nan,1,1,1,1.167,nan,nan,nan,nan,nan,-0.067,nan,nan,0,0,0,-0.067,nan,500,fresh
269251,0,0,0,0,0,0,7,0,0,4,19,1,7,0,nan,nan,nan,nan,1.167,nan,nan,1,1,1,1.167,nan,nan,nan,nan,nan,-0.067,nan,nan,0,0,0,-0.067,nan,500,fresh
270321,0,0,0,0,0,0,6,0,0,4,19,1,7,0,nan,nan,nan,nan,1,nan,nan,1,1,1,1.167,nan,nan,nan,nan,nan,0,nan,nan,0,0,0,-0.067,nan,500,fresh
271390,0,0,0,0,0,0,7,0,0,4,19,1,7,0,nan,nan,nan,nan,1.167,nan,nan,1,1,1,1.167,nan,nan,nan,nan,nan,-0.067,nan,nan,0,0,0,-0.067,nan,500,fresh
272459,0,0,0,0,0,0,7,0,0,4,19,1,6,0,nan,nan,nan,nan,1.167,nan,nan,1,1,1,1,nan,nan,nan,nan,nan,-0.067,nan,nan,0,0,0,0,nan,500,fresh
273528,0,0,0,0,0,0,7,0,0,4,19,1,6,0,nan,nan,nan,nan,1.167,nan,nan,1,1,1,1,nan,nan,nan,nan,nan,-0.067,nan,nan,0,0,0,0,nan,500,fresh
274597,0,0,0,0,0,0,7,0,0,4,19,1,7,0,nan,nan,nan,nan,1.167,nan,nan,1,1,1,1.167,nan,nan,nan,nan,nan,-0.067,nan,nan,0,0,0,-0.067,nan,500,fresh
275667,0,0,0,0,0,0,7,0,0,4,19,1,7,0,nan,nan,nan,nan,1.167,nan,nan,1,1,1,1.167,nan,nan,nan,nan,nan,-0.067,nan,nan,0,0,0,-0.067,nan,500,fresh
276737,0,0,0,0,0,0,6,0,0,4,19,1,7,0,nan,nan,nan,nan,1,nan,nan,1,1,1,1.167,nan,nan,nan,nan,nan,0,nan,nan,0,0,0,-0.067,nan,500,fresh
277806,0,0,0,0,0,0,7,0,0,4,19,1,7,0,nan,nan,nan,nan,1.167,nan,nan,1,1,1,1.167,nan,nan,nan,nan,nan,-0.067,nan,nan,0,0,0,-0.067,nan,500,fresh
278875,0,0,0,0,0,0,6,0,0,4,19,1,6,0,nan,nan,nan,nan,1,nan,nan,1,1,1,1,nan,nan,nan,nan,nan,0,nan,nan,0,0,0,0,nan,500,fresh
279945,0,0,0,0,0,0,7,0,0,4,19,1,7,0,nan,nan,nan,nan,1.167,nan,nan,1,1,1,1.167,nan,nan,nan,nan,nan,-0.067,nan,nan,0,0,0,-0.067,nan,500,fresh
281015,0,0,0,0,0,0,6,0,0,4,19,1,7,0,nan,nan,nan,nan,1,nan,nan,1,1,1,1.167,nan,nan,nan,nan,nan,0,nan,nan,0,0,0,-0.067,nan,500,fresh
282084,0,0,0,0,0,0,7,0,0,4,19,1,7,0,nan,nan,nan,nan,1.167,nan,nan,1,1,1,1.167,nan,nan,nan,nan,nan,-0.067,nan,nan,0,0,0,-0.067,nan,500,fresh
283153,0,0,0,0,0,0,7,0,0,4,19,1,7,0,nan,nan,nan,nan,1.167,nan,nan,1,1,1,1.167,nan,nan,nan,nan,nan,-0.067,nan,nan,0,0,0,-0.067,nan,500,fresh
284222,0,0,0,0,0,0,6,0,0,4,19,1,7,0,nan,nan,nan,nan,1,nan,nan,1,1,1,1.167,nan,nan,nan,nan,nan,0,nan,nan,0,0,0,-0.067,nan,500,fresh
285292,0,0,0,0,0,0,7,0,0,4,19,1,7,0,nan,nan,nan,nan,1.167,nan,nan,1,1,1,1.167,nan,nan,nan,nan,nan,-0.067,nan,nan,0,0,0,-0.067,nan,500,fresh
286361,0,0,0,0,0,0,7,0,0,4,19,1,7,0,nan,nan,nan,nan,1.167,nan,nan,1,1,1,1.167,nan,nan,nan,nan,nan,-0.067,nan,nan,0,0,0,-0.067,nan,500,fresh
287430,0,0,0,0,0,0,7,0,0,4,19,1,7,0,nan,nan,nan,nan,1.167,nan,nan,1,1,1,1.167,nan,nan,nan,nan,nan,-0.067,nan,nan,0,0,0,-0.067,nan,500,fresh
288499,0,0,0,0,0,0,6,0,0,4,19,1,7,0,nan,nan,nan,nan,1,nan,nan,1,1,1,1.167,nan,nan,nan,nan,nan,0,nan,nan,0,0,0,-0.067,nan,500,fresh
289569,0,0,0,0,0,0,7,0,0,4,19,1,7,0,nan,nan,nan,nan,1.167,nan,nan,1,1,1,1.167,nan,nan,nan,nan,nan,-0.067,nan,nan,0,0,0,-0.067,nan,500,fresh
290639,0,0,0,0,0,0,7,0,0,4,19,1,7,0,nan,nan,nan,nan,1.167,nan,nan,1,1,1,1.167,nan,nan,nan,nan,nan,-0.067,nan,nan,0,0,0,-0.067,nan,500,fresh
291709,0,0,0,0,0,0,6,0,0,4,19,1,7,0,nan,nan,nan,nan,1,nan,nan,1,1,1,1.167,nan,nan,nan,nan,nan,0,nan,nan,0,0,0,-0.067,nan,500,fresh
292779,0,0,0,0,0,0,7,0,0,4,19,1,7,0,nan,nan,nan,nan,1.167,nan,nan,1,1,1,1.167,nan,nan,nan,nan,nan,-0.067,nan,nan,0,0,0,-0.067,nan,500,fresh
293848,0,0,0,0,0,0,7,0,0,4,19,1,7,0,nan,nan,nan,nan,1.167,nan,nan,1,1,1,1.167,nan,nan,nan,nan,nan,-0.067,nan,nan,0,0,0,-0.067,nan,500,fresh
294918,0,0,0,0,0,0,7,0,0,4,19,1,7,0,nan,nan,nan,nan,1.167,nan,nan,1,1,1,1.167,nan,nan,nan,nan,nan,-0.067,nan,nan,0,0,0,-0.067,nan,500,fresh
295987,0,0,0,0,0,0,6,0,0,4,19,1,7,0,nan,nan,nan,nan,1,nan,nan,1,1,1,1.167,nan,nan,nan,nan,nan,0,nan,nan,0,0,0,-0.067,nan,500,fresh
297057,0,0,0,0,0,0,7,0,0,4,19,1,6,0,nan,nan,nan,nan,1.167,nan,nan,1,1,1,1,nan,nan,nan,nan,nan,-0.067,nan,nan,0,0,0,0,nan,500,fresh
298126,0,0,0,0,0,0,7,0,0,4,19,1,6,0,nan,nan,nan,nan,1.167,nan,nan,1,1,1,1,nan,nan,nan,nan,nan,-0.067,nan,nan,0,0,0,0,nan,500,fresh
299195,0,0,0,0,0,0,7,0,0,4,19,1,7,0,nan,nan,nan,nan,1.167,nan,nan,1,1,1,1.167,nan,nan,nan,nan,nan,-0.067,nan,nan,0,0,0,-0.067,nan,500,fresh
300265,0,0,0,0,0,0,7,0,0,4,19,1,6,0,nan,nan,nan,nan,1.167,nan,nan,1,1,1,1,nan,nan,nan,nan,nan,-0.067,nan,nan,0,0,0,0,nan,500,fresh
301335,0,0,0,0,0,0,7,0,0,4,19,1,7,0,nan,nan,nan,nan,1.167,nan,nan,1,1,1,1.167,nan,nan,nan,nan,nan,-0.067,nan,nan,0,0,0,-0.067,nan,500,fresh
302405,0,0,0,0,0,0,7,0,0,4,19,1,7,0,nan,nan,nan,nan,1.167,nan,nan,1,1,1,1.167,nan,nan,nan,nan,nan,-0.067,nan,nan,0,0,0,-0.067,nan,500,fresh
303475,0,0,0,0,0,0,7,0,0,4,19,1,7,0,nan,nan,nan,nan,1.167,nan,nan,1,1,1,1.167,nan,nan,nan,nan,nan,-0.067,nan,nan,0,0,0,-0.067,nan,500,fresh
304544,0,0,0,0,0,0,6,0,0,4,19,1,7,0,nan,nan,nan,nan,1,nan,nan,1,1,1,1.167,nan,nan,nan,nan,nan,0,nan,nan,0,0,0,-0.067,nan,500,fresh
305613,0,0,0,0,0,0,6,0,0,4,19,1,7,0,nan,nan,nan,nan,1,nan,nan,1,1,1,1.167,nan,nan,nan,nan,nan,0,nan,nan,0,0,0,-0.067,nan,500,fresh
306683,0,0,0,0,0,0,7,0,0,4,19,1,7,0,nan,nan,nan,nan,1.167,nan,nan,1,1,1,1.167,nan,nan,nan,nan,nan,-0.067,nan,nan,0,0,0,-0.067,nan,500,fresh
307752,0,0,0,0,0,0,7,0,0,3,19,1,7,0,nan,nan,nan,nan,1.167,nan,nan,0.75,1,1,1.167,nan,nan,nan,nan,nan,-0.067,nan,nan,0.125,0,0,-0.067,nan,500,fresh
308821,0,0,0,0,0,0,7,0,0,4,19,1,7,0,nan,nan,nan,nan,1.167,nan,nan,1,1,1,1.167,nan,nan,nan,nan,nan,-0.067,nan,nan,0,0,0,-0.067,nan,500,fresh
309891,0,0,0,0,0,0,7,0,0,4,19,1,6,0,nan,nan,nan,nan,1.167,nan,nan,1,1,1,1,nan,nan,nan,nan,nan,-0.067,nan,nan,0,0,0,0,nan,500,fresh
310960,0,0,0,0,0,0,7,0,0,4,19,1,7,0,nan,nan,nan,nan,1.167,nan,nan,1,1,1,1.167,nan,nan,nan,nan,nan,-0.067,nan,nan,0,0,0,-0.067,nan,500,fresh
312029,0,0,0,0,0,0,7,0,0,4,19,1,6,0,nan,nan,nan,nan,1.167,nan,nan,1,1,1,1,nan,nan,nan,nan,nan,-0.067,nan,nan,0,0,0,0,nan,500,fresh
313098,0,0,0,0,0,0,7,0,0,4,19,1,7,0,nan,nan,nan,nan,1.167,nan,nan,1,1,1,1.167,nan,nan,nan,nan,nan,-0.067,nan,nan,0,0,0,-0.067,nan,500,fresh
323795,0,0,0,0,0,0,7,0,0,4,19,1,7,0,nan,nan,nan,nan,1.167,nan,nan,1,1,1,1.167,nan,nan,nan,nan,nan,-0.067,nan,nan,0,0,0,-0.067,nan,500,fresh
324865,0,0,0,0,0,0,7,0,0,4,19,1,7,0,nan,nan,nan,nan,1.167,nan,nan,1,1,1,1.167,nan,nan,nan,nan,nan,-0.067,nan,nan,0,0,0,-0.067,nan,500,fresh
325934,0,0,0,0,0,0,7,0,0,4,19,1,7,0,nan,nan,nan,nan,1.167,nan,nan,1,1,1,1.167,nan,nan,nan,nan,nan,-0.067,nan,nan,0,0,0,-0.067,nan,500,fresh
327004,0,0,0,0,0,0,7,0,0,4,19,1,7,0,nan,nan,nan,nan,1.167,nan,nan,1,1,1,1.167,nan,nan,nan,nan,nan,-0.067,nan,nan,0,0,0,-0.067,nan,500,fresh
347322,0,0,0,0,0,0,7,0,0,4,20,1,7,0,nan,nan,nan,nan,1.167,nan,nan,1,1.053,1,1.167,nan,nan,nan,nan,nan,-0.067,nan,nan,0,-0.022,0,-0.067,nan,500,fresh
348392,0,0,0,0,0,0,7,0,0,4,20,1,7,0,nan,nan,nan,nan,1.167,nan,nan,1,1.053,1,1.167,nan,nan,nan,nan,nan,-0.067,nan,nan,0,-0.022,0,-0.067,nan,500,fresh
349461,0,0,0,0,0,0,7,0,0,4,19,1,7,0,nan,nan,nan,nan,1.167,nan,nan,1,1,1,1.167,nan,nan,nan,nan,nan,-0.067,nan,nan,0,0,0,-0.067,nan,500,fresh
350530,0,0,0,0,0,0,7,0,0,4,20,1,7,0,nan,nan,nan,nan,1.167,nan,nan,1,1.053,1,1.167,nan,nan,nan,nan,nan,-0.067,nan,nan,0,-0.022,0,-0.067,nan,500,fresh
351600,0,0,0,0,0,0,7,0,0,4,20,1,7,0,nan,nan,nan,nan,1.167,nan,nan,1,1.053,1,1.167,nan,nan,nan,nan,nan,-0.067,nan,nan,0,-0.022,0,-0.067,nan,500,fresh
352669,0,0,0,0,0,0,7,0,0,4,20,1,7,0,nan,nan,nan,nan,1.167,nan,nan,1,1.053,1,1.167,nan,nan,nan,nan,nan,-0.067,nan,nan,0,-0.022,0,-0.067,nan,500,fresh
353738,0,0,0,0,0,0,7,0,0,4,20,1,7,0,nan,nan,nan,nan,1.167,nan,nan,1,1.053,1,1.167,nan,nan,nan,nan,nan,-0.067,nan,nan,0,-0.022,0,-0.067,nan,500,fresh
354807,0,0,0,0,0,0,7,0,0,4,20,1,7,0,nan,nan,nan,nan,1.167,nan,nan,1,1.053,1,1.167,nan,nan,nan,nan,nan,-0.067,nan,nan,0,-0.022,0,-0.067,nan,500,fresh
355876,0,0,0,0,0,0,7,0,0,4,20,1,7,0,nan,nan,nan,nan,1.167,nan,nan,1,1.053,1,1.167,nan,nan,nan,nan,nan,-0.067,nan,nan,0,-0.022,0,-0.067,nan,500,fresh
356945,0,0,0,0,0,0,7,0,0,4,20,1,7,0,nan,nan,nan,nan,1.167,nan,nan,1,1.053,1,1.167,nan,nan,nan,nan,nan,-0.067,nan,nan,0,-0.022,0,-0.067,nan,500,fresh
358014,0,0,0,0,0,0,7,0,0,4,20,1,7,0,nan,nan,nan,nan,1.167,nan,nan,1,1.053,1,1.167,nan,nan,nan,nan,nan,-0.067,nan,nan,0,-0.022,0,-0.067,nan,500,fresh
359084,0,0,0,0,0,0,7,0,0,4,20,1,7,0,nan,nan,nan,nan,1.167,nan,nan,1,1.053,1,1.167,nan,nan,nan,nan,nan,-0.067,nan,nan,0,-0.022,0,-0.067,nan,500,fresh
360154,0,0,0,0,0,0,7,0,0,4,20,1,7,0,nan,nan,nan,nan,1.167,nan,nan,1,1.053,1,1.167,nan,nan,nan,nan,nan,-0.067,nan,nan,0,-0.022,0,-0.067,nan,500,fresh
361224,0,0,0,0,0,0,7,0,0,4,20,1,7,0,nan,nan,nan,nan,1.167,nan,nan,1,1.053,1,1.167,nan,nan,nan,nan,nan,-0.067,nan,nan,0,-0.022,0,-0.067,nan,500,fresh
362294,0,0,0,0,0,0,7,0,0,4,19,1,7,0,nan,nan,nan,nan,1.167,nan,nan,1,1,1,1.167,nan,nan,nan,nan,nan,-0.067,nan,nan,0,0,0,-0.067,nan,500,fresh
363364,0,0,0,0,0,0,7,0,0,4,20,1,7,0,nan,nan,nan,nan,1.167,nan,nan,1,1.053,1,1.167,nan,nan,nan,nan,nan,-0.067,nan,nan,0,-0.022,0,-0.067,nan,500,fresh
364434,0,0,0,0,0,0,7,0,0,4,20,1,7,0,nan,nan,nan,nan,1.167,nan,nan,1,1.053,1,1.167,nan,nan,nan,nan,nan,-0.067,nan,nan,0,-0.022,0,-0.067,nan,500,fresh
365504,0,0,0,0,0,0,7,0,0,4,20,1,7,0,nan,nan,nan,nan,1.167,nan,nan,1,1.053,1,1.167,nan,nan,nan,nan,nan,-0.067,nan,nan,0,-0.022,0,-0.067,nan,500,fresh
366574,0,0,0,0,0,0,7,0,0,4,20,1,7,0,nan,nan,nan,nan,1.167,nan,nan,1,1.053,1,1.167,nan,nan,nan,nan,nan,-0.067,nan,nan,0,-0.022,0,-0.067,nan,500,fresh
367643,0,0,0,0,0,0,7,0,0,4,20,1,7,0,nan,nan,nan,nan,1.167,nan,nan,1,1.053,1,1.167,nan,nan,nan,nan,nan,-0.067,nan,nan,0,-0.022,0,-0.067,nan,500,fresh
368713,0,0,0,0,0,0,7,0,0,4,20,1,7,0,nan,nan,nan,nan,1.167,nan,nan,1,1.053,1,1.167,nan,nan,nan,nan,nan,-0.067,nan,nan,0,-0.022,0,-0.067,nan,500,fresh
369783,0,0,0,0,0,0,7,0,0,4,20,1,7,0,nan,nan,nan,nan,1.167,nan,nan,1,1.053,1,1.167,nan,nan,nan,nan,nan,-0.067,nan,nan,0,-0.022,0,-0.067,nan,500,fresh
370852,0,0,0,0,0,0,7,0,0,4,20,1,7,0,nan,nan,nan,nan,1.167,nan,nan,1,1.053,1,1.167,nan,nan,nan,nan,nan,-0.067,nan,nan,0,-0.022,0,-0.067,nan,500,fresh
371922,0,0,0,0,0,0,7,0,0,4,20,1,7,0,nan,nan,nan,nan,1.167,nan,nan,1,1.053,1,1.167,nan,nan,nan,nan,nan,-0.067,nan,nan,0,-0.022,0,-0.067,nan,500,fresh
372991,0,0,0,0,0,0,7,0,0,4,20,1,7,0,nan,nan,nan,nan,1.167,nan,nan,1,1.053,1,1.167,nan,nan,nan,nan,nan,-0.067,nan,nan,0,-0.022,0,-0.067,nan,500,fresh
374059,0,0,0,0,0,0,7,0,0,4,19,1,7,0,nan,nan,nan,nan,1.167,nan,nan,1,1,1,1.167,nan,nan,nan,nan,nan,-0.067,nan,nan,0,0,0,-0.067,nan,500,fresh
375127,0,0,0,0,0,0,7,0,0,4,20,1,7,0,nan,nan,nan,nan,1.167,nan,nan,1,1.053,1,1.167,nan,nan,nan,nan,nan,-0.067,nan,nan,0,-0.022,0,-0.067,nan,500,fresh
376197,0,0,0,0,0,0,7,0,0,4,20,1,7,0,nan,nan,nan,nan,1.167,nan,nan,1,1.053,1,1.167,nan,nan,nan,nan,nan,-0.067,nan,nan,0,-0.022,0,-0.067,nan,500,fresh
377265,0,0,0,0,0,0,7,0,0,4,19,1,7,0,nan,nan,nan,nan,1.167,nan,nan,1,1,1,1.167,nan,nan,nan,nan,nan,-0.067,nan,nan,0,0,0,-0.067,nan,500,fresh
378333,0,0,0,0,0,0,7,0,0,4,20,1,7,0,nan,nan,nan,nan,1.167,nan,nan,1,1.053,1,1.167,nan,nan,nan,nan,nan,-0.067,nan,nan,0,-0.022,0,-0.067,nan,500,fresh
379403,0,0,0,0,0,0,7,0,0,4,20,1,7,0,nan,nan,nan,nan,1.167,nan,nan,1,1.053,1,1.167,nan,nan,nan,nan,nan,-0.067,nan,nan,0,-0.022,0,-0.067,nan,500,fresh
380473,0,0,0,0,0,0,7,0,0,4,20,1,7,0,nan,nan,nan,nan,1.167,nan,nan,1,1.053,1,1.167,nan,nan,nan,nan,nan,-0.067,nan,nan,0,-0.022,0,-0.067,nan,500,fresh
381542,0,0,0,0,0,0,7,0,0,4,20,1,7,0,nan,nan,nan,nan,1.167,nan,nan,1,1.053,1,1.167,nan,nan,nan,nan,nan,-0.067,nan,nan,0,-0.022,0,-0.067,nan,500,fresh
382612,0,0,0,0,0,0,7,0,0,4,20,1,7,0,nan,nan,nan,nan,1.167,nan,nan,1,1.053,1,1.167,nan,nan,nan,nan,nan,-0.067,nan,nan,0,-0.022,0,-0.067,nan,500,fresh
383681,0,0,0,0,0,0,7,0,0,4,19,1,7,0,nan,nan,nan,nan,1.167,nan,nan,1,1,1,1.167,nan,nan,nan,nan,nan,-0.067,nan,nan,0,0,0,-0.067,nan,500,fresh
384750,0,0,0,0,0,0,7,0,0,4,20,1,7,0,nan,nan,nan,nan,1.167,nan,nan,1,1.053,1,1.167,nan,nan,nan,nan,nan,-0.067,nan,nan,0,-0.022,0,-0.067,nan,500,fresh
385819,0,0,0,0,0,0,7,0,0,4,20,1,7,0,nan,nan,nan,nan,1.167,nan,nan,1,1.053,1,1.167,nan,nan,nan,nan,nan,-0.067,nan,nan,0,-0.022,0,-0.067,nan,500,fresh
386889,0,0,0,0,0,0,6,0,0,4,19,1,7,0,nan,nan,nan,nan,1,nan,nan,1,1,1,1.167,nan,nan,nan,nan,nan,0,nan,nan,0,0,0,-0.067,nan,500,fresh
387957,0,0,0,0,0,0,7,0,0,4,20,1,7,0,nan,nan,nan,nan,1.167,nan,nan,1,1.053,1,1.167,nan,nan,nan,nan,nan,-0.067,nan,nan,0,-0.022,0,-0.067,nan,500,fresh
389027,0,0,0,0,0,0,7,0,0,4,20,1,7,0,nan,nan,nan,nan,1.167,nan,nan,1,1.053,1,1.167,nan,nan,nan,nan,nan,-0.067,nan,nan,0,-0.022,0,-0.067,nan,500,fresh
390096,0,0,0,0,0,0,7,0,0,4,20,1,7,0,nan,nan,nan,nan,1.167,nan,nan,1,1.053,1,1.167,nan,nan,nan,nan,nan,-0.067,nan,nan,0,-0.022,0,-0.067,nan,500,fresh
391165,0,0,0,0,0,0,7,0,0,4,20,1,7,0,nan,nan,nan,nan,1.167,nan,nan,1,1.053,1,1.167,nan,nan,nan,nan,nan,-0.067,nan,nan,0,-0.022,0,-0.067,nan,500,fresh
392235,0,0,0,0,0,0,7,0,0,4,19,1,7,0,nan,nan,nan,nan,1.167,nan,nan,1,1,1,1.167,nan,nan,nan,nan,nan,-0.067,nan,nan,0,0,0,-0.067,nan,500,fresh
393304,0,0,0,0,0,0,7,0,0,4,19,1,7,0,nan,nan,nan,nan,1.167,nan,nan,1,1,1,1.167,nan,nan,nan,nan,nan,-0.067,nan,nan,0,0,0,-0.067,nan,500,fresh
394373,0,0,0,0,0,0,7,0,0,4,19,1,7,0,nan,nan,nan,nan,1.167,nan,nan,1,1,1,1.167,nan,nan,nan,nan,nan,-0.067,nan,nan,0,0,0,-0.067,nan,500,fresh
395443,0,0,0,0,0,0,7,0,0,4,19,1,7,0,nan,nan,nan,nan,1.167,nan,nan,1,1,1,1.167,nan,nan,nan,nan,nan,-0.067,nan,nan,0,0,0,-0.067,nan,500,fresh
396513,0,0,0,0,0,0,7,0,0,4,19,1,7,0,nan,nan,nan,nan,1.167,nan,nan,1,1,1,1.167,nan,nan,nan,nan,nan,-0.067,nan,nan,0,0,0,-0.067,nan,500,fresh
397582,0,0,0,0,0,0,7,0,0,4,20,1,7,0,nan,nan,nan,nan,1.167,nan,nan,1,1.053,1,1.167,nan,nan,nan,nan,nan,-0.067,nan,nan,0,-0.022,0,-0.067,nan,500,fresh
398651,0,0,0,0,0,0,7,0,0,4,19,1,7,0,nan,nan,nan,nan,1.167,nan,nan,1,1,1,1.167,nan,nan,nan,nan,nan,-0.067,nan,nan,0,0,0,-0.067,nan,500,fresh
399720,0,0,0,0,0,0,7,0,0,4,20,1,7,0,nan,nan,nan,nan,1.167,nan,nan,1,1.053,1,1.167,nan,nan,nan,nan,nan,-0.067,nan,nan,0,-0.022,0,-0.067,nan,500,fresh
400789,0,0,0,0,0,0,7,0,0,4,20,1,7,0,nan,nan,nan,nan,1.167,nan,nan,1,1.053,1,1.167,nan,nan,nan,nan,nan,-0.067,nan,nan,0,-0.022,0,-0.067,nan,500,fresh
401859,0,0,0,0,0,0,7,0,0,4,19,1,7,0,nan,nan,nan,nan,1.167,nan,nan,1,1,1,1.167,nan,nan,nan,nan,nan,-0.067,nan,nan,0,0,0,-0.067,nan,500,fresh
402928,0,0,0,0,0,0,7,0,0,4,20,1,7,0,nan,nan,nan,nan,1.167,nan,nan,1,1.053,1,1.167,nan,nan,nan,nan,nan,-0.067,nan,nan,0,-0.022,0,-0.067,nan,500,fresh
403997,0,0,0,0,0,0,7,0,0,4,19,1,7,0,nan,nan,nan,nan,1.167,nan,nan,1,1,1,1.167,nan,nan,nan,nan,nan,-0.067,nan,nan,0,0,0,-0.067,nan,500,fresh
405067,0,0,0,0,0,0,7,0,0,4,19,1,7,0,nan,nan,nan,nan,1.167,nan,nan,1,1,1,1.167,nan,nan,nan,nan,nan,-0.067,nan,nan,0,0,0,-0.067,nan,500,fresh
406136,0,0,0,0,0,0,6,0,0,4,19,1,7,0,nan,nan,nan,nan,1,nan,nan,1,1,1,1.167,nan,nan,nan,nan,nan,0,nan,nan,0,0,0,-0.067,nan,500,fresh
407206,0,0,0,0,0,0,7,0,0,4,19,1,7,0,nan,nan,nan,nan,1.167,nan,nan,1,1,1,1.167,nan,nan,nan,nan,nan,-0.067,nan,nan,0,0,0,-0.067,nan,500,fresh
408276,0,0,0,0,0,0,7,0,0,4,19,1,7,0,nan,nan,nan,nan,1.167,nan,nan,1,1,1,1.167,nan,nan,nan,nan,nan,-0.067,nan,nan,0,0,0,-0.067,nan,500,fresh
409345,0,0,0,0,0,0,7,0,0,4,19,1,7,0,nan,nan,nan,nan,1.167,nan,nan,1,1,1,1.167,nan,nan,nan,nan,nan,-0.067,nan,nan,0,0,0,-0.067,nan,500,fresh
410415,0,0,0,0,0,0,7,0,0,4,19,1,7,0,nan,nan,nan,nan,1.167,nan,nan,1,1,1,1.167,nan,nan,nan,nan,nan,-0.067,nan,nan,0,0,0,-0.067,nan,500,fresh
411485,0,0,0,0,0,0,7,0,0,4,19,1,7,0,nan,nan,nan,nan,1.167,nan,nan,1,1,1,1.167,nan,nan,nan,nan,nan,-0.067,nan,nan,0,0,0,-0.067,nan,500,fresh
412555,0,0,0,0,0,0,7,0,0,4,19,1,7,0,nan,nan,nan,nan,1.167,nan,nan,1,1,1,1.167,nan,nan,nan,nan,nan,-0.067,nan,nan,0,0,0,-0.067,nan,500,fresh
413625,0,0,0,0,0,0,7,0,0,4,19,1,7,0,nan,nan,nan,nan,1.167,nan,nan,1,1,1,1.167,nan,nan,nan,nan,nan,-0.067,nan,nan,0,0,0,-0.067,nan,500,fresh
414694,0,0,0,0,0,0,7,0,0,4,19,1,7,0,nan,nan,nan,nan,1.167,nan,nan,1,1,1,1.167,nan,nan,nan,nan,nan,-0.067,nan,nan,0,0,0,-0.067,nan,500,fresh
415763,0,0,0,0,0,0,7,0,0,4,19,1,7,0,nan,nan,nan,nan,1.167,nan,nan,1,1,1,1.167,nan,nan,nan,nan,nan,-0.067,nan,nan,0,0,0,-0.067,nan,500,fresh
416832,0,0,0,0,0,0,7,0,0,4,19,1,7,0,nan,nan,nan,nan,1.167,nan,nan,1,1,1,1.167,nan,nan,nan,nan,nan,-0.067,nan,nan,0,0,0,-0.067,nan,500,fresh
417901,0,0,0,0,0,0,7,0,0,4,19,1,7,0,nan,nan,nan,nan,1.167,nan,nan,1,1,1,1.167,nan,nan,nan,nan,nan,-0.067,nan,nan,0,0,0,-0.067,nan,500,fresh
418971,0,0,0,0,0,0,7,0,0,4,19,1,7,0,nan,nan,nan,nan,1.167,nan,nan,1,1,1,1.167,nan,nan,nan,nan,nan,-0.067,nan,nan,0,0,0,-0.067,nan,500,fresh
420041,0,0,0,0,0,0,7,0,0,4,19,1,7,0,nan,nan,nan,nan,1.167,nan,nan,1,1,1,1.167,nan,nan,nan,nan,nan,-0.067,nan,nan,0,0,0,-0.067,nan,500,fresh
421111,0,0,0,0,0,0,7,0,0,4,19,1,7,0,nan,nan,nan,nan,1.167,nan,nan,1,1,1,1.167,nan,nan,nan,nan,nan,-0.067,nan,nan,0,0,0,-0.067,nan,500,fresh
422181,0,0,0,0,0,0,7,0,0,4,20,1,7,0,nan,nan,nan,nan,1.167,nan,nan,1,1.053,1,1.167,nan,nan,nan,nan,nan,-0.067,nan,nan,0,-0.022,0,-0.067,nan,500,fresh
423250,0,0,0,0,0,0,7,0,0,4,19,1,7,0,nan,nan,nan,nan,1.167,nan,nan,1,1,1,1.167,nan,nan,nan,nan,nan,-0.067,nan,nan,0,0,0,-0.067,nan,500,fresh
424319,0,0,0,0,0,0,7,0,0,4,19,1,7,0,nan,nan,nan,nan,1.167,nan,nan,1,1,1,1.167,nan,nan,nan,nan,nan,-0.067,nan,nan,0,0,0,-0.067,nan,500,fresh
425389,0,0,0,0,0,0,7,0,0,4,19,1,7,0,nan,nan,nan,nan,1.167,nan,nan,1,1,1,1.167,nan,nan,nan,nan,nan,-0.067,nan,nan,0,0,0,-0.067,nan,500,fresh
426457,0,0,0,0,0,0,7,0,0,4,20,1,7,0,nan,nan,nan,nan,1.167,nan,nan,1,1.053,1,1.167,nan,nan,nan,nan,nan,-0.067,nan,nan,0,-0.022,0,-0.067,nan,500,fresh
427527,0,0,0,0,0,0,7,0,0,4,19,1,7,0,nan,nan,nan,nan,1.167,nan,nan,1,1,1,1.167,nan,nan,nan,nan,nan,-0.067,nan,nan,0,0,0,-0.067,nan,500,fresh
428597,0,0,0,0,0,0,7,0,0,4,19,1,7,0,nan,nan,nan,nan,1.167,nan,nan,1,1,1,1.167,nan,nan,nan,nan,nan,-0.067,nan,nan,0,0,0,-0.067,nan,500,fresh
429666,0,0,0,0,0,0,7,0,0,4,19,1,7,0,nan,nan,nan,nan,1.167,nan,nan,1,1,1,1.167,nan,nan,nan,nan,nan,-0.067,nan,nan,0,0,0,-0.067,nan,500,fresh
430736,0,0,0,0,0,0,7,0,0,4,19,1,7,0,nan,nan,nan,nan,1.167,nan,nan,1,1,1,1.167,nan,nan,nan,nan,nan,-0.067,nan,nan,0,0,0,-0.067,nan,500,fresh
431806,0,0,0,0,0,0,7,0,0,4,19,1,7,0,nan,nan,nan,nan,1.167,nan,nan,1,1,1,1.167,nan,nan,nan,nan,nan,-0.067,nan,nan,0,0,0,-0.067,nan,500,fresh
432875,0,0,0,0,0,0,7,0,0,4,19,1,7,0,nan,nan,nan,nan,1.167,nan,nan,1,1,1,1.167,nan,nan,nan,nan,nan,-0.067,nan,nan,0,0,0,-0.067,nan,500,fresh
433945,0,0,0,0,0,0,7,0,0,4,19,1,7,0,nan,nan,nan,nan,1.167,nan,nan,1,1,1,1.167,nan,nan,nan,nan,nan,-0.067,nan,nan,0,0,0,-0.067,nan,500,fresh
435015,0,0,0,0,0,0,7,0,0,4,19,1,7,0,nan,nan,nan,nan,1.167,nan,nan,1,1,1,1.167,nan,nan,nan,nan,nan,-0.067,nan,nan,0,0,0,-0.067,nan,500,fresh
436085,0,0,0,0,0,0,7,0,0,4,19,1,7,0,nan,nan,nan,nan,1.167,nan,nan,1,1,1,1.167,nan,nan,nan,nan,nan,-0.067,nan,nan,0,0,0,-0.067,nan,500,fresh
437154,0,0,0,0,0,0,7,0,0,4,19,1,7,0,nan,nan,nan,nan,1.167,nan,nan,1,1,1,1.167,nan,nan,nan,nan,nan,-0.067,nan,nan,0,0,0,-0.067,nan,500,fresh
438224,0,0,0,0,0,0,7,0,0,4,19,1,7,0,nan,nan,nan,nan,1.167,nan,nan,1,1,1,1.167,nan,nan,nan,nan,nan,-0.067,nan,nan,0,0,0,-0.067,nan,500,fresh
50008,0,0,0,0,0,0,7,0,0,4,19,1,7,0,nan,nan,nan,nan,1.167,nan,nan,1,1,1,1.167,nan,nan,nan,nan,nan,-0.067,nan,nan,0,0,0,-0.067,nan,500,fresh
51077,0,0,0,0,0,0,6,0,0,4,19,1,7,0,nan,nan,nan,nan,1,nan,nan,1,1,1,1.167,nan,nan,nan,nan,nan,0,nan,nan,0,0,0,-0.067,nan,500,fresh
52146,0,0,0,0,0,0,7,0,0,4,19,1,7,0,nan,nan,nan,nan,1.167,nan,nan,1,1,1,1.167,nan,nan,nan,nan,nan,-0.067,nan,nan,0,0,0,-0.067,nan,500,fresh
53216,0,0,0,0,0,0,7,0,0,4,19,1,6,0,nan,nan,nan,nan,1.167,nan,nan,1,1,1,1,nan,nan,nan,nan,nan,-0.067,nan,nan,0,0,0,0,nan,500,fresh
54285,0,0,0,0,0,0,7,0,0,4,19,1,7,0,nan,nan,nan,nan,1.167,nan,nan,1,1,1,1.167,nan,nan,nan,nan,nan,-0.067,nan,nan,0,0,0,-0.067,nan,500,fresh
55355,0,0,0,0,0,0,7,0,0,4,19,1,6,0,nan,nan,nan,nan,1.167,nan,nan,1,1,1,1,nan,nan,nan,nan,nan,-0.067,nan,nan,0,0,0,0,nan,500,fresh
56425,0,0,0,0,0,0,7,0,0,4,19,1,7,0,nan,nan,nan,nan,1.167,nan,nan,1,1,1,1.167,nan,nan,nan,nan,nan,-0.067,nan,nan,0,0,0,-0.067,nan,500,fresh
57495,0,0,0,0,0,0,7,0,0,4,19,1,7,0,nan,nan,nan,nan,1.167,nan,nan,1,1,1,1.167,nan,nan,nan,nan,nan,-0.067,nan,nan,0,0,0,-0.067,nan,500,fresh
58564,0,0,0,0,0,0,7,0,0,4,19,1,7,0,nan,nan,nan,nan,1.167,nan,nan,1,1,1,1.167,nan,nan,nan,nan,nan,-0.067,nan,nan,0,0,0,-0.067,nan,500,fresh
59634,0,0,0,0,0,0,7,0,0,4,19,1,7,0,nan,nan,nan,nan,1.167,nan,nan,1,1,1,1.167,nan,nan,nan,nan,nan,-0.067,nan,nan,0,0,0,-0.067,nan,500,fresh
60704,0,0,0,0,0,0,7,0,0,4,19,1,7,0,nan,nan,nan,nan,1.167,nan,nan,1,1,1,1.167,nan,nan,nan,nan,nan,-0.067,nan,nan,0,0,0,-0.067,nan,500,fresh
61774,0,0,0,0,0,0,7,0,0,4,19,1,7,0,nan,nan,nan,nan,1.167,nan,nan,1,1,1,1.167,nan,nan,nan,nan,nan,-0.067,nan,nan,0,0,0,-0.067,nan,500,fresh
62844,0,0,0,0,0,0,6,0,0,4,19,1,7,0,nan,nan,nan,nan,1,nan,nan,1,1,1,1.167,nan,nan,nan,nan,nan,0,nan,nan,0,0,0,-0.067,nan,500,fresh
63913,0,0,0,0,0,0,7,0,0,4,19,1,7,0,nan,nan,nan,nan,1.167,nan,nan,1,1,1,1.167,nan,nan,nan,nan,nan,-0.067,nan,nan,0,0,0,-0.067,nan,500,fresh
64983,0,0,0,0,0,0,7,0,0,4,19,1,7,0,nan,nan,nan,nan,1.167,nan,nan,1,1,1,1.167,nan,nan,nan,nan,nan,-0.067,nan,nan,0,0,0,-0.067,nan,500,fresh
66053,0,0,0,0,0,0,7,0,0,4,19,1,7,0,nan,nan,nan,nan,1.167,nan,nan,1,1,1,1.167,nan,nan,nan,nan,nan,-0.067,nan,nan,0,0,0,-0.067,nan,500,fresh
67123,0,0,0,0,0,0,7,0,0,4,19,1,7,0,nan,nan,nan,nan,1.167,nan,nan,1,1,1,1.167,nan,nan,nan,nan,nan,-0.067,nan,nan,0,0,0,-0.067,nan,500,fresh
68193,0,0,0,0,0,0,7,0,0,4,19,1,7,0,nan,nan,nan,nan,1.167,nan,nan,1,1,1,1.167,nan,nan,nan,nan,nan,-0.067,nan,nan,0,0,0,-0.067,nan,500,fresh
69263,0,0,0,0,0,0,7,0,0,4,19,1,7,0,nan,nan,nan,nan,1.167,nan,nan,1,1,1,1.167,nan,nan,nan,nan,nan,-0.067,nan,nan,0,0,0,-0.067,nan,500,fresh
70333,0,0,0,0,0,0,7,0,0,4,19,1,7,0,nan,nan,nan,nan,1.167,nan,nan,1,1,1,1.167,nan,nan,nan,nan,nan,-0.067,nan,nan,0,0,0,-0.067,nan,500,fresh
71403,0,0,0,0,0,0,7,0,0,4,19,1,7,0,nan,nan,nan,nan,1.167,nan,nan,1,1,1,1.167,nan,nan,nan,nan,nan,-0.067,nan,nan,0,0,0,-0.067,nan,500,fresh
72473,0,0,0,0,0,0,6,0,0,4,19,1,7,0,nan,nan,nan,nan,1,nan,nan,1,1,1,1.167,nan,nan,nan,nan,nan,0,nan,nan,0,0,0,-0.067,nan,500,fresh
73542,0,0,0,0,0,0,7,0,0,4,19,1,6,0,nan,nan,nan,nan,1.167,nan,nan,1,1,1,1,nan,nan,nan,nan,nan,-0.067,nan,nan,0,0,0,0,nan,500,fresh
74611,0,0,0,0,0,0,7,0,0,4,19,1,7,0,nan,nan,nan,nan,1.167,nan,nan,1,1,1,1.167,nan,nan,nan,nan,nan,-0.067,nan,nan,0,0,0,-0.067,nan,500,fresh
75681,0,0,0,0,0,0,7,0,0,4,19,1,7,0,nan,nan,nan,nan,1.167,nan,nan,1,1,1,1.167,nan,nan,nan,nan,nan,-0.067,nan,nan,0,0,0,-0.067,nan,500,fresh
76751,0,0,0,0,0,0,7,0,0,4,19,1,7,0,nan,nan,nan,nan,1.167,nan,nan,1,1,1,1.167,nan,nan,nan,nan,nan,-0.067,nan,nan,0,0,0,-0.067,nan,500,fresh
77821,0,0,0,0,0,0,7,0,0,4,19,1,7,0,nan,nan,nan,nan,1.167,nan,nan,1,1,1,1.167,nan,nan,nan,nan,nan,-0.067,nan,nan,0,0,0,-0.067,nan,500,fresh
78891,0,0,0,0,0,0,7,0,0,4,19,1,7,0,nan,nan,nan,nan,1.167,nan,nan,1,1,1,1.167,nan,nan,nan,nan,nan,-0.067,nan,nan,0,0,0,-0.067,nan,500,fresh
79960,0,0,0,0,0,0,7,0,0,4,19,1,6,0,nan,nan,nan,nan,1.167,nan,nan,1,1,1,1,nan,nan,nan,nan,nan,-0.067,nan,nan,0,0,0,0,nan,500,fresh
81030,0,0,0,0,0,0,6,0,0,4,19,1,7,0,nan,nan,nan,nan,1,nan,nan,1,1,1,1.167,nan,nan,nan,nan,nan,0,nan,nan,0,0,0,-0.067,nan,500,fresh
82099,0,0,0,0,0,0,7,0,0,4,19,1,7,0,nan,nan,nan,nan,1.167,nan,nan,1,1,1,1.167,nan,nan,nan,nan,nan,-0.067,nan,nan,0,0,0,-0.067,nan,500,fresh
83168,0,0,0,0,0,0,7,0,0,4,19,1,7,0,nan,nan,nan,nan,1.167,nan,nan,1,1,1,1.167,nan,nan,nan,nan,nan,-0.067,nan,nan,0,0,0,-0.067,nan,500,fresh
84238,0,0,0,0,0,0,7,0,0,4,19,1,6,0,nan,nan,nan,nan,1.167,nan,nan,1,1,1,1,nan,nan,nan,nan,nan,-0.067,nan,nan,0,0,0,0,nan,500,fresh
85308,0,0,0,0,0,0,7,0,0,4,19,1,7,0,nan,nan,nan,nan,1.167,nan,nan,1,1,1,1.167,nan,nan,nan,nan,nan,-0.067,nan,nan,0,0,0,-0.067,nan,500,fresh
86377,0,0,0,0,0,0,7,0,0,4,19,1,7,0,nan,nan,nan,nan,1.167,nan,nan,1,1,1,1.167,nan,nan,nan,nan,nan,-0.067,nan,nan,0,0,0,-0.067,nan,500,fresh
87447,0,0,0,0,0,0,7,0,0,4,19,1,7,0,nan,nan,nan,nan,1.167,nan,nan,1,1,1,1.167,nan,nan,nan,nan,nan,-0.067,nan,nan,0,0,0,-0.067,nan,500,fresh
88516,0,0,0,0,0,0,6,0,0,4,19,1,7,0,nan,nan,nan,nan,1,nan,nan,1,1,1,1.167,nan,nan,nan,nan,nan,0,nan,nan,0,0,0,-0.067,nan,500,fresh
89586,0,0,0,0,0,0,7,0,0,4,19,1,7,0,nan,nan,nan,nan,1.167,nan,nan,1,1,1,1.167,nan,nan,nan,nan,nan,-0.067,nan,nan,0,0,0,-0.067,nan,500,fresh
90655,0,0,0,0,0,0,7,0,0,4,19,1,7,0,nan,nan,nan,nan,1.167,nan,nan,1,1,1,1.167,nan,nan,nan,nan,nan,-0.067,nan,nan,0,0,0,-0.067,nan,500,fresh
91723,0,0,0,0,0,0,7,0,0,4,19,1,7,0,nan,nan,nan,nan,1.167,nan,nan,1,1,1,1.167,nan,nan,nan,nan,nan,-0.067,nan,nan,0,0,0,-0.067,nan,500,fresh
92792,0,0,0,0,0,0,7,0,0,4,19,1,7,0,nan,nan,nan,nan,1.167,nan,nan,1,1,1,1.167,nan,nan,nan,nan,nan,-0.067,nan,nan,0,0,0,-0.067,nan,500,fresh
93862,0,0,0,0,0,0,6,0,0,4,19,1,7,0,nan,nan,nan,nan,1,nan,nan,1,1,1,1.167,nan,nan,nan,nan,nan,0,nan,nan,0,0,0,-0.067,nan,500,fresh
94931,0,0,0,0,0,0,7,0,0,4,19,1,7,0,nan,nan,nan,nan,1.167,nan,nan,1,1,1,1.167,nan,nan,nan,nan,nan,-0.067,nan,nan,0,0,0,-0.067,nan,500,fresh
96000,0,0,0,0,0,0,7,0,0,4,19,1,7,0,nan,nan,nan,nan,1.167,nan,nan,1,1,1,1.167,nan,nan,nan,nan,nan,-0.067,nan,nan,0,0,0,-0.067,nan,500,fresh
97069,0,0,0,0,0,0,7,0,0,4,19,1,7,0,nan,nan,nan,nan,1.167,nan,nan,1,1,1,1.167,nan,nan,nan,nan,nan,-0.067,nan,nan,0,0,0,-0.067,nan,500,fresh
98138,0,0,0,0,0,0,7,0,0,4,19,1,7,0,nan,nan,nan,nan,1.167,nan,nan,1,1,1,1.167,nan,nan,nan,nan,nan,-0.067,nan,nan,0,0,0,-0.067,nan,500,fresh
99207,0,0,0,0,0,0,7,0,0,4,19,1,7,0,nan,nan,nan,nan,1.167,nan,nan,1,1,1,1.167,nan,nan,nan,nan,nan,-0.067,nan,nan,0,0,0,-0.067,nan,500,fresh
100276,0,0,0,0,0,0,7,0,0,4,19,1,7,0,nan,nan,nan,nan,1.167,nan,nan,1,1,1,1.167,nan,nan,nan,nan,nan,-0.067,nan,nan,0,0,0,-0.067,nan,500,fresh
101346,0,0,0,0,0,0,7,0,0,4,19,1,7,0,nan,nan,nan,nan,1.167,nan,nan,1,1,1,1.167,nan,nan,nan,nan,nan,-0.067,nan,nan,0,0,0,-0.067,nan,500,fresh
102416,0,0,0,0,0,0,7,0,0,4,19,1,7,0,nan,nan,nan,nan,1.167,nan,nan,1,1,1,1.167,nan,nan,nan,nan,nan,-0.067,nan,nan,0,0,0,-0.067,nan,500,fresh
103485,0,0,0,0,0,0,7,0,0,3,19,1,7,0,nan,nan,nan,nan,1.167,nan,nan,0.75,1,1,1.167,nan,nan,nan,nan,nan,-0.067,nan,nan,0.125,0,0,-0.067,nan,500,fresh
104555,0,0,0,0,0,0,6,0,0,4,19,1,7,0,nan,nan,nan,nan,1,nan,nan,1,1,1,1.167,nan,nan,nan,nan,nan,0,nan,nan,0,0,0,-0.067,nan,500,fresh
105625,0,0,0,0,0,0,7,0,0,4,19,1,7,0,nan,nan,nan,nan,1.167,nan,nan,1,1,1,1.167,nan,nan,nan,nan,nan,-0.067,nan,nan,0,0,0,-0.067,nan,500,fresh
106694,0,0,0,0,0,0,7,0,0,4,19,1,7,0,nan,nan,nan,nan,1.167,nan,nan,1,1,1,1.167,nan,nan,nan,nan,nan,-0.067,nan,nan,0,0,0,-0.067,nan,500,fresh
107763,0,0,0,0,0,0,7,0,0,4,19,1,7,0,nan,nan,nan,nan,1.167,nan,nan,1,1,1,1.167,nan,nan,nan,nan,nan,-0.067,nan,nan,0,0,0,-0.067,nan,500,fresh
108833,0,0,0,0,0,0,7,0,0,4,19,1,7,0,nan,nan,nan,nan,1.167,nan,nan,1,1,1,1.167,nan,nan,nan,nan,nan,-0.067,nan,nan,0,0,0,-0.067,nan,500,fresh
109903,0,0,0,0,0,0,7,0,0,4,19,1,7,0,nan,nan,nan,nan,1.167,nan,nan,1,1,1,1.167,nan,nan,nan,nan,nan,-0.067,nan,nan,0,0,0,-0.067,nan,500,fresh
110971,0,0,0,0,0,0,7,0,0,4,19,1,7,0,nan,nan,nan,nan,1.167,nan,nan,1,1,1,1.167,nan,nan,nan,nan,nan,-0.067,nan,nan,0,0,0,-0.067,nan,500,fresh
112041,0,0,0,0,0,0,7,0,0,4,19,1,7,0,nan,nan,nan,nan,1.167,nan,nan,1,1,1,1.167,nan,nan,nan,nan,nan,-0.067,nan,nan,0,0,0,-0.067,nan,500,fresh
113111,0,0,0,0,0,0,7,0,0,4,19,1,7,0,nan,nan,nan,nan,1.167,nan,nan,1,1,1,1.167,nan,nan,nan,nan,nan,-0.067,nan,nan,0,0,0,-0.067,nan,500,fresh
114180,0,0,0,0,0,0,7,0,0,4,19,1,7,0,nan,nan,nan,nan,1.167,nan,nan,1,1,1,1.167,nan,nan,nan,nan,nan,-0.067,nan,nan,0,0,0,-0.067,nan,500,fresh
115250,0,0,0,0,0,0,7,0,0,4,19,1,7,0,nan,nan,nan,nan,1.167,nan,nan,1,1,1,1.167,nan,nan,nan,nan,nan,-0.067,nan,nan,0,0,0,-0.067,nan,500,fresh
116319,0,0,0,0,0,0,7,0,0,4,19,1,7,0,nan,nan,nan,nan,1.167,nan,nan,1,1,1,1.167,nan,nan,nan,nan,nan,-0.067,nan,nan,0,0,0,-0.067,nan,500,fresh
117388,0,0,0,0,0,0,7,0,0,4,19,1,7,0,nan,nan,nan,nan,1.167,nan,nan,1,1,1,1.167,nan,nan,nan,nan,nan,-0.067,nan,nan,0,0,0,-0.067,nan,500,fresh
118457,0,0,0,0,0,0,7,0,0,4,19,1,7,0,nan,nan,nan,nan,1.167,nan,nan,1,1,1,1.167,nan,nan,nan,nan,nan,-0.067,nan,nan,0,0,0,-0.067,nan,500,fresh
119526,0,0,0,0,0,0,7,0,0,4,19,1,7,0,nan,nan,nan,nan,1.167,nan,nan,1,1,1,1.167,nan,nan,nan,nan,nan,-0.067,nan,nan,0,0,0,-0.067,nan,500,fresh
120596,0,0,0,0,0,0,7,0,0,4,19,1,7,0,nan,nan,nan,nan,1.167,nan,nan,1,1,1,1.167,nan,nan,nan,nan,nan,-0.067,nan,nan,0,0,0,-0.067,nan,500,fresh
121664,0,0,0,0,0,0,7,0,0,4,19,1,7,0,nan,nan,nan,nan,1.167,nan,nan,1,1,1,1.167,nan,nan,nan,nan,nan,-0.067,nan,nan,0,0,0,-0.067,nan,500,fresh
122733,0,0,0,0,0,0,6,0,0,4,19,1,7,0,nan,nan,nan,nan,1,nan,nan,1,1,1,1.167,nan,nan,nan,nan,nan,0,nan,nan,0,0,0,-0.067,nan,500,fresh
123803,0,0,0,0,0,0,7,0,0,4,19,1,7,0,nan,nan,nan,nan,1.167,nan,nan,1,1,1,1.167,nan,nan,nan,nan,nan,-0.067,nan,nan,0,0,0,-0.067,nan,500,fresh
124872,0,0,0,0,0,0,7,0,0,4,19,1,7,0,nan,nan,nan,nan,1.167,nan,nan,1,1,1,1.167,nan,nan,nan,nan,nan,-0.067,nan,nan,0,0,0,-0.067,nan,500,fresh
125941,0,0,0,0,0,0,7,0,0,4,19,1,7,0,nan,nan,nan,nan,1.167,nan,nan,1,1,1,1.167,nan,nan,nan,nan,nan,-0.067,nan,nan,0,0,0,-0.067,nan,500,fresh
127011,0,0,0,0,0,0,7,0,0,4,19,1,7,0,nan,nan,nan,nan,1.167,nan,nan,1,1,1,1.167,nan,nan,nan,nan,nan,-0.067,nan,nan,0,0,0,-0.067,nan,500,fresh
128081,0,0,0,0,0,0,7,0,0,4,19,1,7,0,nan,nan,nan,nan,1.167,nan,nan,1,1,1,1.167,nan,nan,nan,nan,nan,-0.067,nan,nan,0,0,0,-0.067,nan,500,fresh
129149,0,0,0,0,0,0,7,0,0,4,19,1,7,0,nan,nan,nan,nan,1.167,nan,nan,1,1,1,1.167,nan,nan,nan,nan,nan,-0.067,nan,nan,0,0,0,-0.067,nan,500,fresh
130219,0,0,0,0,0,0,7,0,0,4,19,1,7,0,nan,nan,nan,nan,1.167,nan,nan,1,1,1,1.167,nan,nan,nan,nan,nan,-0.067,nan,nan,0,0,0,-0.067,nan,500,fresh
131289,0,0,0,0,0,0,7,0,0,4,19,1,7,0,nan,nan,nan,nan,1.167,nan,nan,1,1,1,1.167,nan,nan,nan,nan,nan,-0.067,nan,nan,0,0,0,-0.067,nan,500,fresh
132359,0,0,0,0,0,0,7,0,0,4,19,1,6,0,nan,nan,nan,nan,1.167,nan,nan,1,1,1,1,nan,nan,nan,nan,nan,-0.067,nan,nan,0,0,0,0,nan,500,fresh
133429,0,0,0,0,0,0,7,0,0,4,19,1,7,0,nan,nan,nan,nan,1.167,nan,nan,1,1,1,1.167,nan,nan,nan,nan,nan,-0.067,nan,nan,0,0,0,-0.067,nan,500,fresh
134497,0,0,0,0,0,0,7,0,0,4,19,1,7,0,nan,nan,nan,nan,1.167,nan,nan,1,1,1,1.167,nan,nan,nan,nan,nan,-0.067,nan,nan,0,0,0,-0.067,nan,500,fresh
135567,0,0,0,0,0,0,7,0,0,4,19,1,7,0,nan,nan,nan,nan,1.167,nan,nan,1,1,1,1.167,nan,nan,nan,nan,nan,-0.067,nan,nan,0,0,0,-0.067,nan,500,fresh
136637,0,0,0,0,0,0,7,0,0,4,19,1,7,0,nan,nan,nan,nan,1.167,nan,nan,1,1,1,1.167,nan,nan,nan,nan,nan,-0.067,nan,nan,0,0,0,-0.067,nan,500,fresh
137707,0,0,0,0,0,0,7,0,0,4,19,1,7,0,nan,nan,nan,nan,1.167,nan,nan,1,1,1,1.167,nan,nan,nan,nan,nan,-0.067,nan,nan,0,0,0,-0.067,nan,500,fresh
138776,0,0,0,0,0,0,7,0,0,4,19,1,7,0,nan,nan,nan,nan,1.167,nan,nan,1,1,1,1.167,nan,nan,nan,nan,nan,-0.067,nan,nan,0,0,0,-0.067,nan,500,fresh
139845,0,0,0,0,0,0,7,0,0,4,19,1,7,0,nan,nan,nan,nan,1.167,nan,nan,1,1,1,1.167,nan,nan,nan,nan,nan,-0.067,nan,nan,0,0,0,-0.067,nan,500,fresh
140915,0,0,0,0,0,0,7,0,0,4,19,1,7,0,nan,nan,nan,nan,1.167,nan,nan,1,1,1,1.167,nan,nan,nan,nan,nan,-0.067,nan,nan,0,0,0,-0.067,nan,500,fresh
141984,0,0,0,0,0,0,7,0,0,4,19,1,7,0,nan,nan,nan,nan,1.167,nan,nan,1,1,1,1.167,nan,nan,nan,nan,nan,-0.067,nan,nan,0,0,0,-0.067,nan,500,fresh
143054,0,0,0,0,0,0,7,0,0,4,19,1,7,0,nan,nan,nan,nan,1.167,nan,nan,1,1,1,1.167,nan,nan,nan,nan,nan,-0.067,nan,nan,0,0,0,-0.067,nan,500,fresh
144124,0,0,0,0,0,0,7,0,0,4,19,1,7,0,nan,nan,nan,nan,1.167,nan,nan,1,1,1,1.167,nan,nan,nan,nan,nan,-0.067,nan,nan,0,0,0,-0.067,nan,500,fresh
145194,0,0,0,0,0,0,7,0,0,4,19,1,7,0,nan,nan,nan,nan,1.167,nan,nan,1,1,1,1.167,nan,nan,nan,nan,nan,-0.067,nan,nan,0,0,0,-0.067,nan,500,fresh
146264,0,0,0,0,0,0,7,0,0,4,19,1,7,0,nan,nan,nan,nan,1.167,nan,nan,1,1,1,1.167,nan,nan,nan,nan,nan,-0.067,nan,nan,0,0,0,-0.067,nan,500,fresh
147332,0,0,0,0,0,0,7,0,0,4,19,1,7,0,nan,nan,nan,nan,1.167,nan,nan,1,1,1,1.167,nan,nan,nan,nan,nan,-0.067,nan,nan,0,0,0,-0.067,nan,500,fresh
148402,0,0,0,0,0,0,7,0,0,4,19,1,7,0,nan,nan,nan,nan,1.167,nan,nan,1,1,1,1.167,nan,nan,nan,nan,nan,-0.067,nan,nan,0,0,0,-0.067,nan,500,fresh
149471,0,0,0,0,0,0,7,0,0,4,19,1,7,0,nan,nan,nan,nan,1.167,nan,nan,1,1,1,1.167,nan,nan,nan,nan,nan,-0.067,nan,nan,0,0,0,-0.067,nan,500,fresh
150541,0,0,0,0,0,0,7,0,0,4,19,1,7,0,nan,nan,nan,nan,1.167,nan,nan,1,1,1,1.167,nan,nan,nan,nan,nan,-0.067,nan,nan,0,0,0,-0.067,nan,500,fresh
151611,0,0,0,0,0,0,7,0,0,4,19,1,7,0,nan,nan,nan,nan,1.167,nan,nan,1,1,1,1.167,nan,nan,nan,nan,nan,-0.067,nan,nan,0,0,0,-0.067,nan,500,fresh
152680,0,0,0,0,0,0,7,0,0,4,19,1,7,0,nan,nan,nan,nan,1.167,nan,nan,1,1,1,1.167,nan,nan,nan,nan,nan,-0.067,nan,nan,0,0,0,-0.067,nan,500,fresh
153750,0,0,0,0,0,0,7,0,0,4,19,1,7,0,nan,nan,nan,nan,1.167,nan,nan,1,1,1,1.167,nan,nan,nan,nan,nan,-0.067,nan,nan,0,0,0,-0.067,nan,500,fresh
154820,0,0,0,0,0,0,7,0,0,4,19,1,7,0,nan,nan,nan,nan,1.167,nan,nan,1,1,1,1.167,nan,nan,nan,nan,nan,-0.067,nan,nan,0,0,0,-0.067,nan,500,fresh
155890,0,0,0,0,0,0,7,0,0,4,19,1,7,0,nan,nan,nan,nan,1.167,nan,nan,1,1,1,1.167,nan,nan,nan,nan,nan,-0.067,nan,nan,0,0,0,-0.067,nan,500,fresh
156960,0,0,0,0,0,0,7,0,0,4,19,1,7,0,nan,nan,nan,nan,1.167,nan,nan,1,1,1,1.167,nan,nan,nan,nan,nan,-0.067,nan,nan,0,0,0,-0.067,nan,500,fresh
158030,0,0,0,0,0,0,7,0,0,4,19,1,7,0,nan,nan,nan,nan,1.167,nan,nan,1,1,1,1.167,nan,nan,nan,nan,nan,-0.067,nan,nan,0,0,0,-0.067,nan,500,fresh
159100,0,0,0,0,0,0,7,0,0,4,19,1,6,0,nan,nan,nan,nan,1.167,nan,nan,1,1,1,1,nan,nan,nan,nan,nan,-0.067,nan,nan,0,0,0,0,nan,500,fresh
160168,0,0,0,0,0,0,7,0,0,4,19,1,7,0,nan,nan,nan,nan,1.167,nan,nan,1,1,1,1.167,nan,nan,nan,nan,nan,-0.067,nan,nan,0,0,0,-0.067,nan,500,fresh
161237,0,0,0,0,0,0,7,0,0,4,19,1,7,0,nan,nan,nan,nan,1.167,nan,nan,1,1,1,1.167,nan,nan,nan,nan,nan,-0.067,nan,nan,0,0,0,-0.067,nan,500,fresh
162306,0,0,0,0,0,0,7,0,0,4,19,1,7,0,nan,nan,nan,nan,1.167,nan,nan,1,1,1,1.167,nan,nan,nan,nan,nan,-0.067,nan,nan,0,0,0,-0.067,nan,500,fresh
163376,0,0,0,0,0,0,7,0,0,4,19,1,7,0,nan,nan,nan,nan,1.167,nan,nan,1,1,1,1.167,nan,nan,nan,nan,nan,-0.067,nan,nan,0,0,0,-0.067,nan,500,fresh
164444,0,0,0,0,0,0,7,0,0,4,19,1,7,0,nan,nan,nan,nan,1.167,nan,nan,1,1,1,1.167,nan,nan,nan,nan,nan,-0.067,nan,nan,0,0,0,-0.067,nan,500,fresh
165513,0,0,0,0,0,0,7,0,0,4,19,1,7,0,nan,nan,nan,nan,1.167,nan,nan,1,1,1,1.167,nan,nan,nan,nan,nan,-0.067,nan,nan,0,0,0,-0.067,nan,500,fresh
166583,0,0,0,0,0,0,7,0,0,4,19,1,7,0,nan,nan,nan,nan,1.167,nan,nan,1,1,1,1.167,nan,nan,nan,nan,nan,-0.067,nan,nan,0,0,0,-0.067,nan,500,fresh
167652,0,0,0,0,0,0,7,0,0,4,19,1,7,0,nan,nan,nan,nan,1.167,nan,nan,1,1,1,1.167,nan,nan,nan,nan,nan,-0.067,nan,nan,0,0,0,-0.067,nan,500,fresh
168722,0,0,0,0,0,0,7,0,0,4,19,1,7,0,nan,nan,nan,nan,1.167,nan,nan,1,1,1,1.167,nan,nan,nan,nan,nan,-0.067,nan,nan,0,0,0,-0.067,nan,500,fresh
169792,0,0,0,0,0,0,7,0,0,4,19,1,7,0,nan,nan,nan,nan,1.167,nan,nan,1,1,1,1.167,nan,nan,nan,nan,nan,-0.067,nan,nan,0,0,0,-0.067,nan,500,fresh
170862,0,0,0,0,0,0,7,0,0,4,19,1,7,0,nan,nan,nan,nan,1.167,nan,nan,1,1,1,1.167,nan,nan,nan,nan,nan,-0.067,nan,nan,0,0,0,-0.067,nan,500,fresh
171932,0,0,0,0,0,0,6,0,0,4,19,1,7,0,nan,nan,nan,nan,1,nan,nan,1,1,1,1.167,nan,nan,nan,nan,nan,0,nan,nan,0,0,0,-0.067,nan,500,fresh
173002,0,0,0,0,0,0,7,0,0,4,19,1,7,0,nan,nan,nan,nan,1.167,nan,nan,1,1,1,1.167,nan,nan,nan,nan,nan,-0.067,nan,nan,0,0,0,-0.067,nan,500,fresh
174072,0,0,0,0,0,0,7,0,0,4,19,1,7,0,nan,nan,nan,nan,1.167,nan,nan,1,1,1,1.167,nan,nan,nan,nan,nan,-0.067,nan,nan,0,0,0,-0.067,nan,500,fresh
175140,0,0,0,0,0,0,6,0,0,4,19,1,7,0,nan,nan,nan,nan,1,nan,nan,1,1,1,1.167,nan,nan,nan,nan,nan,0,nan,nan,0,0,0,-0.067,nan,500,fresh
176210,0,0,0,0,0,0,7,0,0,4,19,1,7,0,nan,nan,nan,nan,1.167,nan,nan,1,1,1,1.167,nan,nan,nan,nan,nan,-0.067,nan,nan,0,0,0,-0.067,nan,500,fresh
177280,0,0,0,0,0,0,7,0,0,4,19,1,7,0,nan,nan,nan,nan,1.167,nan,nan,1,1,1,1.167,nan,nan,nan,nan,nan,-0.067,nan,nan,0,0,0,-0.067,nan,500,fresh
178350,0,0,0,0,0,0,6,0,0,4,19,1,7,0,nan,nan,nan,nan,1,nan,nan,1,1,1,1.167,nan,nan,nan,nan,nan,0,nan,nan,0,0,0,-0.067,nan,500,fresh
179419,0,0,0,0,0,0,7,0,0,4,19,1,7,0,nan,nan,nan,nan,1.167,nan,nan,1,1,1,1.167,nan,nan,nan,nan,nan,-0.067,nan,nan,0,0,0,-0.067,nan,500,fresh
180488,0,0,0,0,0,0,7,0,0,4,19,1,7,0,nan,nan,nan,nan,1.167,nan,nan,1,1,1,1.167,nan,nan,nan,nan,nan,-0.067,nan,nan,0,0,0,-0.067,nan,500,fresh
181557,0,0,0,0,0,0,7,0,0,4,19,1,7,0,nan,nan,nan,nan,1.167,nan,nan,1,1,1,1.167,nan,nan,nan,nan,nan,-0.067,nan,nan,0,0,0,-0.067,nan,500,fresh
182627,0,0,0,0,0,0,7,0,0,4,19,1,7,0,nan,nan,nan,nan,1.167,nan,nan,1,1,1,1.167,nan,nan,nan,nan,nan,-0.067,nan,nan,0,0,0,-0.067,nan,500,fresh
183697,0,0,0,0,0,0,7,0,0,4,19,1,7,0,nan,nan,nan,nan,1.167,nan,nan,1,1,1,1.167,nan,nan,nan,nan,nan,-0.067,nan,nan,0,0,0,-0.067,nan,500,fresh
184766,0,0,0,0,0,0,7,0,0,4,19,1,7,0,nan,nan,nan,nan,1.167,nan,nan,1,1,1,1.167,nan,nan,nan,nan,nan,-0.067,nan,nan,0,0,0,-0.067,nan,500,fresh
185836,0,0,0,0,0,0,7,0,0,4,19,1,7,0,nan,nan,nan,nan,1.167,nan,nan,1,1,1,1.167,nan,nan,nan,nan,nan,-0.067,nan,nan,0,0,0,-0.067,nan,500,fresh
186906,0,0,0,0,0,0,7,0,0,4,19,1,7,0,nan,nan,nan,nan,1.167,nan,nan,1,1,1,1.167,nan,nan,nan,nan,nan,-0.067,nan,nan,0,0,0,-0.067,nan,500,fresh
187976,0,0,0,0,0,0,7,0,0,4,19,1,6,0,nan,nan,nan,nan,1.167,nan,nan,1,1,1,1,nan,nan,nan,nan,nan,-0.067,nan,nan,0,0,0,0,nan,500,fresh
189046,0,0,0,0,0,0,7,0,0,4,19,1,6,0,nan,nan,nan,nan,1.167,nan,nan,1,1,1,1,nan,nan,nan,nan,nan,-0.067,nan,nan,0,0,0,0,nan,500,fresh
190115,0,0,0,0,0,0,6,0,0,4,19,1,7,0,nan,nan,nan,nan,1,nan,nan,1,1,1,1.167,nan,nan,nan,nan,nan,0,nan,nan,0,0,0,-0.067,nan,500,fresh
191185,0,0,0,0,0,0,7,0,0,4,19,1,6,0,nan,nan,nan,nan,1.167,nan,nan,1,1,1,1,nan,nan,nan,nan,nan,-0.067,nan,nan,0,0,0,0,nan,500,fresh
192255,0,0,0,0,0,0,7,0,0,4,19,1,7,0,nan,nan,nan,nan,1.167,nan,nan,1,1,1,1.167,nan,nan,nan,nan,nan,-0.067,nan,nan,0,0,0,-0.067,nan,500,fresh
193324,0,0,0,0,0,0,7,0,0,4,19,1,7,0,nan,nan,nan,nan,1.167,nan,nan,1,1,1,1.167,nan,nan,nan,nan,nan,-0.067,nan,nan,0,0,0,-0.067,nan,500,fresh
194394,0,0,0,0,0,0,7,0,0,4,19,1,7,0,nan,nan,nan,nan,1.167,nan,nan,1,1,1,1.167,nan,nan,nan,nan,nan,-0.067,nan,nan,0,0,0,-0.067,nan,500,fresh
195464,0,0,0,0,0,0,7,0,0,4,19,1,7,0,nan,nan,nan,nan,1.167,nan,nan,1,1,1,1.167,nan,nan,nan,nan,nan,-0.067,nan,nan,0,0,0,-0.067,nan,500,fresh
196534,0,0,0,0,0,0,7,0,0,4,19,1,7,0,nan,nan,nan,nan,1.167,nan,nan,1,1,1,1.167,nan,nan,nan,nan,nan,-0.067,nan,nan,0,0,0,-0.067,nan,500,fresh
197604,0,0,0,0,0,0,7,0,0,4,19,1,7,0,nan,nan,nan,nan,1.167,nan,nan,1,1,1,1.167,nan,nan,nan,nan,nan,-0.067,nan,nan,0,0,0,-0.067,nan,500,fresh
198673,0,0,0,0,0,0,7,0,0,4,19,1,7,0,nan,nan,nan,nan,1.167,nan,nan,1,1,1,1.167,nan,nan,nan,nan,nan,-0.067,nan,nan,0,0,0,-0.067,nan,500,fresh
199741,0,0,0,0,0,0,6,0,0,4,19,1,7,0,nan,nan,nan,nan,1,nan,nan,1,1,1,1.167,nan,nan,nan,nan,nan,0,nan,nan,0,0,0,-0.067,nan,500,fresh
200810,0,0,0,0,0,0,7,0,0,4,19,1,7,0,nan,nan,nan,nan,1.167,nan,nan,1,1,1,1.167,nan,nan,nan,nan,nan,-0.067,nan,nan,0,0,0,-0.067,nan,500,fresh
201880,0,0,0,0,0,0,7,0,0,4,19,1,7,0,nan,nan,nan,nan,1.167,nan,nan,1,1,1,1.167,nan,nan,nan,nan,nan,-0.067,nan,nan,0,0,0,-0.067,nan,500,fresh
202950,0,0,0,0,0,0,7,0,0,4,19,1,7,0,nan,nan,nan,nan,1.167,nan,nan,1,1,1,1.167,nan,nan,nan,nan,nan,-0.067,nan,nan,0,0,0,-0.067,nan,500,fresh
204019,0,0,0,0,0,0,7,0,0,4,19,1,7,0,nan,nan,nan,nan,1.167,nan,nan,1,1,1,1.167,nan,nan,nan,nan,nan,-0.067,nan,nan,0,0,0,-0.067,nan,500,fresh
205089,0,0,0,0,0,0,7,0,0,4,19,1,6,0,nan,nan,nan,nan,1.167,nan,nan,1,1,1,1,nan,nan,nan,nan,nan,-0.067,nan,nan,0,0,0,0,nan,500,fresh
206159,0,0,0,0,0,0,7,0,0,4,19,1,7,0,nan,nan,nan,nan,1.167,nan,nan,1,1,1,1.167,nan,nan,nan,nan,nan,-0.067,nan,nan,0,0,0,-0.067,nan,500,fresh
207228,0,0,0,0,0,0,7,0,0,4,19,1,7,0,nan,nan,nan,nan,1.167,nan,nan,1,1,1,1.167,nan,nan,nan,nan,nan,-0.067,nan,nan,0,0,0,-0.067,nan,500,fresh
208298,0,0,0,0,0,0,7,0,0,4,19,1,6,0,nan,nan,nan,nan,1.167,nan,nan,1,1,1,1,nan,nan,nan,nan,nan,-0.067,nan,nan,0,0,0,0,nan,500,fresh
209368,0,0,0,0,0,0,7,0,0,4,19,1,7,0,nan,nan,nan,nan,1.167,nan,nan,1,1,1,1.167,nan,nan,nan,nan,nan,-0.067,nan,nan,0,0,0,-0.067,nan,500,fresh
210437,0,0,0,0,0,0,7,0,0,4,19,1,7,0,nan,nan,nan,nan,1.167,nan,nan,1,1,1,1.167,nan,nan,nan,nan,nan,-0.067,nan,nan,0,0,0,-0.067,nan,500,fresh
211507,0,0,0,0,0,0,6,0,0,4,19,1,7,0,nan,nan,nan,nan,1,nan,nan,1,1,1,1.167,nan,nan,nan,nan,nan,0,nan,nan,0,0,0,-0.067,nan,500,fresh
212576,0,0,0,0,0,0,6,0,0,4,19,1,7,0,nan,nan,nan,nan,1,nan,nan,1,1,1,1.167,nan,nan,nan,nan,nan,0,nan,nan,0,0,0,-0.067,nan,500,fresh
213644,0,0,0,0,0,0,7,0,0,4,19,1,6,0,nan,nan,nan,nan,1.167,nan,nan,1,1,1,1,nan,nan,nan,nan,nan,-0.067,nan,nan,0,0,0,0,nan,500,fresh
214713,0,0,0,0,0,0,7,0,0,4,19,1,7,0,nan,nan,nan,nan,1.167,nan,nan,1,1,1,1.167,nan,nan,nan,nan,nan,-0.067,nan,nan,0,0,0,-0.067,nan,500,fresh
215783,0,0,0,0,0,0,7,0,0,4,19,1,7,0,nan,nan,nan,nan,1.167,nan,nan,1,1,1,1.167,nan,nan,nan,nan,nan,-0.067,nan,nan,0,0,0,-0.067,nan,500,fresh
216853,0,0,0,0,0,0,7,0,0,4,19,1,7,0,nan,nan,nan,nan,1.167,nan,nan,1,1,1,1.167,nan,nan,nan,nan,nan,-0.067,nan,nan,0,0,0,-0.067,nan,500,fresh
217921,0,0,0,0,0,0,7,0,0,4,19,1,6,0,nan,nan,nan,nan,1.167,nan,nan,1,1,1,1,nan,nan,nan,nan,nan,-0.067,nan,nan,0,0,0,0,nan,500,fresh
218990,0,0,0,0,0,0,7,0,0,4,19,1,7,0,nan,nan,nan,nan,1.167,nan,nan,1,1,1,1.167,nan,nan,nan,nan,nan,-0.067,nan,nan,0,0,0,-0.067,nan,500,fresh
220060,0,0,0,0,0,0,6,0,0,4,19,1,7,0,nan,nan,nan,nan,1,nan,nan,1,1,1,1.167,nan,nan,nan,nan,nan,0,nan,nan,0,0,0,-0.067,nan,500,fresh
221130,0,0,0,0,0,0,7,0,0,4,19,1,7,0,nan,nan,nan,nan,1.167,nan,nan,1,1,1,1.167,nan,nan,nan,nan,nan,-0.067,nan,nan,0,0,0,-0.067,nan,500,fresh
222198,0,0,0,0,0,0,7,0,0,4,19,1,7,0,nan,nan,nan,nan,1.167,nan,nan,1,1,1,1.167,nan,nan,nan,nan,nan,-0.067,nan,nan,0,0,0,-0.067,nan,500,fresh
223267,0,0,0,0,0,0,7,0,0,4,19,1,7,0,nan,nan,nan,nan,1.167,nan,nan,1,1,1,1.167,nan,nan,nan,nan,nan,-0.067,nan,nan,0,0,0,-0.067,nan,500,fresh
224337,0,0,0,0,0,0,6,0,0,4,19,1,7,0,nan,nan,nan,nan,1,nan,nan,1,1,1,1.167,nan,nan,nan,nan,nan,0,nan,nan,0,0,0,-0.067,nan,500,fresh
225406,0,0,0,0,0,0,6,0,0,4,19,1,7,0,nan,nan,nan,nan,1,nan,nan,1,1,1,1.167,nan,nan,nan,nan,nan,0,nan,nan,0,0,0,-0.067,nan,500,fresh
226475,0,0,0,0,0,0,7,0,0,4,19,1,7,0,nan,nan,nan,nan,1.167,nan,nan,1,1,1,1.167,nan,nan,nan,nan,nan,-0.067,nan,nan,0,0,0,-0.067,nan,500,fresh
227544,0,0,0,0,0,0,6,0,0,4,19,1,7,0,nan,nan,nan,nan,1,nan,nan,1,1,1,1.167,nan,nan,nan,nan,nan,0,nan,nan,0,0,0,-0.067,nan,500,fresh
228614,0,0,0,0,0,0,7,0,0,4,19,1,7,0,nan,nan,nan,nan,1.167,nan,nan,1,1,1,1.167,nan,nan,nan,nan,nan,-0.067,nan,nan,0,0,0,-0.067,nan,500,fresh
229683,0,0,0,0,0,0,7,0,0,3,19,1,7,0,nan,nan,nan,nan,1.167,nan,nan,0.75,1,1,1.167,nan,nan,nan,nan,nan,-0.067,nan,nan,0.125,0,0,-0.067,nan,500,fresh
230752,0,0,0,0,0,0,6,0,0,4,19,1,6,0,nan,nan,nan,nan,1,nan,nan,1,1,1,1,nan,nan,nan,nan,nan,0,nan,nan,0,0,0,0,nan,500,fresh
231822,0,0,0,0,0,0,7,0,0,4,19,1,7,0,nan,nan,nan,nan,1.167,nan,nan,1,1,1,1.167,nan,nan,nan,nan,nan,-0.067,nan,nan,0,0,0,-0.067,nan,500,fresh
232892,0,0,0,0,0,0,7,0,0,4,19,1,7,0,nan,nan,nan,nan,1.167,nan,nan,1,1,1,1.167,nan,nan,nan,nan,nan,-0.067,nan,nan,0,0,0,-0.067,nan,500,fresh
233962,0,0,0,0,0,0,6,0,0,4,19,1,7,0,nan,nan,nan,nan,1,nan,nan,1,1,1,1.167,nan,nan,nan,nan,nan,0,nan,nan,0,0,0,-0.067,nan,500,fresh
235031,0,0,0,0,0,0,6,0,0,4,19,1,7,0,nan,nan,nan,nan,1,nan,nan,1,1,1,1.167,nan,nan,nan,nan,nan,0,nan,nan,0,0,0,-0.067,nan,500,fresh
236100,0,0,0,0,0,0,7,0,0,4,19,1,6,0,nan,nan,nan,nan,1.167,nan,nan,1,1,1,1,nan,nan,nan,nan,nan,-0.067,nan,nan,0,0,0,0,nan,500,fresh
237170,0,0,0,0,0,0,7,0,0,4,19,1,7,0,nan,nan,nan,nan,1.167,nan,nan,1,1,1,1.167,nan,nan,nan,nan,nan,-0.067,nan,nan,0,0,0,-0.067,nan,500,fresh
238240,0,0,0,0,0,0,7,0,0,4,19,1,7,0,nan,nan,nan,nan,1.167,nan,nan,1,1,1,1.167,nan,nan,nan,nan,nan,-0.067,nan,nan,0,0,0,-0.067,nan,500,fresh
239309,0,0,0,0,0,0,7,0,0,4,19,1,6,0,nan,nan,nan,nan,1.167,nan,nan,1,1,1,1,nan,nan,nan,nan,nan,-0.067,nan,nan,0,0,0,0,nan,500,fresh
240379,0,0,0,0,0,0,7,0,0,4,19,1,7,0,nan,nan,nan,nan,1.167,nan,nan,1,1,1,1.167,nan,nan,nan,nan,nan,-0.067,nan,nan,0,0,0,-0.067,nan,500,fresh
241449,0,0,0,0,0,0,7,0,0,4,19,1,6,0,nan,nan,nan,nan,1.167,nan,nan,1,1,1,1,nan,nan,nan,nan,nan,-0.067,nan,nan,0,0,0,0,nan,500,fresh
242519,0,0,0,0,0,0,7,0,0,4,19,1,7,0,nan,nan,nan,nan,1.167,nan,nan,1,1,1,1.167,nan,nan,nan,nan,nan,-0.067,nan,nan,0,0,0,-0.067,nan,500,fresh
243588,0,0,0,0,0,0,7,0,0,4,19,1,6,0,nan,nan,nan,nan,1.167,nan,nan,1,1,1,1,nan,nan,nan,nan,nan,-0.067,nan,nan,0,0,0,0,nan,500,fresh
244657,0,0,0,0,0,0,7,0,0,4,19,1,7,0,nan,nan,nan,nan,1.167,nan,nan,1,1,1,1.167,nan,nan,nan,nan,nan,-0.067,nan,nan,0,0,0,-0.067,nan,500,fresh
245727,0,0,0,0,0,0,7,0,0,4,19,1,7,0,nan,nan,nan,nan,1.167,nan,nan,1,1,1,1.167,nan,nan,nan,nan,nan,-0.067,nan,nan,0,0,0,-0.067,nan,500,fresh
246795,0,0,0,0,0,0,7,0,0,4,19,1,7,0,nan,nan,nan,nan,1.167,nan,nan,1,1,1,1.167,nan,nan,nan,nan,nan,-0.067,nan,nan,0,0,0,-0.067,nan,500,fresh
247864,0,0,0,0,0,0,7,0,0,4,19,1,7,0,nan,nan,nan,nan,1.167,nan,nan,1,1,1,1.167,nan,nan,nan,nan,nan,-0.067,nan,nan,0,0,0,-0.067,nan,500,fresh
248934,0,0,0,0,0,0,7,0,0,4,19,1,7,0,nan,nan,nan,nan,1.167,nan,nan,1,1,1,1.167,nan,nan,nan,nan,nan,-0.067,nan,nan,0,0,0,-0.067,nan,500,fresh
250004,0,0,0,0,0,0,6,0,0,4,19,1,7,0,nan,nan,nan,nan,1,nan,nan,1,1,1,1.167,nan,nan,nan,nan,nan,0,nan,nan,0,0,0,-0.067,nan,500,fresh
251073,0,0,0,0,0,0,7,0,0,4,19,1,7,0,nan,nan,nan,nan,1.167,nan,nan,1,1,1,1.167,nan,nan,nan,nan,nan,-0.067,nan,nan,0,0,0,-0.067,nan,500,fresh
252142,0,0,0,0,0,0,7,0,0,4,19,1,7,0,nan,nan,nan,nan,1.167,nan,nan,1,1,1,1.167,nan,nan,nan,nan,nan,-0.067,nan,nan,0,0,0,-0.067,nan,500,fresh
253212,0,0,0,0,0,0,7,0,0,4,19,1,7,0,nan,nan,nan,nan,1.167,nan,nan,1,1,1,1.167,nan,nan,nan,nan,nan,-0.067,nan,nan,0,0,0,-0.067,nan,500,fresh
254280,0,0,0,0,0,0,7,0,0,4,19,1,6,0,nan,nan,nan,nan,1.167,nan,nan,1,1,1,1,nan,nan,nan,nan,nan,-0.067,nan,nan,0,0,0,0,nan,500,fresh
255350,0,0,0,0,0,0,7,0,0,4,19,1,7,0,nan,nan,nan,nan,1.167,nan,nan,1,1,1,1.167,nan,nan,nan,nan,nan,-0.067,nan,nan,0,0,0,-0.067,nan,500,fresh
256419,0,0,0,0,0,0,7,0,0,4,19,1,7,0,nan,nan,nan,nan,1.167,nan,nan,1,1,1,1.167,nan,nan,nan,nan,nan,-0.067,nan,nan,0,0,0,-0.067,nan,500,fresh
257489,0,0,0,0,0,0,7,0,0,4,19,1,7,0,nan,nan,nan,nan,1.167,nan,nan,1,1,1,1.167,nan,nan,nan,nan,nan,-0.067,nan,nan,0,0,0,-0.067,nan,500,fresh
258559,0,0,0,0,0,0,7,0,0,4,19,1,7,0,nan,nan,nan,nan,1.167,nan,nan,1,1,1,1.167,nan,nan,nan,nan,nan,-0.067,nan,nan,0,0,0,-0.067,nan,500,fresh
259627,0,0,0,0,0,0,7,0,0,4,19,1,7,0,nan,nan,nan,nan,1.167,nan,nan,1,1,1,1.167,nan,nan,nan,nan,nan,-0.067,nan,nan,0,0,0,-0.067,nan,500,fresh
260695,0,0,0,0,0,0,7,0,0,4,19,1,7,0,nan,nan,nan,nan,1.167,nan,nan,1,1,1,1.167,nan,nan,nan,nan,nan,-0.067,nan,nan,0,0,0,-0.067,nan,500,fresh
261765,0,0,0,0,0,0,7,0,0,4,19,1,7,0,nan,nan,nan,nan,1.167,nan,nan,1,1,1,1.167,nan,nan,nan,nan,nan,-0.067,nan,nan,0,0,0,-0.067,nan,500,fresh
262834,0,0,0,0,0,0,7,0,0,4,19,1,7,0,nan,nan,nan,nan,1.167,nan,nan,1,1,1,1.167,nan,nan,nan,nan,nan,-0.067,nan,nan,0,0,0,-0.067,nan,500,fresh
263904,0,0,0,0,0,0,7,0,0,4,19,1,7,0,nan,nan,nan,nan,1.167,nan,nan,1,1,1,1.167,nan,nan,nan,nan,nan,-0.067,nan,nan,0,0,0,-0.067,nan,500,fresh
264974,0,0,0,0,0,0,6,0,0,4,19,1,6,0,nan,nan,nan,nan,1,nan,nan,1,1,1,1,nan,nan,nan,nan,nan,0,nan,nan,0,0,0,0,nan,500,fresh
266042,0,0,0,0,0,0,7,0,0,4,19,1,7,0,nan,nan,nan,nan,1.167,nan,nan,1,1,1,1.167,nan,nan,nan,nan,nan,-0.067,nan,nan,0,0,0,-0.067,nan,500,fresh
267111,0,0,0,0,0,0,7,0,0,4,19,1,7,0,nan,nan,nan,nan,1.167,nan,nan,1,1,1,1.167,nan,nan,nan,nan,nan,-0.067,nan,nan,0,0,0,-0.067,nan,500,fresh
268181,0,0,0,0,0,0,7,0,0,4,19,1,7,0,nan,nan,nan,nan,1.167,nan,nan,1,1,1,1.167,nan,nan,nan,nan,nan,-0.067,nan,nan,0,0,0,-0.067,nan,500,fresh
269251,0,0,0,0,0,0,7,0,0,4,19,1,7,0,nan,nan,nan,nan,1.167,nan,nan,1,1,1,1.167,nan,nan,nan,nan,nan,-0.067,nan,nan,0,0,0,-0.067,nan,500,fresh
270321,0,0,0,0,0,0,6,0,0,4,19,1,7,0,nan,nan,nan,nan,1,nan,nan,1,1,1,1.167,nan,nan,nan,nan,nan,0,nan,nan,0,0,0,-0.067,nan,500,fresh
271390,0,0,0,0,0,0,7,0,0,4,19,1,7,0,nan,nan,nan,nan,1.167,nan,nan,1,1,1,1.167,nan,nan,nan,nan,nan,-0.067,nan,nan,0,0,0,-0.067,nan,500,fresh
272459,0,0,0,0,0,0,7,0,0,4,19,1,6,0,nan,nan,nan,nan,1.167,nan,nan,1,1,1,1,nan,nan,nan,nan,nan,-0.067,nan,nan,0,0,0,0,nan,500,fresh
273528,0,0,0,0,0,0,7,0,0,4,19,1,6,0,nan,nan,nan,nan,1.167,nan,nan,1,1,1,1,nan,nan,nan,nan,nan,-0.067,nan,nan,0,0,0,0,nan,500,fresh
274597,0,0,0,0,0,0,7,0,0,4,19,1,7,0,nan,nan,nan,nan,1.167,nan,nan,1,1,1,1.167,nan,nan,nan,nan,nan,-0.067,nan,nan,0,0,0,-0.067,nan,500,fresh
275667,0,0,0,0,0,0,7,0,0,4,19,1,7,0,nan,nan,nan,nan,1.167,nan,nan,1,1,1,1.167,nan,nan,nan,nan,nan,-0.067,nan,nan,0,0,0,-0.067,nan,500,fresh
276737,0,0,0,0,0,0,6,0,0,4,19,1,7,0,nan,nan,nan,nan,1,nan,nan,1,1,1,1.167,nan,nan,nan,nan,nan,0,nan,nan,0,0,0,-0.067,nan,500,fresh
277806,0,0,0,0,0,0,7,0,0,4,19,1,7,0,nan,nan,nan,nan,1.167,nan,nan,1,1,1,1.167,nan,nan,nan,nan,nan,-0.067,nan,nan,0,0,0,-0.067,nan,500,fresh
278875,0,0,0,0,0,0,6,0,0,4,19,1,6,0,nan,nan,nan,nan,1,nan,nan,1,1,1,1,nan,nan,nan,nan,nan,0,nan,nan,0,0,0,0,nan,500,fresh
279945,0,0,0,0,0,0,7,0,0,4,19,1,7,0,nan,nan,nan,nan,1.167,nan,nan,1,1,1,1.167,nan,nan,nan,nan,nan,-0.067,nan,nan,0,0,0,-0.067,nan,500,fresh
281015,0,0,0,0,0,0,6,0,0,4,19,1,7,0,nan,nan,nan,nan,1,nan,nan,1,1,1,1.167,nan,nan,nan,nan,nan,0,nan,nan,0,0,0,-0.067,nan,500,fresh
282084,0,0,0,0,0,0,7,0,0,4,19,1,7,0,nan,nan,nan,nan,1.167,nan,nan,1,1,1,1.167,nan,nan,nan,nan,nan,-0.067,nan,nan,0,0,0,-0.067,nan,500,fresh
283153,0,0,0,0,0,0,7,0,0,4,19,1,7,0,nan,nan,nan,nan,1.167,nan,nan,1,1,1,1.167,nan,nan,nan,nan,nan,-0.067,nan,nan,0,0,0,-0.067,nan,500,fresh
284222,0,0,0,0,0,0,6,0,0,4,19,1,7,0,nan,nan,nan,nan,1,nan,nan,1,1,1,1.167,nan,nan,nan,nan,nan,0,nan,nan,0,0,0,-0.067,nan,500,fresh
285292,0,0,0,0,0,0,7,0,0,4,19,1,7,0,nan,nan,nan,nan,1.167,nan,nan,1,1,1,1.167,nan,nan,nan,nan,nan,-0.067,nan,nan,0,0,0,-0.067,nan,500,fresh
286361,0,0,0,0,0,0,7,0,0,4,19,1,7,0,nan,nan,nan,nan,1.167,nan,nan,1,1,1,1.167,nan,nan,nan,nan,nan,-0.067,nan,nan,0,0,0,-0.067,nan,500,fresh
287430,0,0,0,0,0,0,7,0,0,4,19,1,7,0,nan,nan,nan,nan,1.167,nan,nan,1,1,1,1.167,nan,nan,nan,nan,nan,-0.067,nan,nan,0,0,0,-0.067,nan,500,fresh
288499,0,0,0,0,0,0,6,0,0,4,19,1,7,0,nan,nan,nan,nan,1,nan,nan,1,1,1,1.167,nan,nan,nan,nan,nan,0,nan,nan,0,0,0,-0.067,nan,500,fresh
289569,0,0,0,0,0,0,7,0,0,4,19,1,7,0,nan,nan,nan,nan,1.167,nan,nan,1,1,1,1.167,nan,nan,nan,nan,nan,-0.067,nan,nan,0,0,0,-0.067,nan,500,fresh
290639,0,0,0,0,0,0,7,0,0,4,19,1,7,0,nan,nan,nan,nan,1.167,nan,nan,1,1,1,1.167,nan,nan,nan,nan,nan,-0.067,nan,nan,0,0,0,-0.067,nan,500,fresh
291709,0,0,0,0,0,0,6,0,0,4,19,1,7,0,nan,nan,nan,nan,1,nan,nan,1,1,1,1.167,nan,nan,nan,nan,nan,0,nan,nan,0,0,0,-0.067,nan,500,fresh
292779,0,0,0,0,0,0,7,0,0,4,19,1,7,0,nan,nan,nan,nan,1.167,nan,nan,1,1,1,1.167,nan,nan,nan,nan,nan,-0.067,nan,nan,0,0,0,-0.067,nan,500,fresh
293848,0,0,0,0,0,0,7,0,0,4,19,1,7,0,nan,nan,nan,nan,1.167,nan,nan,1,1,1,1.167,nan,nan,nan,nan,nan,-0.067,nan,nan,0,0,0,-0.067,nan,500,fresh
294918,0,0,0,0,0,0,7,0,0,4,19,1,7,0,nan,nan,nan,nan,1.167,nan,nan,1,1,1,1.167,nan,nan,nan,nan,nan,-0.067,nan,nan,0,0,0,-0.067,nan,500,fresh
295987,0,0,0,0,0,0,6,0,0,4,19,1,7,0,nan,nan,nan,nan,1,nan,nan,1,1,1,1.167,nan,nan,nan,nan,nan,0,nan,nan,0,0,0,-0.067,nan,500,fresh
297057,0,0,0,0,0,0,7,0,0,4,19,1,6,0,nan,nan,nan,nan,1.167,nan,nan,1,1,1,1,nan,nan,nan,nan,nan,-0.067,nan,nan,0,0,0,0,nan,500,fresh
298126,0,0,0,0,0,0,7,0,0,4,19,1,6,0,nan,nan,nan,nan,1.167,nan,nan,1,1,1,1,nan,nan,nan,nan,nan,-0.067,nan,nan,0,0,0,0,nan,500,fresh
299195,0,0,0,0,0,0,7,0,0,4,19,1,7,0,nan,nan,nan,nan,1.167,nan,nan,1,1,1,1.167,nan,nan,nan,nan,nan,-0.067,nan,nan,0,0,0,-0.067,nan,500,fresh
300265,0,0,0,0,0,0,7,0,0,4,19,1,6,0,nan,nan,nan,nan,1.167,nan,nan,1,1,1,1,nan,nan,nan,nan,nan,-0.067,nan,nan,0,0,0,0,nan,500,fresh
301335,0,0,0,0,0,0,7,0,0,4,19,1,7,0,nan,nan,nan,nan,1.167,nan,nan,1,1,1,1.167,nan,nan,nan,nan,nan,-0.067,nan,nan,0,0,0,-0.067,nan,500,fresh
302405,0,0,0,0,0,0,7,0,0,4,19,1,7,0,nan,nan,nan,nan,1.167,nan,nan,1,1,1,1.167,nan,nan,nan,nan,nan,-0.067,nan,nan,0,0,0,-0.067,nan,500,fresh
303475,0,0,0,0,0,0,7,0,0,4,19,1,7,0,nan,nan,nan,nan,1.167,nan,nan,1,1,1,1.167,nan,nan,nan,nan,nan,-0.067,nan,nan,0,0,0,-0.067,nan,500,fresh
304544,0,0,0,0,0,0,6,0,0,4,19,1,7,0,nan,nan,nan,nan,1,nan,nan,1,1,1,1.167,nan,nan,nan,nan,nan,0,nan,nan,0,0,0,-0.067,nan,500,fresh
305613,0,0,0,0,0,0,6,0,0,4,19,1,7,0,nan,nan,nan,nan,1,nan,nan,1,1,1,1.167,nan,nan,nan,nan,nan,0,nan,nan,0,0,0,-0.067,nan,500,fresh
306683,0,0,0,0,0,0,7,0,0,4,19,1,7,0,nan,nan,nan,nan,1.167,nan,nan,1,1,1,1.167,nan,nan,nan,nan,nan,-0.067,nan,nan,0,0,0,-0.067,nan,500,fresh
307752,0,0,0,0,0,0,7,0,0,3,19,1,7,0,nan,nan,nan,nan,1.167,nan,nan,0.75,1,1,1.167,nan,nan,nan,nan,nan,-0.067,nan,nan,0.125,0,0,-0.067,nan,500,fresh
308821,0,0,0,0,0,0,7,0,0,4,19,1,7,0,nan,nan,nan,nan,1.167,nan,nan,1,1,1,1.167,nan,nan,nan,nan,nan,-0.067,nan,nan,0,0,0,-0.067,nan,500,fresh
309891,0,0,0,0,0,0,7,0,0,4,19,1,6,0,nan,nan,nan,nan,1.167,nan,nan,1,1,1,1,nan,nan,nan,nan,nan,-0.067,nan,nan,0,0,0,0,nan,500,fresh
310960,0,0,0,0,0,0,7,0,0,4,19,1,7,0,nan,nan,nan,nan,1.167,nan,nan,1,1,1,1.167,nan,nan,nan,nan,nan,-0.067,nan,nan,0,0,0,-0.067,nan,500,fresh
312029,0,0,0,0,0,0,7,0,0,4,19,1,6,0,nan,nan,nan,nan,1.167,nan,nan,1,1,1,1,nan,nan,nan,nan,nan,-0.067,nan,nan,0,0,0,0,nan,500,fresh
313098,0,0,0,0,0,0,7,0,0,4,19,1,7,0,nan,nan,nan,nan,1.167,nan,nan,1,1,1,1.167,nan,nan,nan,nan,nan,-0.067,nan,nan,0,0,0,-0.067,nan,500,fresh
323795,0,0,0,0,0,0,7,0,0,4,19,1,7,0,nan,nan,nan,nan,1.167,nan,nan,1,1,1,1.167,nan,nan,nan,nan,nan,-0.067,nan,nan,0,0,0,-0.067,nan,500,fresh
324865,0,0,0,0,0,0,7,0,0,4,19,1,7,0,nan,nan,nan,nan,1.167,nan,nan,1,1,1,1.167,nan,nan,nan,nan,nan,-0.067,nan,nan,0,0,0,-0.067,nan,500,fresh
325934,0,0,0,0,0,0,7,0,0,4,19,1,7,0,nan,nan,nan,nan,1.167,nan,nan,1,1,1,1.167,nan,nan,nan,nan,nan,-0.067,nan,nan,0,0,0,-0.067,nan,500,fresh
327004,0,0,0,0,0,0,7,0,0,4,19,1,7,0,nan,nan,nan,nan,1.167,nan,nan,1,1,1,1.167,nan,nan,nan,nan,nan,-0.067,nan,nan,0,0,0,-0.067,nan,500,fresh
347322,0,0,0,0,0,0,7,0,0,4,20,1,7,0,nan,nan,nan,nan,1.167,nan,nan,1,1.053,1,1.167,nan,nan,nan,nan,nan,-0.067,nan,nan,0,-0.022,0,-0.067,nan,500,fresh
348392,0,0,0,0,0,0,7,0,0,4,20,1,7,0,nan,nan,nan,nan,1.167,nan,nan,1,1.053,1,1.167,nan,nan,nan,nan,nan,-0.067,nan,nan,0,-0.022,0,-0.067,nan,500,fresh
349461,0,0,0,0,0,0,7,0,0,4,19,1,7,0,nan,nan,nan,nan,1.167,nan,nan,1,1,1,1.167,nan,nan,nan,nan,nan,-0.067,nan,nan,0,0,0,-0.067,nan,500,fresh
350530,0,0,0,0,0,0,7,0,0,4,20,1,7,0,nan,nan,nan,nan,1.167,nan,nan,1,1.053,1,1.167,nan,nan,nan,nan,nan,-0.067,nan,nan,0,-0.022,0,-0.067,nan,500,fresh
351600,0,0,0,0,0,0,7,0,0,4,20,1,7,0,nan,nan,nan,nan,1.167,nan,nan,1,1.053,1,1.167,nan,nan,nan,nan,nan,-0.067,nan,nan,0,-0.022,0,-0.067,nan,500,fresh
352669,0,0,0,0,0,0,7,0,0,4,20,1,7,0,nan,nan,nan,nan,1.167,nan,nan,1,1.053,1,1.167,nan,nan,nan,nan,nan,-0.067,nan,nan,0,-0.022,0,-0.067,nan,500,fresh
353738,0,0,0,0,0,0,7,0,0,4,20,1,7,0,nan,nan,nan,nan,1.167,nan,nan,1,1.053,1,1.167,nan,nan,nan,nan,nan,-0.067,nan,nan,0,-0.022,0,-0.067,nan,500,fresh
354807,0,0,0,0,0,0,7,0,0,4,20,1,7,0,nan,nan,nan,nan,1.167,nan,nan,1,1.053,1,1.167,nan,nan,nan,nan,nan,-0.067,nan,nan,0,-0.022,0,-0.067,nan,500,fresh
355876,0,0,0,0,0,0,7,0,0,4,20,1,7,0,nan,nan,nan,nan,1.167,nan,nan,1,1.053,1,1.167,nan,nan,nan,nan,nan,-0.067,nan,nan,0,-0.022,0,-0.067,nan,500,fresh
356945,0,0,0,0,0,0,7,0,0,4,20,1,7,0,nan,nan,nan,nan,1.167,nan,nan,1,1.053,1,1.167,nan,nan,nan,nan,nan,-0.067,nan,nan,0,-0.022,0,-0.067,nan,500,fresh
358014,0,0,0,0,0,0,7,0,0,4,20,1,7,0,nan,nan,nan,nan,1.167,nan,nan,1,1.053,1,1.167,nan,nan,nan,nan,nan,-0.067,nan,nan,0,-0.022,0,-0.067,nan,500,fresh
359084,0,0,0,0,0,0,7,0,0,4,20,1,7,0,nan,nan,nan,nan,1.167,nan,nan,1,1.053,1,1.167,nan,nan,nan,nan,nan,-0.067,nan,nan,0,-0.022,0,-0.067,nan,500,fresh
360154,0,0,0,0,0,0,7,0,0,4,20,1,7,0,nan,nan,nan,nan,1.167,nan,nan,1,1.053,1,1.167,nan,nan,nan,nan,nan,-0.067,nan,nan,0,-0.022,0,-0.067,nan,500,fresh
361224,0,0,0,0,0,0,7,0,0,4,20,1,7,0,nan,nan,nan,nan,1.167,nan,nan,1,1.053,1,1.167,nan,nan,nan,nan,nan,-0.067,nan,nan,0,-0.022,0,-0.067,nan,500,fresh
362294,0,0,0,0,0,0,7,0,0,4,19,1,7,0,nan,nan,nan,nan,1.167,nan,nan,1,1,1,1.167,nan,nan,nan,nan,nan,-0.067,nan,nan,0,0,0,-0.067,nan,500,fresh
363364,0,0,0,0,0,0,7,0,0,4,20,1,7,0,nan,nan,nan,nan,1.167,nan,nan,1,1.053,1,1.167,nan,nan,nan,nan,nan,-0.067,nan,nan,0,-0.022,0,-0.067,nan,500,fresh
364434,0,0,0,0,0,0,7,0,0,4,20,1,7,0,nan,nan,nan,nan,1.167,nan,nan,1,1.053,1,1.167,nan,nan,nan,nan,nan,-0.067,nan,nan,0,-0.022,0,-0.067,nan,500,fresh
365504,0,0,0,0,0,0,7,0,0,4,20,1,7,0,nan,nan,nan,nan,1.167,nan,nan,1,1.053,1,1.167,nan,nan,nan,nan,nan,-0.067,nan,nan,0,-0.022,0,-0.067,nan,500,fresh
366574,0,0,0,0,0,0,7,0,0,4,20,1,7,0,nan,nan,nan,nan,1.167,nan,nan,1,1.053,1,1.167,nan,nan,nan,nan,nan,-0.067,nan,nan,0,-0.022,0,-0.067,nan,500,fresh
367643,0,0,0,0,0,0,7,0,0,4,20,1,7,0,nan,nan,nan,nan,1.167,nan,nan,1,1.053,1,1.167,nan,nan,nan,nan,nan,-0.067,nan,nan,0,-0.022,0,-0.067,nan,500,fresh
368713,0,0,0,0,0,0,7,0,0,4,20,1,7,0,nan,nan,nan,nan,1.167,nan,nan,1,1.053,1,1.167,nan,nan,nan,nan,nan,-0.067,nan,nan,0,-0.022,0,-0.067,nan,500,fresh
369783,0,0,0,0,0,0,7,0,0,4,20,1,7,0,nan,nan,nan,nan,1.167,nan,nan,1,1.053,1,1.167,nan,nan,nan,nan,nan,-0.067,nan,nan,0,-0.022,0,-0.067,nan,500,fresh
370852,0,0,0,0,0,0,7,0,0,4,20,1,7,0,nan,nan,nan,nan,1.167,nan,nan,1,1.053,1,1.167,nan,nan,nan,nan,nan,-0.067,nan,nan,0,-0.022,0,-0.067,nan,500,fresh
371922,0,0,0,0,0,0,7,0,0,4,20,1,7,0,nan,nan,nan,nan,1.167,nan,nan,1,1.053,1,1.167,nan,nan,nan,nan,nan,-0.067,nan,nan,0,-0.022,0,-0.067,nan,500,fresh
372991,0,0,0,0,0,0,7,0,0,4,20,1,7,0,nan,nan,nan,nan,1.167,nan,nan,1,1.053,1,1.167,nan,nan,nan,nan,nan,-0.067,nan,nan,0,-0.022,0,-0.067,nan,500,fresh
374059,0,0,0,0,0,0,7,0,0,4,19,1,7,0,nan,nan,nan,nan,1.167,nan,nan,1,1,1,1.167,nan,nan,nan,nan,nan,-0.067,nan,nan,0,0,0,-0.067,nan,500,fresh
375127,0,0,0,0,0,0,7,0,0,4,20,1,7,0,nan,nan,nan,nan,1.167,nan,nan,1,1.053,1,1.167,nan,nan,nan,nan,nan,-0.067,nan,nan,0,-0.022,0,-0.067,nan,500,fresh
376197,0,0,0,0,0,0,7,0,0,4,20,1,7,0,nan,nan,nan,nan,1.167,nan,nan,1,1.053,1,1.167,nan,nan,nan,nan,nan,-0.067,nan,nan,0,-0.022,0,-0.067,nan,500,fresh
377265,0,0,0,0,0,0,7,0,0,4,19,1,7,0,nan,nan,nan,nan,1.167,nan,nan,1,1,1,1.167,nan,nan,nan,nan,nan,-0.067,nan,nan,0,0,0,-0.067,nan,500,fresh
378333,0,0,0,0,0,0,7,0,0,4,20,1,7,0,nan,nan,nan,nan,1.167,nan,nan,1,1.053,1,1.167,nan,nan,nan,nan,nan,-0.067,nan,nan,0,-0.022,0,-0.067,nan,500,fresh
379403,0,0,0,0,0,0,7,0,0,4,20,1,7,0,nan,nan,nan,nan,1.167,nan,nan,1,1.053,1,1.167,nan,nan,nan,nan,nan,-0.067,nan,nan,0,-0.022,0,-0.067,nan,500,fresh
380473,0,0,0,0,0,0,7,0,0,4,20,1,7,0,nan,nan,nan,nan,1.167,nan,nan,1,1.053,1,1.167,nan,nan,nan,nan,nan,-0.067,nan,nan,0,-0.022,0,-0.067,nan,500,fresh
381542,0,0,0,0,0,0,7,0,0,4,20,1,7,0,nan,nan,nan,nan,1.167,nan,nan,1,1.053,1,1.167,nan,nan,nan,nan,nan,-0.067,nan,nan,0,-0.022,0,-0.067,nan,500,fresh
382612,0,0,0,0,0,0,7,0,0,4,20,1,7,0,nan,nan,nan,nan,1.167,nan,nan,1,1.053,1,1.167,nan,nan,nan,nan,nan,-0.067,nan,nan,0,-0.022,0,-0.067,nan,500,fresh
383681,0,0,0,0,0,0,7,0,0,4,19,1,7,0,nan,nan,nan,nan,1.167,nan,nan,1,1,1,1.167,nan,nan,nan,nan,nan,-0.067,nan,nan,0,0,0,-0.067,nan,500,fresh
384750,0,0,0,0,0,0,7,0,0,4,20,1,7,0,nan,nan,nan,nan,1.167,nan,nan,1,1.053,1,1.167,nan,nan,nan,nan,nan,-0.067,nan,nan,0,-0.022,0,-0.067,nan,500,fresh
385819,0,0,0,0,0,0,7,0,0,4,20,1,7,0,nan,nan,nan,nan,1.167,nan,nan,1,1.053,1,1.167,nan,nan,nan,nan,nan,-0.067,nan,nan,0,-0.022,0,-0.067,nan,500,fresh
386889,0,0,0,0,0,0,6,0,0,4,19,1,7,0,nan,nan,nan,nan,1,nan,nan,1,1,1,1.167,nan,nan,nan,nan,nan,0,nan,nan,0,0,0,-0.067,nan,500,fresh
387957,0,0,0,0,0,0,7,0,0,4,20,1,7,0,nan,nan,nan,nan,1.167,nan,nan,1,1.053,1,1.167,nan,nan,nan,nan,nan,-0.067,nan,nan,0,-0.022,0,-0.067,nan,500,fresh
389027,0,0,0,0,0,0,7,0,0,4,20,1,7,0,nan,nan,nan,nan,1.167,nan,nan,1,1.053,1,1.167,nan,nan,nan,nan,nan,-0.067,nan,nan,0,-0.022,0,-0.067,nan,500,fresh
390096,0,0,0,0,0,0,7,0,0,4,20,1,7,0,nan,nan,nan,nan,1.167,nan,nan,1,1.053,1,1.167,nan,nan,nan,nan,nan,-0.067,nan,nan,0,-0.022,0,-0.067,nan,500,fresh
391165,0,0,0,0,0,0,7,0,0,4,20,1,7,0,nan,nan,nan,nan,1.167,nan,nan,1,1.053,1,1.167,nan,nan,nan,nan,nan,-0.067,nan,nan,0,-0.022,0,-0.067,nan,500,fresh
392235,0,0,0,0,0,0,7,0,0,4,19,1,7,0,nan,nan,nan,nan,1.167,nan,nan,1,1,1,1.167,nan,nan,nan,nan,nan,-0.067,nan,nan,0,0,0,-0.067,nan,500,fresh
393304,0,0,0,0,0,0,7,0,0,4,19,1,7,0,nan,nan,nan,nan,1.167,nan,nan,1,1,1,1.167,nan,nan,nan,nan,nan,-0.067,nan,nan,0,0,0,-0.067,nan,500,fresh
394373,0,0,0,0,0,0,7,0,0,4,19,1,7,0,nan,nan,nan,nan,1.167,nan,nan,1,1,1,1.167,nan,nan,nan,nan,nan,-0.067,nan,nan,0,0,0,-0.067,nan,500,fresh
395443,0,0,0,0,0,0,7,0,0,4,19,1,7,0,nan,nan,nan,nan,1.167,nan,nan,1,1,1,1.167,nan,nan,nan,nan,nan,-0.067,nan,nan,0,0,0,-0.067,nan,500,fresh
396513,0,0,0,0,0,0,7,0,0,4,19,1,7,0,nan,nan,nan,nan,1.167,nan,nan,1,1,1,1.167,nan,nan,nan,nan,nan,-0.067,nan,nan,0,0,0,-0.067,nan,500,fresh
397582,0,0,0,0,0,0,7,0,0,4,20,1,7,0,nan,nan,nan,nan,1.167,nan,nan,1,1.053,1,1.167,nan,nan,nan,nan,nan,-0.067,nan,nan,0,-0.022,0,-0.067,nan,500,fresh
398651,0,0,0,0,0,0,7,0,0,4,19,1,7,0,nan,nan,nan,nan,1.167,nan,nan,1,1,1,1.167,nan,nan,nan,nan,nan,-0.067,nan,nan,0,0,0,-0.067,nan,500,fresh
399720,0,0,0,0,0,0,7,0,0,4,20,1,7,0,nan,nan,nan,nan,1.167,nan,nan,1,1.053,1,1.167,nan,nan,nan,nan,nan,-0.067,nan,nan,0,-0.022,0,-0.067,nan,500,fresh
400789,0,0,0,0,0,0,7,0,0,4,20,1,7,0,nan,nan,nan,nan,1.167,nan,nan,1,1.053,1,1.167,nan,nan,nan,nan,nan,-0.067,nan,nan,0,-0.022,0,-0.067,nan,500,fresh
401859,0,0,0,0,0,0,7,0,0,4,19,1,7,0,nan,nan,nan,nan,1.167,nan,nan,1,1,1,1.167,nan,nan,nan,nan,nan,-0.067,nan,nan,0,0,0,-0.067,nan,500,fresh
402928,0,0,0,0,0,0,7,0,0,4,20,1,7,0,nan,nan,nan,nan,1.167,nan,nan,1,1.053,1,1.167,nan,nan,nan,nan,nan,-0.067,nan,nan,0,-0.022,0,-0.067,nan,500,fresh
403997,0,0,0,0,0,0,7,0,0,4,19,1,7,0,nan,nan,nan,nan,1.167,nan,nan,1,1,1,1.167,nan,nan,nan,nan,nan,-0.067,nan,nan,0,0,0,-0.067,nan,500,fresh
405067,0,0,0,0,0,0,7,0,0,4,19,1,7,0,nan,nan,nan,nan,1.167,nan,nan,1,1,1,1.167,nan,nan,nan,nan,nan,-0.067,nan,nan,0,0,0,-0.067,nan,500,fresh
406136,0,0,0,0,0,0,6,0,0,4,19,1,7,0,nan,nan,nan,nan,1,nan,nan,1,1,1,1.167,nan,nan,nan,nan,nan,0,nan,nan,0,0,0,-0.067,nan,500,fresh
407206,0,0,0,0,0,0,7,0,0,4,19,1,7,0,nan,nan,nan,nan,1.167,nan,nan,1,1,1,1.167,nan,nan,nan,nan,nan,-0.067,nan,nan,0,0,0,-0.067,nan,500,fresh
408276,0,0,0,0,0,0,7,0,0,4,19,1,7,0,nan,nan,nan,nan,1.167,nan,nan,1,1,1,1.167,nan,nan,nan,nan,nan,-0.067,nan,nan,0,0,0,-0.067,nan,500,fresh
409345,0,0,0,0,0,0,7,0,0,4,19,1,7,0,nan,nan,nan,nan,1.167,nan,nan,1,1,1,1.167,nan,nan,nan,nan,nan,-0.067,nan,nan,0,0,0,-0.067,nan,500,fresh
410415,0,0,0,0,0,0,7,0,0,4,19,1,7,0,nan,nan,nan,nan,1.167,nan,nan,1,1,1,1.167,nan,nan,nan,nan,nan,-0.067,nan,nan,0,0,0,-0.067,nan,500,fresh
411485,0,0,0,0,0,0,7,0,0,4,19,1,7,0,nan,nan,nan,nan,1.167,nan,nan,1,1,1,1.167,nan,nan,nan,nan,nan,-0.067,nan,nan,0,0,0,-0.067,nan,500,fresh
412555,0,0,0,0,0,0,7,0,0,4,19,1,7,0,nan,nan,nan,nan,1.167,nan,nan,1,1,1,1.167,nan,nan,nan,nan,nan,-0.067,nan,nan,0,0,0,-0.067,nan,500,fresh
413625,0,0,0,0,0,0,7,0,0,4,19,1,7,0,nan,nan,nan,nan,1.167,nan,nan,1,1,1,1.167,nan,nan,nan,nan,nan,-0.067,nan,nan,0,0,0,-0.067,nan,500,fresh
414694,0,0,0,0,0,0,7,0,0,4,19,1,7,0,nan,nan,nan,nan,1.167,nan,nan,1,1,1,1.167,nan,nan,nan,nan,nan,-0.067,nan,nan,0,0,0,-0.067,nan,500,fresh
415763,0,0,0,0,0,0,7,0,0,4,19,1,7,0,nan,nan,nan,nan,1.167,nan,nan,1,1,1,1.167,nan,nan,nan,nan,nan,-0.067,nan,nan,0,0,0,-0.067,nan,500,fresh
416832,0,0,0,0,0,0,7,0,0,4,19,1,7,0,nan,nan,nan,nan,1.167,nan,nan,1,1,1,1.167,nan,nan,nan,nan,nan,-0.067,nan,nan,0,0,0,-0.067,nan,500,fresh
417901,0,0,0,0,0,0,7,0,0,4,19,1,7,0,nan,nan,nan,nan,1.167,nan,nan,1,1,1,1.167,nan,nan,nan,nan,nan,-0.067,nan,nan,0,0,0,-0.067,nan,500,fresh
418971,0,0,0,0,0,0,7,0,0,4,19,1,7,0,nan,nan,nan,nan,1.167,nan,nan,1,1,1,1.167,nan,nan,nan,nan,nan,-0.067,nan,nan,0,0,0,-0.067,nan,500,fresh
420041,0,0,0,0,0,0,7,0,0,4,19,1,7,0,nan,nan,nan,nan,1.167,nan,nan,1,1,1,1.167,nan,nan,nan,nan,nan,-0.067,nan,nan,0,0,0,-0.067,nan,500,fresh
421111,0,0,0,0,0,0,7,0,0,4,19,1,7,0,nan,nan,nan,nan,1.167,nan,nan,1,1,1,1.167,nan,nan,nan,nan,nan,-0.067,nan,nan,0,0,0,-0.067,nan,500,fresh
422181,0,0,0,0,0,0,7,0,0,4,20,1,7,0,nan,nan,nan,nan,1.167,nan,nan,1,1.053,1,1.167,nan,nan,nan,nan,nan,-0.067,nan,nan,0,-0.022,0,-0.067,nan,500,fresh
423250,0,0,0,0,0,0,7,0,0,4,19,1,7,0,nan,nan,nan,nan,1.167,nan,nan,1,1,1,1.167,nan,nan,nan,nan,nan,-0.067,nan,nan,0,0,0,-0.067,nan,500,fresh
424319,0,0,0,0,0,0,7,0,0,4,19,1,7,0,nan,nan,nan,nan,1.167,nan,nan,1,1,1,1.167,nan,nan,nan,nan,nan,-0.067,nan,nan,0,0,0,-0.067,nan,500,fresh
425389,0,0,0,0,0,0,7,0,0,4,19,1,7,0,nan,nan,nan,nan,1.167,nan,nan,1,1,1,1.167,nan,nan,nan,nan,nan,-0.067,nan,nan,0,0,0,-0.067,nan,500,fresh
426457,0,0,0,0,0,0,7,0,0,4,20,1,7,0,nan,nan,nan,nan,1.167,nan,nan,1,1.053,1,1.167,nan,nan,nan,nan,nan,-0.067,nan,nan,0,-0.022,0,-0.067,nan,500,fresh
427527,0,0,0,0,0,0,7,0,0,4,19,1,7,0,nan,nan,nan,nan,1.167,nan,nan,1,1,1,1.167,nan,nan,nan,nan,nan,-0.067,nan,nan,0,0,0,-0.067,nan,500,fresh
428597,0,0,0,0,0,0,7,0,0,4,19,1,7,0,nan,nan,nan,nan,1.167,nan,nan,1,1,1,1.167,nan,nan,nan,nan,nan,-0.067,nan,nan,0,0,0,-0.067,nan,500,fresh
429666,0,0,0,0,0,0,7,0,0,4,19,1,7,0,nan,nan,nan,nan,1.167,nan,nan,1,1,1,1.167,nan,nan,nan,nan,nan,-0.067,nan,nan,0,0,0,-0.067,nan,500,fresh
430736,0,0,0,0,0,0,7,0,0,4,19,1,7,0,nan,nan,nan,nan,1.167,nan,nan,1,1,1,1.167,nan,nan,nan,nan,nan,-0.067,nan,nan,0,0,0,-0.067,nan,500,fresh
431806,0,0,0,0,0,0,7,0,0,4,19,1,7,0,nan,nan,nan,nan,1.167,nan,nan,1,1,1,1.167,nan,nan,nan,nan,nan,-0.067,nan,nan,0,0,0,-0.067,nan,500,fresh
432875,0,0,0,0,0,0,7,0,0,4,19,1,7,0,nan,nan,nan,nan,1.167,nan,nan,1,1,1,1.167,nan,nan,nan,nan,nan,-0.067,nan,nan,0,0,0,-0.067,nan,500,fresh
433945,0,0,0,0,0,0,7,0,0,4,19,1,7,0,nan,nan,nan,nan,1.167,nan,nan,1,1,1,1.167,nan,nan,nan,nan,nan,-0.067,nan,nan,0,0,0,-0.067,nan,500,fresh
435015,0,0,0,0,0,0,7,0,0,4,19,1,7,0,nan,nan,nan,nan,1.167,nan,nan,1,1,1,1.167,nan,nan,nan,nan,nan,-0.067,nan,nan,0,0,0,-0.067,nan,500,fresh
436085,0,0,0,0,0,0,7,0,0,4,19,1,7,0,nan,nan,nan,nan,1.167,nan,nan,1,1,1,1.167,nan,nan,nan,nan,nan,-0.067,nan,nan,0,0,0,-0.067,nan,500,fresh
437154,0,0,0,0,0,0,7,0,0,4,19,1,7,0,nan,nan,nan,nan,1.167,nan,nan,1,1,1,1.167,nan,nan,nan,nan,nan,-0.067,nan,nan,0,0,0,-0.067,nan,500,fresh
438224,0,0,0,0,0,0,7,0,0,4,19,1,7,0,nan,nan,nan,nan,1.167,nan,nan,1,1,1,1.167,nan,nan,nan,nan,nan,-0.067,nan,nan,0,0,0,-0.067,nan,500,fresh
50008,0,0,0,0,0,0,7,0,0,4,19,1,7,0,nan,nan,nan,nan,1.167,nan,nan,1,1,1,1.167,nan,nan,nan,nan,nan,-0.067,nan,nan,0,0,0,-0.067,nan,500,fresh
51077,0,0,0,0,0,0,6,0,0,4,19,1,7,0,nan,nan,nan,nan,1,nan,nan,1,1,1,1.167,nan,nan,nan,nan,nan,0,nan,nan,0,0,0,-0.067,nan,500,fresh
52146,0,0,0,0,0,0,7,0,0,4,19,1,7,0,nan,nan,nan,nan,1.167,nan,nan,1,1,1,1.167,nan,nan,nan,nan,nan,-0.067,nan,nan,0,0,0,-0.067,nan,500,fresh
53216,0,0,0,0,0,0,7,0,0,4,19,1,6,0,nan,nan,nan,nan,1.167,nan,nan,1,1,1,1,nan,nan,nan,nan,nan,-0.067,nan,nan,0,0,0,0,nan,500,fresh
54285,0,0,0,0,0,0,7,0,0,4,19,1,7,0,nan,nan,nan,nan,1.167,nan,nan,1,1,1,1.167,nan,nan,nan,nan,nan,-0.067,nan,nan,0,0,0,-0.067,nan,500,fresh
55355,0,0,0,0,0,0,7,0,0,4,19,1,6,0,nan,nan,nan,nan,1.167,nan,nan,1,1,1,1,nan,nan,nan,nan,nan,-0.067,nan,nan,0,0,0,0,nan,500,fresh
56425,0,0,0,0,0,0,7,0,0,4,19,1,7,0,nan,nan,nan,nan,1.167,nan,nan,1,1,1,1.167,nan,nan,nan,nan,nan,-0.067,nan,nan,0,0,0,-0.067,nan,500,fresh
57495,0,0,0,0,0,0,7,0,0,4,19,1,7,0,nan,nan,nan,nan,1.167,nan,nan,1,1,1,1.167,nan,nan,nan,nan,nan,-0.067,nan,nan,0,0,0,-0.067,nan,500,fresh
58564,0,0,0,0,0,0,7,0,0,4,19,1,7,0,nan,nan,nan,nan,1.167,nan,nan,1,1,1,1.167,nan,nan,nan,nan,nan,-0.067,nan,nan,0,0,0,-0.067,nan,500,fresh
59634,0,0,0,0,0,0,7,0,0,4,19,1,7,0,nan,nan,nan,nan,1.167,nan,nan,1,1,1,1.167,nan,nan,nan,nan,nan,-0.067,nan,nan,0,0,0,-0.067,nan,500,fresh
60704,0,0,0,0,0,0,7,0,0,4,19,1,7,0,nan,nan,nan,nan,1.167,nan,nan,1,1,1,1.167,nan,nan,nan,nan,nan,-0.067,nan,nan,0,0,0,-0.067,nan,500,fresh
61774,0,0,0,0,0,0,7,0,0,4,19,1,7,0,nan,nan,nan,nan,1.167,nan,nan,1,1,1,1.167,nan,nan,nan,nan,nan,-0.067,nan,nan,0,0,0,-0.067,nan,500,fresh
62844,0,0,0,0,0,0,6,0,0,4,19,1,7,0,nan,nan,nan,nan,1,nan,nan,1,1,1,1.167,nan,nan,nan,nan,nan,0,nan,nan,0,0,0,-0.067,nan,500,fresh
63913,0,0,0,0,0,0,7,0,0,4,19,1,7,0,nan,nan,nan,nan,1.167,nan,nan,1,1,1,1.167,nan,nan,nan,nan,nan,-0.067,nan,nan,0,0,0,-0.067,nan,500,fresh
64983,0,0,0,0,0,0,7,0,0,4,19,1,7,0,nan,nan,nan,nan,1.167,nan,nan,1,1,1,1.167,nan,nan,nan,nan,nan,-0.067,nan,nan,0,0,0,-0.067,nan,500,fresh
66053,0,0,0,0,0,0,7,0,0,4,19,1,7,0,nan,nan,nan,nan,1.167,nan,nan,1,1,1,1.167,nan,nan,nan,nan,nan,-0.067,nan,nan,0,0,0,-0.067,nan,500,fresh
67123,0,0,0,0,0,0,7,0,0,4,19,1,7,0,nan,nan,nan,nan,1.167,nan,nan,1,1,1,1.167,nan,nan,nan,nan,nan,-0.067,nan,nan,0,0,0,-0.067,nan,500,fresh
68193,0,0,0,0,0,0,7,0,0,4,19,1,7,0,nan,nan,nan,nan,1.167,nan,nan,1,1,1,1.167,nan,nan,nan,nan,nan,-0.067,nan,nan,0,0,0,-0.067,nan,500,fresh
69263,0,0,0,0,0,0,7,0,0,4,19,1,7,0,nan,nan,nan,nan,1.167,nan,nan,1,1,1,1.167,nan,nan,nan,nan,nan,-0.067,nan,nan,0,0,0,-0.067,nan,500,fresh
70333,0,0,0,0,0,0,7,0,0,4,19,1,7,0,nan,nan,nan,nan,1.167,nan,nan,1,1,1,1.167,nan,nan,nan,nan,nan,-0.067,nan,nan,0,0,0,-0.067,nan,500,fresh
71403,0,0,0,0,0,0,7,0,0,4,19,1,7,0,nan,nan,nan,nan,1.167,nan,nan,1,1,1,1.167,nan,nan,nan,nan,nan,-0.067,nan,nan,0,0,0,-0.067,nan,500,fresh
72473,0,0,0,0,0,0,6,0,0,4,19,1,7,0,nan,nan,nan,nan,1,nan,nan,1,1,1,1.167,nan,nan,nan,nan,nan,0,nan,nan,0,0,0,-0.067,nan,500,fresh
73542,0,0,0,0,0,0,7,0,0,4,19,1,6,0,nan,nan,nan,nan,1.167,nan,nan,1,1,1,1,nan,nan,nan,nan,nan,-0.067,nan,nan,0,0,0,0,nan,500,fresh
74611,0,0,0,0,0,0,7,0,0,4,19,1,7,0,nan,nan,nan,nan,1.167,nan,nan,1,1,1,1.167,nan,nan,nan,nan,nan,-0.067,nan,nan,0,0,0,-0.067,nan,500,fresh
75681,0,0,0,0,0,0,7,0,0,4,19,1,7,0,nan,nan,nan,nan,1.167,nan,nan,1,1,1,1.167,nan,nan,nan,nan,nan,-0.067,nan,nan,0,0,0,-0.067,nan,500,fresh
76751,0,0,0,0,0,0,7,0,0,4,19,1,7,0,nan,nan,nan,nan,1.167,nan,nan,1,1,1,1.167,nan,nan,nan,nan,nan,-0.067,nan,nan,0,0,0,-0.067,nan,500,fresh
77821,0,0,0,0,0,0,7,0,0,4,19,1,7,0,nan,nan,nan,nan,1.167,nan,nan,1,1,1,1.167,nan,nan,nan,nan,nan,-0.067,nan,nan,0,0,0,-0.067,nan,500,fresh
78891,0,0,0,0,0,0,7,0,0,4,19,1,7,0,nan,nan,nan,nan,1.167,nan,nan,1,1,1,1.167,nan,nan,nan,nan,nan,-0.067,nan,nan,0,0,0,-0.067,nan,500,fresh
79960,0,0,0,0,0,0,7,0,0,4,19,1,6,0,nan,nan,nan,nan,1.167,nan,nan,1,1,1,1,nan,nan,nan,nan,nan,-0.067,nan,nan,0,0,0,0,nan,500,fresh
81030,0,0,0,0,0,0,6,0,0,4,19,1,7,0,nan,nan,nan,nan,1,nan,nan,1,1,1,1.167,nan,nan,nan,nan,nan,0,nan,nan,0,0,0,-0.067,nan,500,fresh
82099,0,0,0,0,0,0,7,0,0,4,19,1,7,0,nan,nan,nan,nan,1.167,nan,nan,1,1,1,1.167,nan,nan,nan,nan,nan,-0.067,nan,nan,0,0,0,-0.067,nan,500,fresh
83168,0,0,0,0,0,0,7,0,0,4,19,1,7,0,nan,nan,nan,nan,1.167,nan,nan,1,1,1,1.167,nan,nan,nan,nan,nan,-0.067,nan,nan,0,0,0,-0.067,nan,500,fresh
84238,0,0,0,0,0,0,7,0,0,4,19,1,6,0,nan,nan,nan,nan,1.167,nan,nan,1,1,1,1,nan,nan,nan,nan,nan,-0.067,nan,nan,0,0,0,0,nan,500,fresh
85308,0,0,0,0,0,0,7,0,0,4,19,1,7,0,nan,nan,nan,nan,1.167,nan,nan,1,1,1,1.167,nan,nan,nan,nan,nan,-0.067,nan,nan,0,0,0,-0.067,nan,500,fresh
86377,0,0,0,0,0,0,7,0,0,4,19,1,7,0,nan,nan,nan,nan,1.167,nan,nan,1,1,1,1.167,nan,nan,nan,nan,nan,-0.067,nan,nan,0,0,0,-0.067,nan,500,fresh
87447,0,0,0,0,0,0,7,0,0,4,19,1,7,0,nan,nan,nan,nan,1.167,nan,nan,1,1,1,1.167,nan,nan,nan,nan,nan,-0.067,nan,nan,0,0,0,-0.067,nan,500,fresh
88516,0,0,0,0,0,0,6,0,0,4,19,1,7,0,nan,nan,nan,nan,1,nan,nan,1,1,1,1.167,nan,nan,nan,nan,nan,0,nan,nan,0,0,0,-0.067,nan,500,fresh
89586,0,0,0,0,0,0,7,0,0,4,19,1,7,0,nan,nan,nan,nan,1.167,nan,nan,1,1,1,1.167,nan,nan,nan,nan,nan,-0.067,nan,nan,0,0,0,-0.067,nan,500,fresh
90655,0,0,0,0,0,0,7,0,0,4,19,1,7,0,nan,nan,nan,nan,1.167,nan,nan,1,1,1,1.167,nan,nan,nan,nan,nan,-0.067,nan,nan,0,0,0,-0.067,nan,500,fresh
91723,0,0,0,0,0,0,7,0,0,4,19,1,7,0,nan,nan,nan,nan,1.167,nan,nan,1,1,1,1.167,nan,nan,nan,nan,nan,-0.067,nan,nan,0,0,0,-0.067,nan,500,fresh
92792,0,0,0,0,0,0,7,0,0,4,19,1,7,0,nan,nan,nan,nan,1.167,nan,nan,1,1,1,1.167,nan,nan,nan,nan,nan,-0.067,nan,nan,0,0,0,-0.067,nan,500,fresh
93862,0,0,0,0,0,0,6,0,0,4,19,1,7,0,nan,nan,nan,nan,1,nan,nan,1,1,1,1.167,nan,nan,nan,nan,nan,0,nan,nan,0,0,0,-0.067,nan,500,fresh
94931,0,0,0,0,0,0,7,0,0,4,19,1,7,0,nan,nan,nan,nan,1.167,nan,nan,1,1,1,1.167,nan,nan,nan,nan,nan,-0.067,nan,nan,0,0,0,-0.067,nan,500,fresh
96000,0,0,0,0,0,0,7,0,0,4,19,1,7,0,nan,nan,nan,nan,1.167,nan,nan,1,1,1,1.167,nan,nan,nan,nan,nan,-0.067,nan,nan,0,0,0,-0.067,nan,500,fresh
97069,0,0,0,0,0,0,7,0,0,4,19,1,7,0,nan,nan,nan,nan,1.167,nan,nan,1,1,1,1.167,nan,nan,nan,nan,nan,-0.067,nan,nan,0,0,0,-0.067,nan,500,fresh
98138,0,0,0,0,0,0,7,0,0,4,19,1,7,0,nan,nan,nan,nan,1.167,nan,nan,1,1,1,1.167,nan,nan,nan,nan,nan,-0.067,nan,nan,0,0,0,-0.067,nan,500,fresh
99207,0,0,0,0,0,0,7,0,0,4,19,1,7,0,nan,nan,nan,nan,1.167,nan,nan,1,1,1,1.167,nan,nan,nan,nan,nan,-0.067,nan,nan,0,0,0,-0.067,nan,500,fresh
100276,0,0,0,0,0,0,7,0,0,4,19,1,7,0,nan,nan,nan,nan,1.167,nan,nan,1,1,1,1.167,nan,nan,nan,nan,nan,-0.067,nan,nan,0,0,0,-0.067,nan,500,fresh
101346,0,0,0,0,0,0,7,0,0,4,19,1,7,0,nan,nan,nan,nan,1.167,nan,nan,1,1,1,1.167,nan,nan,nan,nan,nan,-0.067,nan,nan,0,0,0,-0.067,nan,500,fresh
102416,0,0,0,0,0,0,7,0,0,4,19,1,7,0,nan,nan,nan,nan,1.167,nan,nan,1,1,1,1.167,nan,nan,nan,nan,nan,-0.067,nan,nan,0,0,0,-0.067,nan,500,fresh
103485,0,0,0,0,0,0,7,0,0,3,19,1,7,0,nan,nan,nan,nan,1.167,nan,nan,0.75,1,1,1.167,nan,nan,nan,nan,nan,-0.067,nan,nan,0.125,0,0,-0.067,nan,500,fresh
104555,0,0,0,0,0,0,6,0,0,4,19,1,7,0,nan,nan,nan,nan,1,nan,nan,1,1,1,1.167,nan,nan,nan,nan,nan,0,nan,nan,0,0,0,-0.067,nan,500,fresh
105625,0,0,0,0,0,0,7,0,0,4,19,1,7,0,nan,nan,nan,nan,1.167,nan,nan,1,1,1,1.167,nan,nan,nan,nan,nan,-0.067,nan,nan,0,0,0,-0.067,nan,500,fresh
106694,0,0,0,0,0,0,7,0,0,4,19,1,7,0,nan,nan,nan,nan,1.167,nan,nan,1,1,1,1.167,nan,nan,nan,nan,nan,-0.067,nan,nan,0,0,0,-0.067,nan,500,fresh
107763,0,0,0,0,0,0,7,0,0,4,19,1,7,0,nan,nan,nan,nan,1.167,nan,nan,1,1,1,1.167,nan,nan,nan,nan,nan,-0.067,nan,nan,0,0,0,-0.067,nan,500,fresh
108833,0,0,0,0,0,0,7,0,0,4,19,1,7,0,nan,nan,nan,nan,1.167,nan,nan,1,1,1,1.167,nan,nan,nan,nan,nan,-0.067,nan,nan,0,0,0,-0.067,nan,500,fresh
109903,0,0,0,0,0,0,7,0,0,4,19,1,7,0,nan,nan,nan,nan,1.167,nan,nan,1,1,1,1.167,nan,nan,nan,nan,nan,-0.067,nan,nan,0,0,0,-0.067,nan,500,fresh
110971,0,0,0,0,0,0,7,0,0,4,19,1,7,0,nan,nan,nan,nan,1.167,nan,nan,1,1,1,1.167,nan,nan,nan,nan,nan,-0.067,nan,nan,0,0,0,-0.067,nan,500,fresh
112041,0,0,0,0,0,0,7,0,0,4,19,1,7,0,nan,nan,nan,nan,1.167,nan,nan,1,1,1,1.167,nan,nan,nan,nan,nan,-0.067,nan,nan,0,0,0,-0.067,nan,500,fresh
113111,0,0,0,0,0,0,7,0,0,4,19,1,7,0,nan,nan,nan,nan,1.167,nan,nan,1,1,1,1.167,nan,nan,nan,nan,nan,-0.067,nan,nan,0,0,0,-0.067,nan,500,fresh
114180,0,0,0,0,0,0,7,0,0,4,19,1,7,0,nan,nan,nan,nan,1.167,nan,nan,1,1,1,1.167,nan,nan,nan,nan,nan,-0.067,nan,nan,0,0,0,-0.067,nan,500,fresh
115250,0,0,0,0,0,0,7,0,0,4,19,1,7,0,nan,nan,nan,nan,1.167,nan,nan,1,1,1,1.167,nan,nan,nan,nan,nan,-0.067,nan,nan,0,0,0,-0.067,nan,500,fresh
116319,0,0,0,0,0,0,7,0,0,4,19,1,7,0,nan,nan,nan,nan,1.167,nan,nan,1,1,1,1.167,nan,nan,nan,nan,nan,-0.067,nan,nan,0,0,0,-0.067,nan,500,fresh
117388,0,0,0,0,0,0,7,0,0,4,19,1,7,0,nan,nan,nan,nan,1.167,nan,nan,1,1,1,1.167,nan,nan,nan,nan,nan,-0.067,nan,nan,0,0,0,-0.067,nan,500,fresh
118457,0,0,0,0,0,0,7,0,0,4,19,1,7,0,nan,nan,nan,nan,1.167,nan,nan,1,1,1,1.167,nan,nan,nan,nan,nan,-0.067,nan,nan,0,0,0,-0.067,nan,500,fresh
119526,0,0,0,0,0,0,7,0,0,4,19,1,7,0,nan,nan,nan,nan,1.167,nan,nan,1,1,1,1.167,nan,nan,nan,nan,nan,-0.067,nan,nan,0,0,0,-0.067,nan,500,fresh
120596,0,0,0,0,0,0,7,0,0,4,19,1,7,0,nan,nan,nan,nan,1.167,nan,nan,1,1,1,1.167,nan,nan,nan,nan,nan,-0.067,nan,nan,0,0,0,-0.067,nan,500,fresh
121664,0,0,0,0,0,0,7,0,0,4,19,1,7,0,nan,nan,nan,nan,1.167,nan,nan,1,1,1,1.167,nan,nan,nan,nan,nan,-0.067,nan,nan,0,0,0,-0.067,nan,500,fresh
122733,0,0,0,0,0,0,6,0,0,4,19,1,7,0,nan,nan,nan,nan,1,nan,nan,1,1,1,1.167,nan,nan,nan,nan,nan,0,nan,nan,0,0,0,-0.067,nan,500,fresh
123803,0,0,0,0,0,0,7,0,0,4,19,1,7,0,nan,nan,nan,nan,1.167,nan,nan,1,1,1,1.167,nan,nan,nan,nan,nan,-0.067,nan,nan,0,0,0,-0.067,nan,500,fresh
124872,0,0,0,0,0,0,7,0,0,4,19,1,7,0,nan,nan,nan,nan,1.167,nan,nan,1,1,1,1.167,nan,nan,nan,nan,nan,-0.067,nan,nan,0,0,0,-0.067,nan,500,fresh
125941,0,0,0,0,0,0,7,0,0,4,19,1,7,0,nan,nan,nan,nan,1.167,nan,nan,1,1,1,1.167,nan,nan,nan,nan,nan,-0.067,nan,nan,0,0,0,-0.067,nan,500,fresh
127011,0,0,0,0,0,0,7,0,0,4,19,1,7,0,nan,nan,nan,nan,1.167,nan,nan,1,1,1,1.167,nan,nan,nan,nan,nan,-0.067,nan,nan,0,0,0,-0.067,nan,500,fresh
128081,0,0,0,0,0,0,7,0,0,4,19,1,7,0,nan,nan,nan,nan,1.167,nan,nan,1,1,1,1.167,nan,nan,nan,nan,nan,-0.067,nan,nan,0,0,0,-0.067,nan,500,fresh
129149,0,0,0,0,0,0,7,0,0,4,19,1,7,0,nan,nan,nan,nan,1.167,nan,nan,1,1,1,1.167,nan,nan,nan,nan,nan,-0.067,nan,nan,0,0,0,-0.067,nan,500,fresh
130219,0,0,0,0,0,0,7,0,0,4,19,1,7,0,nan,nan,nan,nan,1.167,nan,nan,1,1,1,1.167,nan,nan,nan,nan,nan,-0.067,nan,nan,0,0,0,-0.067,nan,500,fresh
131289,0,0,0,0,0,0,7,0,0,4,19,1,7,0,nan,nan,nan,nan,1.167,nan,nan,1,1,1,1.167,nan,nan,nan,nan,nan,-0.067,nan,nan,0,0,0,-0.067,nan,500,fresh
132359,0,0,0,0,0,0,7,0,0,4,19,1,6,0,nan,nan,nan,nan,1.167,nan,nan,1,1,1,1,nan,nan,nan,nan,nan,-0.067,nan,nan,0,0,0,0,nan,500,fresh
133429,0,0,0,0,0,0,7,0,0,4,19,1,7,0,nan,nan,nan,nan,1.167,nan,nan,1,1,1,1.167,nan,nan,nan,nan,nan,-0.067,nan,nan,0,0,0,-0.067,nan,500,fresh
134497,0,0,0,0,0,0,7,0,0,4,19,1,7,0,nan,nan,nan,nan,1.167,nan,nan,1,1,1,1.167,nan,nan,nan,nan,nan,-0.067,nan,nan,0,0,0,-0.067,nan,500,fresh
135567,0,0,0,0,0,0,7,0,0,4,19,1,7,0,nan,nan,nan,nan,1.167,nan,nan,1,1,1,1.167,nan,nan,nan,nan,nan,-0.067,nan,nan,0,0,0,-0.067,nan,500,fresh
136637,0,0,0,0,0,0,7,0,0,4,19,1,7,0,nan,nan,nan,nan,1.167,nan,nan,1,1,1,1.167,nan,nan,nan,nan,nan,-0.067,nan,nan,0,0,0,-0.067,nan,500,fresh
137707,0,0,0,0,0,0,7,0,0,4,19,1,7,0,nan,nan,nan,nan,1.167,nan,nan,1,1,1,1.167,nan,nan,nan,nan,nan,-0.067,nan,nan,0,0,0,-0.067,nan,500,fresh
138776,0,0,0,0,0,0,7,0,0,4,19,1,7,0,nan,nan,nan,nan,1.167,nan,nan,1,1,1,1.167,nan,nan,nan,nan,nan,-0.067,nan,nan,0,0,0,-0.067,nan,500,fresh
139845,0,0,0,0,0,0,7,0,0,4,19,1,7,0,nan,nan,nan,nan,1.167,nan,nan,1,1,1,1.167,nan,nan,nan,nan,nan,-0.067,nan,nan,0,0,0,-0.067,nan,500,fresh
140915,0,0,0,0,0,0,7,0,0,4,19,1,7,0,nan,nan,nan,nan,1.167,nan,nan,1,1,1,1.167,nan,nan,nan,nan,nan,-0.067,nan,nan,0,0,0,-0.067,nan,500,fresh
141984,0,0,0,0,0,0,7,0,0,4,19,1,7,0,nan,nan,nan,nan,1.167,nan,nan,1,1,1,1.167,nan,nan,nan,nan,nan,-0.067,nan,nan,0,0,0,-0.067,nan,500,fresh
143054,0,0,0,0,0,0,7,0,0,4,19,1,7,0,nan,nan,nan,nan,1.167,nan,nan,1,1,1,1.167,nan,nan,nan,nan,nan,-0.067,nan,nan,0,0,0,-0.067,nan,500,fresh
144124,0,0,0,0,0,0,7,0,0,4,19,1,7,0,nan,nan,nan,nan,1.167,nan,nan,1,1,1,1.167,nan,nan,nan,nan,nan,-0.067,nan,nan,0,0,0,-0.067,nan,500,fresh
145194,0,0,0,0,0,0,7,0,0,4,19,1,7,0,nan,nan,nan,nan,1.167,nan,nan,1,1,1,1.167,nan,nan,nan,nan,nan,-0.067,nan,nan,0,0,0,-0.067,nan,500,fresh
146264,0,0,0,0,0,0,7,0,0,4,19,1,7,0,nan,nan,nan,nan,1.167,nan,nan,1,1,1,1.167,nan,nan,nan,nan,nan,-0.067,nan,nan,0,0,0,-0.067,nan,500,fresh
147332,0,0,0,0,0,0,7,0,0,4,19,1,7,0,nan,nan,nan,nan,1.167,nan,nan,1,1,1,1.167,nan,nan,nan,nan,nan,-0.067,nan,nan,0,0,0,-0.067,nan,500,fresh
148402,0,0,0,0,0,0,7,0,0,4,19,1,7,0,nan,nan,nan,nan,1.167,nan,nan,1,1,1,1.167,nan,nan,nan,nan,nan,-0.067,nan,nan,0,0,0,-0.067,nan,500,fresh
149471,0,0,0,0,0,0,7,0,0,4,19,1,7,0,nan,nan,nan,nan,1.167,nan,nan,1,1,1,1.167,nan,nan,nan,nan,nan,-0.067,nan,nan,0,0,0,-0.067,nan,500,fresh
150541,0,0,0,0,0,0,7,0,0,4,19,1,7,0,nan,nan,nan,nan,1.167,nan,nan,1,1,1,1.167,nan,nan,nan,nan,nan,-0.067,nan,nan,0,0,0,-0.067,nan,500,fresh
151611,0,0,0,0,0,0,7,0,0,4,19,1,7,0,nan,nan,nan,nan,1.167,nan,nan,1,1,1,1.167,nan,nan,nan,nan,nan,-0.067,nan,nan,0,0,0,-0.067,nan,500,fresh
152680,0,0,0,0,0,0,7,0,0,4,19,1,7,0,nan,nan,nan,nan,1.167,nan,nan,1,1,1,1.167,nan,nan,nan,nan,nan,-0.067,nan,nan,0,0,0,-0.067,nan,500,fresh
153750,0,0,0,0,0,0,7,0,0,4,19,1,7,0,nan,nan,nan,nan,1.167,nan,nan,1,1,1,1.167,nan,nan,nan,nan,nan,-0.067,nan,nan,0,0,0,-0.067,nan,500,fresh
154820,0,0,0,0,0,0,7,0,0,4,19,1,7,0,nan,nan,nan,nan,1.167,nan,nan,1,1,1,1.167,nan,nan,nan,nan,nan,-0.067,nan,nan,0,0,0,-0.067,nan,500,fresh
155890,0,0,0,0,0,0,7,0,0,4,19,1,7,0,nan,nan,nan,nan,1.167,nan,nan,1,1,1,1.167,nan,nan,nan,nan,nan,-0.067,nan,nan,0,0,0,-0.067,nan,500,fresh
156960,0,0,0,0,0,0,7,0,0,4,19,1,7,0,nan,nan,nan,nan,1.167,nan,nan,1,1,1,1.167,nan,nan,nan,nan,nan,-0.067,nan,nan,0,0,0,-0.067,nan,500,fresh
158030,0,0,0,0,0,0,7,0,0,4,19,1,7,0,nan,nan,nan,nan,1.167,nan,nan,1,1,1,1.167,nan,nan,nan,nan,nan,-0.067,nan,nan,0,0,0,-0.067,nan,500,fresh
159100,0,0,0,0,0,0,7,0,0,4,19,1,6,0,nan,nan,nan,nan,1.167,nan,nan,1,1,1,1,nan,nan,nan,nan,nan,-0.067,nan,nan,0,0,0,0,nan,500,fresh
160168,0,0,0,0,0,0,7,0,0,4,19,1,7,0,nan,nan,nan,nan,1.167,nan,nan,1,1,1,1.167,nan,nan,nan,nan,nan,-0.067,nan,nan,0,0,0,-0.067,nan,500,fresh
161237,0,0,0,0,0,0,7,0,0,4,19,1,7,0,nan,nan,nan,nan,1.167,nan,nan,1,1,1,1.167,nan,nan,nan,nan,nan,-0.067,nan,nan,0,0,0,-0.067,nan,500,fresh
162306,0,0,0,0,0,0,7,0,0,4,19,1,7,0,nan,nan,nan,nan,1.167,nan,nan,1,1,1,1.167,nan,nan,nan,nan,nan,-0.067,nan,nan,0,0,0,-0.067,nan,500,fresh
163376,0,0,0,0,0,0,7,0,0,4,19,1,7,0,nan,nan,nan,nan,1.167,nan,nan,1,1,1,1.167,nan,nan,nan,nan,nan,-0.067,nan,nan,0,0,0,-0.067,nan,500,fresh
164444,0,0,0,0,0,0,7,0,0,4,19,1,7,0,nan,nan,nan,nan,1.167,nan,nan,1,1,1,1.167,nan,nan,nan,nan,nan,-0.067,nan,nan,0,0,0,-0.067,nan,500,fresh
165513,0,0,0,0,0,0,7,0,0,4,19,1,7,0,nan,nan,nan,nan,1.167,nan,nan,1,1,1,1.167,nan,nan,nan,nan,nan,-0.067,nan,nan,0,0,0,-0.067,nan,500,fresh
166583,0,0,0,0,0,0,7,0,0,4,19,1,7,0,nan,nan,nan,nan,1.167,nan,nan,1,1,1,1.167,nan,nan,nan,nan,nan,-0.067,nan,nan,0,0,0,-0.067,nan,500,fresh
167652,0,0,0,0,0,0,7,0,0,4,19,1,7,0,nan,nan,nan,nan,1.167,nan,nan,1,1,1,1.167,nan,nan,nan,nan,nan,-0.067,nan,nan,0,0,0,-0.067,nan,500,fresh
168722,0,0,0,0,0,0,7,0,0,4,19,1,7,0,nan,nan,nan,nan,1.167,nan,nan,1,1,1,1.167,nan,nan,nan,nan,nan,-0.067,nan,nan,0,0,0,-0.067,nan,500,fresh
169792,0,0,0,0,0,0,7,0,0,4,19,1,7,0,nan,nan,nan,nan,1.167,nan,nan,1,1,1,1.167,nan,nan,nan,nan,nan,-0.067,nan,nan,0,0,0,-0.067,nan,500,fresh
170862,0,0,0,0,0,0,7,0,0,4,19,1,7,0,nan,nan,nan,nan,1.167,nan,nan,1,1,1,1.167,nan,nan,nan,nan,nan,-0.067,nan,nan,0,0,0,-0.067,nan,500,fresh
171932,0,0,0,0,0,0,6,0,0,4,19,1,7,0,nan,nan,nan,nan,1,nan,nan,1,1,1,1.167,nan,nan,nan,nan,nan,0,nan,nan,0,0,0,-0.067,nan,500,fresh
173002,0,0,0,0,0,0,7,0,0,4,19,1,7,0,nan,nan,nan,nan,1.167,nan,nan,1,1,1,1.167,nan,nan,nan,nan,nan,-0.067,nan,nan,0,0,0,-0.067,nan,500,fresh
174072,0,0,0,0,0,0,7,0,0,4,19,1,7,0,nan,nan,nan,nan,1.167,nan,nan,1,1,1,1.167,nan,nan,nan,nan,nan,-0.067,nan,nan,0,0,0,-0.067,nan,500,fresh
175140,0,0,0,0,0,0,6,0,0,4,19,1,7,0,nan,nan,nan,nan,1,nan,nan,1,1,1,1.167,nan,nan,nan,nan,nan,0,nan,nan,0,0,0,-0.067,nan,500,fresh
176210,0,0,0,0,0,0,7,0,0,4,19,1,7,0,nan,nan,nan,nan,1.167,nan,nan,1,1,1,1.167,nan,nan,nan,nan,nan,-0.067,nan,nan,0,0,0,-0.067,nan,500,fresh
177280,0,0,0,0,0,0,7,0,0,4,19,1,7,0,nan,nan,nan,nan,1.167,nan,nan,1,1,1,1.167,nan,nan,nan,nan,nan,-0.067,nan,nan,0,0,0,-0.067,nan,500,fresh
178350,0,0,0,0,0,0,6,0,0,4,19,1,7,0,nan,nan,nan,nan,1,nan,nan,1,1,1,1.167,nan,nan,nan,nan,nan,0,nan,nan,0,0,0,-0.067,nan,500,fresh
179419,0,0,0,0,0,0,7,0,0,4,19,1,7,0,nan,nan,nan,nan,1.167,nan,nan,1,1,1,1.167,nan,nan,nan,nan,nan,-0.067,nan,nan,0,0,0,-0.067,nan,500,fresh
180488,0,0,0,0,0,0,7,0,0,4,19,1,7,0,nan,nan,nan,nan,1.167,nan,nan,1,1,1,1.167,nan,nan,nan,nan,nan,-0.067,nan,nan,0,0,0,-0.067,nan,500,fresh
181557,0,0,0,0,0,0,7,0,0,4,19,1,7,0,nan,nan,nan,nan,1.167,nan,nan,1,1,1,1.167,nan,nan,nan,nan,nan,-0.067,nan,nan,0,0,0,-0.067,nan,500,fresh
182627,0,0,0,0,0,0,7,0,0,4,19,1,7,0,nan,nan,nan,nan,1.167,nan,nan,1,1,1,1.167,nan,nan,nan,nan,nan,-0.067,nan,nan,0,0,0,-0.067,nan,500,fresh
183697,0,0,0,0,0,0,7,0,0,4,19,1,7,0,nan,nan,nan,nan,1.167,nan,nan,1,1,1,1.167,nan,nan,nan,nan,nan,-0.067,nan,nan,0,0,0,-0.067,nan,500,fresh
184766,0,0,0,0,0,0,7,0,0,4,19,1,7,0,nan,nan,nan,nan,1.167,nan,nan,1,1,1,1.167,nan,nan,nan,nan,nan,-0.067,nan,nan,0,0,0,-0.067,nan,500,fresh
185836,0,0,0,0,0,0,7,0,0,4,19,1,7,0,nan,nan,nan,nan,1.167,nan,nan,1,1,1,1.167,nan,nan,nan,nan,nan,-0.067,nan,nan,0,0,0,-0.067,nan,500,fresh
186906,0,0,0,0,0,0,7,0,0,4,19,1,7,0,nan,nan,nan,nan,1.167,nan,nan,1,1,1,1.167,nan,nan,nan,nan,nan,-0.067,nan,nan,0,0,0,-0.067,nan,500,fresh
187976,0,0,0,0,0,0,7,0,0,4,19,1,6,0,nan,nan,nan,nan,1.167,nan,nan,1,1,1,1,nan,nan,nan,nan,nan,-0.067,nan,nan,0,0,0,0,nan,500,fresh
189046,0,0,0,0,0,0,7,0,0,4,19,1,6,0,nan,nan,nan,nan,1.167,nan,nan,1,1,1,1,nan,nan,nan,nan,nan,-0.067,nan,nan,0,0,0,0,nan,500,fresh
190115,0,0,0,0,0,0,6,0,0,4,19,1,7,0,nan,nan,nan,nan,1,nan,nan,1,1,1,1.167,nan,nan,nan,nan,nan,0,nan,nan,0,0,0,-0.067,nan,500,fresh
191185,0,0,0,0,0,0,7,0,0,4,19,1,6,0,nan,nan,nan,nan,1.167,nan,nan,1,1,1,1,nan,nan,nan,nan,nan,-0.067,nan,nan,0,0,0,0,nan,500,fresh
192255,0,0,0,0,0,0,7,0,0,4,19,1,7,0,nan,nan,nan,nan,1.167,nan,nan,1,1,1,1.167,nan,nan,nan,nan,nan,-0.067,nan,nan,0,0,0,-0.067,nan,500,fresh
193324,0,0,0,0,0,0,7,0,0,4,19,1,7,0,nan,nan,nan,nan,1.167,nan,nan,1,1,1,1.167,nan,nan,nan,nan,nan,-0.067,nan,nan,0,0,0,-0.067,nan,500,fresh
194394,0,0,0,0,0,0,7,0,0,4,19,1,7,0,nan,nan,nan,nan,1.167,nan,nan,1,1,1,1.167,nan,nan,nan,nan,nan,-0.067,nan,nan,0,0,0,-0.067,nan,500,fresh
195464,0,0,0,0,0,0,7,0,0,4,19,1,7,0,nan,nan,nan,nan,1.167,nan,nan,1,1,1,1.167,nan,nan,nan,nan,nan,-0.067,nan,nan,0,0,0,-0.067,nan,500,fresh
196534,0,0,0,0,0,0,7,0,0,4,19,1,7,0,nan,nan,nan,nan,1.167,nan,nan,1,1,1,1.167,nan,nan,nan,nan,nan,-0.067,nan,nan,0,0,0,-0.067,nan,500,fresh
197604,0,0,0,0,0,0,7,0,0,4,19,1,7,0,nan,nan,nan,nan,1.167,nan,nan,1,1,1,1.167,nan,nan,nan,nan,nan,-0.067,nan,nan,0,0,0,-0.067,nan,500,fresh
198673,0,0,0,0,0,0,7,0,0,4,19,1,7,0,nan,nan,nan,nan,1.167,nan,nan,1,1,1,1.167,nan,nan,nan,nan,nan,-0.067,nan,nan,0,0,0,-0.067,nan,500,fresh
199741,0,0,0,0,0,0,6,0,0,4,19,1,7,0,nan,nan,nan,nan,1,nan,nan,1,1,1,1.167,nan,nan,nan,nan,nan,0,nan,nan,0,0,0,-0.067,nan,500,fresh
200810,0,0,0,0,0,0,7,0,0,4,19,1,7,0,nan,nan,nan,nan,1.167,nan,nan,1,1,1,1.167,nan,nan,nan,nan,nan,-0.067,nan,nan,0,0,0,-0.067,nan,500,fresh
201880,0,0,0,0,0,0,7,0,0,4,19,1,7,0,nan,nan,nan,nan,1.167,nan,nan,1,1,1,1.167,nan,nan,nan,nan,nan,-0.067,nan,nan,0,0,0,-0.067,nan,500,fresh
202950,0,0,0,0,0,0,7,0,0,4,19,1,7,0,nan,nan,nan,nan,1.167,nan,nan,1,1,1,1.167,nan,nan,nan,nan,nan,-0.067,nan,nan,0,0,0,-0.067,nan,500,fresh
204019,0,0,0,0,0,0,7,0,0,4,19,1,7,0,nan,nan,nan,nan,1.167,nan,nan,1,1,1,1.167,nan,nan,nan,nan,nan,-0.067,nan,nan,0,0,0,-0.067,nan,500,fresh
205089,0,0,0,0,0,0,7,0,0,4,19,1,6,0,nan,nan,nan,nan,1.167,nan,nan,1,1,1,1,nan,nan,nan,nan,nan,-0.067,nan,nan,0,0,0,0,nan,500,fresh
206159,0,0,0,0,0,0,7,0,0,4,19,1,7,0,nan,nan,nan,nan,1.167,nan,nan,1,1,1,1.167,nan,nan,nan,nan,nan,-0.067,nan,nan,0,0,0,-0.067,nan,500,fresh
207228,0,0,0,0,0,0,7,0,0,4,19,1,7,0,nan,nan,nan,nan,1.167,nan,nan,1,1,1,1.167,nan,nan,nan,nan,nan,-0.067,nan,nan,0,0,0,-0.067,nan,500,fresh
208298,0,0,0,0,0,0,7,0,0,4,19,1,6,0,nan,nan,nan,nan,1.167,nan,nan,1,1,1,1,nan,nan,nan,nan,nan,-0.067,nan,nan,0,0,0,0,nan,500,fresh
209368,0,0,0,0,0,0,7,0,0,4,19,1,7,0,nan,nan,nan,nan,1.167,nan,nan,1,1,1,1.167,nan,nan,nan,nan,nan,-0.067,nan,nan,0,0,0,-0.067,nan,500,fresh
210437,0,0,0,0,0,0,7,0,0,4,19,1,7,0,nan,nan,nan,nan,1.167,nan,nan,1,1,1,1.167,nan,nan,nan,nan,nan,-0.067,nan,nan,0,0,0,-0.067,nan,500,fresh
211507,0,0,0,0,0,0,6,0,0,4,19,1,7,0,nan,nan,nan,nan,1,nan,nan,1,1,1,1.167,nan,nan,nan,nan,nan,0,nan,nan,0,0,0,-0.067,nan,500,fresh
212576,0,0,0,0,0,0,6,0,0,4,19,1,7,0,nan,nan,nan,nan,1,nan,nan,1,1,1,1.167,nan,nan,nan,nan,nan,0,nan,nan,0,0,0,-0.067,nan,500,fresh
213644,0,0,0,0,0,0,7,0,0,4,19,1,6,0,nan,nan,nan,nan,1.167,nan,nan,1,1,1,1,nan,nan,nan,nan,nan,-0.067,nan,nan,0,0,0,0,nan,500,fresh
214713,0,0,0,0,0,0,7,0,0,4,19,1,7,0,nan,nan,nan,nan,1.167,nan,nan,1,1,1,1.167,nan,nan,nan,nan,nan,-0.067,nan,nan,0,0,0,-0.067,nan,500,fresh
215783,0,0,0,0,0,0,7,0,0,4,19,1,7,0,nan,nan,nan,nan,1.167,nan,nan,1,1,1,1.167,nan,nan,nan,nan,nan,-0.067,nan,nan,0,0,0,-0.067,nan,500,fresh
216853,0,0,0,0,0,0,7,0,0,4,19,1,7,0,nan,nan,nan,nan,1.167,nan,nan,1,1,1,1.167,nan,nan,nan,nan,nan,-0.067,nan,nan,0,0,0,-0.067,nan,500,fresh
217921,0,0,0,0,0,0,7,0,0,4,19,1,6,0,nan,nan,nan,nan,1.167,nan,nan,1,1,1,1,nan,nan,nan,nan,nan,-0.067,nan,nan,0,0,0,0,nan,500,fresh
218990,0,0,0,0,0,0,7,0,0,4,19,1,7,0,nan,nan,nan,nan,1.167,nan,nan,1,1,1,1.167,nan,nan,nan,nan,nan,-0.067,nan,nan,0,0,0,-0.067,nan,500,fresh
220060,0,0,0,0,0,0,6,0,0,4,19,1,7,0,nan,nan,nan,nan,1,nan,nan,1,1,1,1.167,nan,nan,nan,nan,nan,0,nan,nan,0,0,0,-0.067,nan,500,fresh
221130,0,0,0,0,0,0,7,0,0,4,19,1,7,0,nan,nan,nan,nan,1.167,nan,nan,1,1,1,1.167,nan,nan,nan,nan,nan,-0.067,nan,nan,0,0,0,-0.067,nan,500,fresh
222198,0,0,0,0,0,0,7,0,0,4,19,1,7,0,nan,nan,nan,nan,1.167,nan,nan,1,1,1,1.167,nan,nan,nan,nan,nan,-0.067,nan,nan,0,0,0,-0.067,nan,500,fresh
223267,0,0,0,0,0,0,7,0,0,4,19,1,7,0,nan,nan,nan,nan,1.167,nan,nan,1,1,1,1.167,nan,nan,nan,nan,nan,-0.067,nan,nan,0,0,0,-0.067,nan,500,fresh
224337,0,0,0,0,0,0,6,0,0,4,19,1,7,0,nan,nan,nan,nan,1,nan,nan,1,1,1,1.167,nan,nan,nan,nan,nan,0,nan,nan,0,0,0,-0.067,nan,500,fresh
225406,0,0,0,0,0,0,6,0,0,4,19,1,7,0,nan,nan,nan,nan,1,nan,nan,1,1,1,1.167,nan,nan,nan,nan,nan,0,nan,nan,0,0,0,-0.067,nan,500,fresh
226475,0,0,0,0,0,0,7,0,0,4,19,1,7,0,nan,nan,nan,nan,1.167,nan,nan,1,1,1,1.167,nan,nan,nan,nan,nan,-0.067,nan,nan,0,0,0,-0.067,nan,500,fresh
227544,0,0,0,0,0,0,6,0,0,4,19,1,7,0,nan,nan,nan,nan,1,nan,nan,1,1,1,1.167,nan,nan,nan,nan,nan,0,nan,nan,0,0,0,-0.067,nan,500,fresh
228614,0,0,0,0,0,0,7,0,0,4,19,1,7,0,nan,nan,nan,nan,1.167,nan,nan,1,1,1,1.167,nan,nan,nan,nan,nan,-0.067,nan,nan,0,0,0,-0.067,nan,500,fresh
229683,0,0,0,0,0,0,7,0,0,3,19,1,7,0,nan,nan,nan,nan,1.167,nan,nan,0.75,1,1,1.167,nan,nan,nan,nan,nan,-0.067,nan,nan,0.125,0,0,-0.067,nan,500,fresh
230752,0,0,0,0,0,0,6,0,0,4,19,1,6,0,nan,nan,nan,nan,1,nan,nan,1,1,1,1,nan,nan,nan,nan,nan,0,nan,nan,0,0,0,0,nan,500,fresh
231822,0,0,0,0,0,0,7,0,0,4,19,1,7,0,nan,nan,nan,nan,1.167,nan,nan,1,1,1,1.167,nan,nan,nan,nan,nan,-0.067,nan,nan,0,0,0,-0.067,nan,500,fresh
232892,0,0,0,0,0,0,7,0,0,4,19,1,7,0,nan,nan,nan,nan,1.167,nan,nan,1,1,1,1.167,nan,nan,nan,nan,nan,-0.067,nan,nan,0,0,0,-0.067,nan,500,fresh
233962,0,0,0,0,0,0,6,0,0,4,19,1,7,0,nan,nan,nan,nan,1,nan,nan,1,1,1,1.167,nan,nan,nan,nan,nan,0,nan,nan,0,0,0,-0.067,nan,500,fresh
235031,0,0,0,0,0,0,6,0,0,4,19,1,7,0,nan,nan,nan,nan,1,nan,nan,1,1,1,1.167,nan,nan,nan,nan,nan,0,nan,nan,0,0,0,-0.067,nan,500,fresh
236100,0,0,0,0,0,0,7,0,0,4,19,1,6,0,nan,nan,nan,nan,1.167,nan,nan,1,1,1,1,nan,nan,nan,nan,nan,-0.067,nan,nan,0,0,0,0,nan,500,fresh
237170,0,0,0,0,0,0,7,0,0,4,19,1,7,0,nan,nan,nan,nan,1.167,nan,nan,1,1,1,1.167,nan,nan,nan,nan,nan,-0.067,nan,nan,0,0,0,-0.067,nan,500,fresh
238240,0,0,0,0,0,0,7,0,0,4,19,1,7,0,nan,nan,nan,nan,1.167,nan,nan,1,1,1,1.167,nan,nan,nan,nan,nan,-0.067,nan,nan,0,0,0,-0.067,nan,500,fresh
239309,0,0,0,0,0,0,7,0,0,4,19,1,6,0,nan,nan,nan,nan,1.167,nan,nan,1,1,1,1,nan,nan,nan,nan,nan,-0.067,nan,nan,0,0,0,0,nan,500,fresh
240379,0,0,0,0,0,0,7,0,0,4,19,1,7,0,nan,nan,nan,nan,1.167,nan,nan,1,1,1,1.167,nan,nan,nan,nan,nan,-0.067,nan,nan,0,0,0,-0.067,nan,500,fresh
241449,0,0,0,0,0,0,7,0,0,4,19,1,6,0,nan,nan,nan,nan,1.167,nan,nan,1,1,1,1,nan,nan,nan,nan,nan,-0.067,nan,nan,0,0,0,0,nan,500,fresh
242519,0,0,0,0,0,0,7,0,0,4,19,1,7,0,nan,nan,nan,nan,1.167,nan,nan,1,1,1,1.167,nan,nan,nan,nan,nan,-0.067,nan,nan,0,0,0,-0.067,nan,500,fresh
243588,0,0,0,0,0,0,7,0,0,4,19,1,6,0,nan,nan,nan,nan,1.167,nan,nan,1,1,1,1,nan,nan,nan,nan,nan,-0.067,nan,nan,0,0,0,0,nan,500,fresh
244657,0,0,0,0,0,0,7,0,0,4,19,1,7,0,nan,nan,nan,nan,1.167,nan,nan,1,1,1,1.167,nan,nan,nan,nan,nan,-0.067,nan,nan,0,0,0,-0.067,nan,500,fresh
245727,0,0,0,0,0,0,7,0,0,4,19,1,7,0,nan,nan,nan,nan,1.167,nan,nan,1,1,1,1.167,nan,nan,nan,nan,nan,-0.067,nan,nan,0,0,0,-0.067,nan,500,fresh
246795,0,0,0,0,0,0,7,0,0,4,19,1,7,0,nan,nan,nan,nan,1.167,nan,nan,1,1,1,1.167,nan,nan,nan,nan,nan,-0.067,nan,nan,0,0,0,-0.067,nan,500,fresh
247864,0,0,0,0,0,0,7,0,0,4,19,1,7,0,nan,nan,nan,nan,1.167,nan,nan,1,1,1,1.167,nan,nan,nan,nan,nan,-0.067,nan,nan,0,0,0,-0.067,nan,500,fresh
248934,0,0,0,0,0,0,7,0,0,4,19,1,7,0,nan,nan,nan,nan,1.167,nan,nan,1,1,1,1.167,nan,nan,nan,nan,nan,-0.067,nan,nan,0,0,0,-0.067,nan,500,fresh
250004,0,0,0,0,0,0,6,0,0,4,19,1,7,0,nan,nan,nan,nan,1,nan,nan,1,1,1,1.167,nan,nan,nan,nan,nan,0,nan,nan,0,0,0,-0.067,nan,500,fresh
251073,0,0,0,0,0,0,7,0,0,4,19,1,7,0,nan,nan,nan,nan,1.167,nan,nan,1,1,1,1.167,nan,nan,nan,nan,nan,-0.067,nan,nan,0,0,0,-0.067,nan,500,fresh
252142,0,0,0,0,0,0,7,0,0,4,19,1,7,0,nan,nan,nan,nan,1.167,nan,nan,1,1,1,1.167,nan,nan,nan,nan,nan,-0.067,nan,nan,0,0,0,-0.067,nan,500,fresh
253212,0,0,0,0,0,0,7,0,0,4,19,1,7,0,nan,nan,nan,nan,1.167,nan,nan,1,1,1,1.167,nan,nan,nan,nan,nan,-0.067,nan,nan,0,0,0,-0.067,nan,500,fresh
254280,0,0,0,0,0,0,7,0,0,4,19,1,6,0,nan,nan,nan,nan,1.167,nan,nan,1,1,1,1,nan,nan,nan,nan,nan,-0.067,nan,nan,0,0,0,0,nan,500,fresh
255350,0,0,0,0,0,0,7,0,0,4,19,1,7,0,nan,nan,nan,nan,1.167,nan,nan,1,1,1,1.167,nan,nan,nan,nan,nan,-0.067,nan,nan,0,0,0,-0.067,nan,500,fresh
256419,0,0,0,0,0,0,7,0,0,4,19,1,7,0,nan,nan,nan,nan,1.167,nan,nan,1,1,1,1.167,nan,nan,nan,nan,nan,-0.067,nan,nan,0,0,0,-0.067,nan,500,fresh
257489,0,0,0,0,0,0,7,0,0,4,19,1,7,0,nan,nan,nan,nan,1.167,nan,nan,1,1,1,1.167,nan,nan,nan,nan,nan,-0.067,nan,nan,0,0,0,-0.067,nan,500,fresh
258559,0,0,0,0,0,0,7,0,0,4,19,1,7,0,nan,nan,nan,nan,1.167,nan,nan,1,1,1,1.167,nan,nan,nan,nan,nan,-0.067,nan,nan,0,0,0,-0.067,nan,500,fresh
259627,0,0,0,0,0,0,7,0,0,4,19,1,7,0,nan,nan,nan,nan,1.167,nan,nan,1,1,1,1.167,nan,nan,nan,nan,nan,-0.067,nan,nan,0,0,0,-0.067,nan,500,fresh
260695,0,0,0,0,0,0,7,0,0,4,19,1,7,0,nan,nan,nan,nan,1.167,nan,nan,1,1,1,1.167,nan,nan,nan,nan,nan,-0.067,nan,nan,0,0,0,-0.067,nan,500,fresh
261765,0,0,0,0,0,0,7,0,0,4,19,1,7,0,nan,nan,nan,nan,1.167,nan,nan,1,1,1,1.167,nan,nan,nan,nan,nan,-0.067,nan,nan,0,0,0,-0.067,nan,500,fresh
262834,0,0,0,0,0,0,7,0,0,4,19,1,7,0,nan,nan,nan,nan,1.167,nan,nan,1,1,1,1.167,nan,nan,nan,nan,nan,-0.067,nan,nan,0,0,0,-0.067,nan,500,fresh
263904,0,0,0,0,0,0,7,0,0,4,19,1,7,0,nan,nan,nan,nan,1.167,nan,nan,1,1,1,1.167,nan,nan,nan,nan,nan,-0.067,nan,nan,0,0,0,-0.067,nan,500,fresh
264974,0,0,0,0,0,0,6,0,0,4,19,1,6,0,nan,nan,nan,nan,1,nan,nan,1,1,1,1,nan,nan,nan,nan,nan,0,nan,nan,0,0,0,0,nan,500,fresh
266042,0,0,0,0,0,0,7,0,0,4,19,1,7,0,nan,nan,nan,nan,1.167,nan,nan,1,1,1,1.167,nan,nan,nan,nan,nan,-0.067,nan,nan,0,0,0,-0.067,nan,500,fresh
267111,0,0,0,0,0,0,7,0,0,4,19,1,7,0,nan,nan,nan,nan,1.167,nan,nan,1,1,1,1.167,nan,nan,nan,nan,nan,-0.067,nan,nan,0,0,0,-0.067,nan,500,fresh
268181,0,0,0,0,0,0,7,0,0,4,19,1,7,0,nan,nan,nan,nan,1.167,nan,nan,1,1,1,1.167,nan,nan,nan,nan,nan,-0.067,nan,nan,0,0,0,-0.067,nan,500,fresh
269251,0,0,0,0,0,0,7,0,0,4,19,1,7,0,nan,nan,nan,nan,1.167,nan,nan,1,1,1,1.167,nan,nan,nan,nan,nan,-0.067,nan,nan,0,0,0,-0.067,nan,500,fresh
270321,0,0,0,0,0,0,6,0,0,4,19,1,7,0,nan,nan,nan,nan,1,nan,nan,1,1,1,1.167,nan,nan,nan,nan,nan,0,nan,nan,0,0,0,-0.067,nan,500,fresh
271390,0,0,0,0,0,0,7,0,0,4,19,1,7,0,nan,nan,nan,nan,1.167,nan,nan,1,1,1,1.167,nan,nan,nan,nan,nan,-0.067,nan,nan,0,0,0,-0.067,nan,500,fresh
272459,0,0,0,0,0,0,7,0,0,4,19,1,6,0,nan,nan,nan,nan,1.167,nan,nan,1,1,1,1,nan,nan,nan,nan,nan,-0.067,nan,nan,0,0,0,0,nan,500,fresh
273528,0,0,0,0,0,0,7,0,0,4,19,1,6,0,nan,nan,nan,nan,1.167,nan,nan,1,1,1,1,nan,nan,nan,nan,nan,-0.067,nan,nan,0,0,0,0,nan,500,fresh
274597,0,0,0,0,0,0,7,0,0,4,19,1,7,0,nan,nan,nan,nan,1.167,nan,nan,1,1,1,1.167,nan,nan,nan,nan,nan,-0.067,nan,nan,0,0,0,-0.067,nan,500,fresh
275667,0,0,0,0,0,0,7,0,0,4,19,1,7,0,nan,nan,nan,nan,1.167,nan,nan,1,1,1,1.167,nan,nan,nan,nan,nan,-0.067,nan,nan,0,0,0,-0.067,nan,500,fresh
276737,0,0,0,0,0,0,6,0,0,4,19,1,7,0,nan,nan,nan,nan,1,nan,nan,1,1,1,1.167,nan,nan,nan,nan,nan,0,nan,nan,0,0,0,-0.067,nan,500,fresh
277806,0,0,0,0,0,0,7,0,0,4,19,1,7,0,nan,nan,nan,nan,1.167,nan,nan,1,1,1,1.167,nan,nan,nan,nan,nan,-0.067,nan,nan,0,0,0,-0.067,nan,500,fresh
278875,0,0,0,0,0,0,6,0,0,4,19,1,6,0,nan,nan,nan,nan,1,nan,nan,1,1,1,1,nan,nan,nan,nan,nan,0,nan,nan,0,0,0,0,nan,500,fresh
279945,0,0,0,0,0,0,7,0,0,4,19,1,7,0,nan,nan,nan,nan,1.167,nan,nan,1,1,1,1.167,nan,nan,nan,nan,nan,-0.067,nan,nan,0,0,0,-0.067,nan,500,fresh
281015,0,0,0,0,0,0,6,0,0,4,19,1,7,0,nan,nan,nan,nan,1,nan,nan,1,1,1,1.167,nan,nan,nan,nan,nan,0,nan,nan,0,0,0,-0.067,nan,500,fresh
282084,0,0,0,0,0,0,7,0,0,4,19,1,7,0,nan,nan,nan,nan,1.167,nan,nan,1,1,1,1.167,nan,nan,nan,nan,nan,-0.067,nan,nan,0,0,0,-0.067,nan,500,fresh
283153,0,0,0,0,0,0,7,0,0,4,19,1,7,0,nan,nan,nan,nan,1.167,nan,nan,1,1,1,1.167,nan,nan,nan,nan,nan,-0.067,nan,nan,0,0,0,-0.067,nan,500,fresh
284222,0,0,0,0,0,0,6,0,0,4,19,1,7,0,nan,nan,nan,nan,1,nan,nan,1,1,1,1.167,nan,nan,nan,nan,nan,0,nan,nan,0,0,0,-0.067,nan,500,fresh
285292,0,0,0,0,0,0,7,0,0,4,19,1,7,0,nan,nan,nan,nan,1.167,nan,nan,1,1,1,1.167,nan,nan,nan,nan,nan,-0.067,nan,nan,0,0,0,-0.067,nan,500,fresh
286361,0,0,0,0,0,0,7,0,0,4,19,1,7,0,nan,nan,nan,nan,1.167,nan,nan,1,1,1,1.167,nan,nan,nan,nan,nan,-0.067,nan,nan,0,0,0,-0.067,nan,500,fresh
287430,0,0,0,0,0,0,7,0,0,4,19,1,7,0,nan,nan,nan,nan,1.167,nan,nan,1,1,1,1.167,nan,nan,nan,nan,nan,-0.067,nan,nan,0,0,0,-0.067,nan,500,fresh
288499,0,0,0,0,0,0,6,0,0,4,19,1,7,0,nan,nan,nan,nan,1,nan,nan,1,1,1,1.167,nan,nan,nan,nan,nan,0,nan,nan,0,0,0,-0.067,nan,500,fresh
289569,0,0,0,0,0,0,7,0,0,4,19,1,7,0,nan,nan,nan,nan,1.167,nan,nan,1,1,1,1.167,nan,nan,nan,nan,nan,-0.067,nan,nan,0,0,0,-0.067,nan,500,fresh
290639,0,0,0,0,0,0,7,0,0,4,19,1,7,0,nan,nan,nan,nan,1.167,nan,nan,1,1,1,1.167,nan,nan,nan,nan,nan,-0.067,nan,nan,0,0,0,-0.067,nan,500,fresh
291709,0,0,0,0,0,0,6,0,0,4,19,1,7,0,nan,nan,nan,nan,1,nan,nan,1,1,1,1.167,nan,nan,nan,nan,nan,0,nan,nan,0,0,0,-0.067,nan,500,fresh
292779,0,0,0,0,0,0,7,0,0,4,19,1,7,0,nan,nan,nan,nan,1.167,nan,nan,1,1,1,1.167,nan,nan,nan,nan,nan,-0.067,nan,nan,0,0,0,-0.067,nan,500,fresh
293848,0,0,0,0,0,0,7,0,0,4,19,1,7,0,nan,nan,nan,nan,1.167,nan,nan,1,1,1,1.167,nan,nan,nan,nan,nan,-0.067,nan,nan,0,0,0,-0.067,nan,500,fresh
294918,0,0,0,0,0,0,7,0,0,4,19,1,7,0,nan,nan,nan,nan,1.167,nan,nan,1,1,1,1.167,nan,nan,nan,nan,nan,-0.067,nan,nan,0,0,0,-0.067,nan,500,fresh
295987,0,0,0,0,0,0,6,0,0,4,19,1,7,0,nan,nan,nan,nan,1,nan,nan,1,1,1,1.167,nan,nan,nan,nan,nan,0,nan,nan,0,0,0,-0.067,nan,500,fresh
297057,0,0,0,0,0,0,7,0,0,4,19,1,6,0,nan,nan,nan,nan,1.167,nan,nan,1,1,1,1,nan,nan,nan,nan,nan,-0.067,nan,nan,0,0,0,0,nan,500,fresh
298126,0,0,0,0,0,0,7,0,0,4,19,1,6,0,nan,nan,nan,nan,1.167,nan,nan,1,1,1,1,nan,nan,nan,nan,nan,-0.067,nan,nan,0,0,0,0,nan,500,fresh
299195,0,0,0,0,0,0,7,0,0,4,19,1,7,0,nan,nan,nan,nan,1.167,nan,nan,1,1,1,1.167,nan,nan,nan,nan,nan,-0.067,nan,nan,0,0,0,-0.067,nan,500,fresh
300265,0,0,0,0,0,0,7,0,0,4,19,1,6,0,nan,nan,nan,nan,1.167,nan,nan,1,1,1,1,nan,nan,nan,nan,nan,-0.067,nan,nan,0,0,0,0,nan,500,fresh
301335,0,0,0,0,0,0,7,0,0,4,19,1,7,0,nan,nan,nan,nan,1.167,nan,nan,1,1,1,1.167,nan,nan,nan,nan,nan,-0.067,nan,nan,0,0,0,-0.067,nan,500,fresh
302405,0,0,0,0,0,0,7,0,0,4,19,1,7,0,nan,nan,nan,nan,1.167,nan,nan,1,1,1,1.167,nan,nan,nan,nan,nan,-0.067,nan,nan,0,0,0,-0.067,nan,500,fresh
303475,0,0,0,0,0,0,7,0,0,4,19,1,7,0,nan,nan,nan,nan,1.167,nan,nan,1,1,1,1.167,nan,nan,nan,nan,nan,-0.067,nan,nan,0,0,0,-0.067,nan,500,fresh
304544,0,0,0,0,0,0,6,0,0,4,19,1,7,0,nan,nan,nan,nan,1,nan,nan,1,1,1,1.167,nan,nan,nan,nan,nan,0,nan,nan,0,0,0,-0.067,nan,500,fresh
305613,0,0,0,0,0,0,6,0,0,4,19,1,7,0,nan,nan,nan,nan,1,nan,nan,1,1,1,1.167,nan,nan,nan,nan,nan,0,nan,nan,0,0,0,-0.067,nan,500,fresh
306683,0,0,0,0,0,0,7,0,0,4,19,1,7,0,nan,nan,nan,nan,1.167,nan,nan,1,1,1,1.167,nan,nan,nan,nan,nan,-0.067,nan,nan,0,0,0,-0.067,nan,500,fresh
307752,0,0,0,0,0,0,7,0,0,3,19,1,7,0,nan,nan,nan,nan,1.167,nan,nan,0.75,1,1,1.167,nan,nan,nan,nan,nan,-0.067,nan,nan,0.125,0,0,-0.067,nan,500,fresh
308821,0,0,0,0,0,0,7,0,0,4,19,1,7,0,nan,nan,nan,nan,1.167,nan,nan,1,1,1,1.167,nan,nan,nan,nan,nan,-0.067,nan,nan,0,0,0,-0.067,nan,500,fresh
309891,0,0,0,0,0,0,7,0,0,4,19,1,6,0,nan,nan,nan,nan,1.167,nan,nan,1,1,1,1,nan,nan,nan,nan,nan,-0.067,nan,nan,0,0,0,0,nan,500,fresh
310960,0,0,0,0,0,0,7,0,0,4,19,1,7,0,nan,nan,nan,nan,1.167,nan,nan,1,1,1,1.167,nan,nan,nan,nan,nan,-0.067,nan,nan,0,0,0,-0.067,nan,500,fresh
312029,0,0,0,0,0,0,7,0,0,4,19,1,6,0,nan,nan,nan,nan,1.167,nan,nan,1,1,1,1,nan,nan,nan,nan,nan,-0.067,nan,nan,0,0,0,0,nan,500,fresh
313098,0,0,0,0,0,0,7,0,0,4,19,1,7,0,nan,nan,nan,nan,1.167,nan,nan,1,1,1,1.167,nan,nan,nan,nan,nan,-0.067,nan,nan,0,0,0,-0.067,nan,500,fresh
323795,0,0,0,0,0,0,7,0,0,4,19,1,7,0,nan,nan,nan,nan,1.167,nan,nan,1,1,1,1.167,nan,nan,nan,nan,nan,-0.067,nan,nan,0,0,0,-0.067,nan,500,fresh
324865,0,0,0,0,0,0,7,0,0,4,19,1,7,0,nan,nan,nan,nan,1.167,nan,nan,1,1,1,1.167,nan,nan,nan,nan,nan,-0.067,nan,nan,0,0,0,-0.067,nan,500,fresh
325934,0,0,0,0,0,0,7,0,0,4,19,1,7,0,nan,nan,nan,nan,1.167,nan,nan,1,1,1,1.167,nan,nan,nan,nan,nan,-0.067,nan,nan,0,0,0,-0.067,nan,500,fresh
327004,0,0,0,0,0,0,7,0,0,4,19,1,7,0,nan,nan,nan,nan,1.167,nan,nan,1,1,1,1.167,nan,nan,nan,nan,nan,-0.067,nan,nan,0,0,0,-0.067,nan,500,fresh
347322,0,0,0,0,0,0,7,0,0,4,20,1,7,0,nan,nan,nan,nan,1.167,nan,nan,1,1.053,1,1.167,nan,nan,nan,nan,nan,-0.067,nan,nan,0,-0.022,0,-0.067,nan,500,fresh
348392,0,0,0,0,0,0,7,0,0,4,20,1,7,0,nan,nan,nan,nan,1.167,nan,nan,1,1.053,1,1.167,nan,nan,nan,nan,nan,-0.067,nan,nan,0,-0.022,0,-0.067,nan,500,fresh
349461,0,0,0,0,0,0,7,0,0,4,19,1,7,0,nan,nan,nan,nan,1.167,nan,nan,1,1,1,1.167,nan,nan,nan,nan,nan,-0.067,nan,nan,0,0,0,-0.067,nan,500,fresh
350530,0,0,0,0,0,0,7,0,0,4,20,1,7,0,nan,nan,nan,nan,1.167,nan,nan,1,1.053,1,1.167,nan,nan,nan,nan,nan,-0.067,nan,nan,0,-0.022,0,-0.067,nan,500,fresh
351600,0,0,0,0,0,0,7,0,0,4,20,1,7,0,nan,nan,nan,nan,1.167,nan,nan,1,1.053,1,1.167,nan,nan,nan,nan,nan,-0.067,nan,nan,0,-0.022,0,-0.067,nan,500,fresh
352669,0,0,0,0,0,0,7,0,0,4,20,1,7,0,nan,nan,nan,nan,1.167,nan,nan,1,1.053,1,1.167,nan,nan,nan,nan,nan,-0.067,nan,nan,0,-0.022,0,-0.067,nan,500,fresh
353738,0,0,0,0,0,0,7,0,0,4,20,1,7,0,nan,nan,nan,nan,1.167,nan,nan,1,1.053,1,1.167,nan,nan,nan,nan,nan,-0.067,nan,nan,0,-0.022,0,-0.067,nan,500,fresh
354807,0,0,0,0,0,0,7,0,0,4,20,1,7,0,nan,nan,nan,nan,1.167,nan,nan,1,1.053,1,1.167,nan,nan,nan,nan,nan,-0.067,nan,nan,0,-0.022,0,-0.067,nan,500,fresh
355876,0,0,0,0,0,0,7,0,0,4,20,1,7,0,nan,nan,nan,nan,1.167,nan,nan,1,1.053,1,1.167,nan,nan,nan,nan,nan,-0.067,nan,nan,0,-0.022,0,-0.067,nan,500,fresh
356945,0,0,0,0,0,0,7,0,0,4,20,1,7,0,nan,nan,nan,nan,1.167,nan,nan,1,1.053,1,1.167,nan,nan,nan,nan,nan,-0.067,nan,nan,0,-0.022,0,-0.067,nan,500,fresh
358014,0,0,0,0,0,0,7,0,0,4,20,1,7,0,nan,nan,nan,nan,1.167,nan,nan,1,1.053,1,1.167,nan,nan,nan,nan,nan,-0.067,nan,nan,0,-0.022,0,-0.067,nan,500,fresh
359084,0,0,0,0,0,0,7,0,0,4,20,1,7,0,nan,nan,nan,nan,1.167,nan,nan,1,1.053,1,1.167,nan,nan,nan,nan,nan,-0.067,nan,nan,0,-0.022,0,-0.067,nan,500,fresh
360154,0,0,0,0,0,0,7,0,0,4,20,1,7,0,nan,nan,nan,nan,1.167,nan,nan,1,1.053,1,1.167,nan,nan,nan,nan,nan,-0.067,nan,nan,0,-0.022,0,-0.067,nan,500,fresh
361224,0,0,0,0,0,0,7,0,0,4,20,1,7,0,nan,nan,nan,nan,1.167,nan,nan,1,1.053,1,1.167,nan,nan,nan,nan,nan,-0.067,nan,nan,0,-0.022,0,-0.067,nan,500,fresh
362294,0,0,0,0,0,0,7,0,0,4,19,1,7,0,nan,nan,nan,nan,1.167,nan,nan,1,1,1,1.167,nan,nan,nan,nan,nan,-0.067,nan,nan,0,0,0,-0.067,nan,500,fresh
363364,0,0,0,0,0,0,7,0,0,4,20,1,7,0,nan,nan,nan,nan,1.167,nan,nan,1,1.053,1,1.167,nan,nan,nan,nan,nan,-0.067,nan,nan,0,-0.022,0,-0.067,nan,500,fresh
364434,0,0,0,0,0,0,7,0,0,4,20,1,7,0,nan,nan,nan,nan,1.167,nan,nan,1,1.053,1,1.167,nan,nan,nan,nan,nan,-0.067,nan,nan,0,-0.022,0,-0.067,nan,500,fresh
365504,0,0,0,0,0,0,7,0,0,4,20,1,7,0,nan,nan,nan,nan,1.167,nan,nan,1,1.053,1,1.167,nan,nan,nan,nan,nan,-0.067,nan,nan,0,-0.022,0,-0.067,nan,500,fresh
366574,0,0,0,0,0,0,7,0,0,4,20,1,7,0,nan,nan,nan,nan,1.167,nan,nan,1,1.053,1,1.167,nan,nan,nan,nan,nan,-0.067,nan,nan,0,-0.022,0,-0.067,nan,500,fresh
367643,0,0,0,0,0,0,7,0,0,4,20,1,7,0,nan,nan,nan,nan,1.167,nan,nan,1,1.053,1,1.167,nan,nan,nan,nan,nan,-0.067,nan,nan,0,-0.022,0,-0.067,nan,500,fresh
368713,0,0,0,0,0,0,7,0,0,4,20,1,7,0,nan,nan,nan,nan,1.167,nan,nan,1,1.053,1,1.167,nan,nan,nan,nan,nan,-0.067,nan,nan,0,-0.022,0,-0.067,nan,500,fresh
369783,0,0,0,0,0,0,7,0,0,4,20,1,7,0,nan,nan,nan,nan,1.167,nan,nan,1,1.053,1,1.167,nan,nan,nan,nan,nan,-0.067,nan,nan,0,-0.022,0,-0.067,nan,500,fresh
370852,0,0,0,0,0,0,7,0,0,4,20,1,7,0,nan,nan,nan,nan,1.167,nan,nan,1,1.053,1,1.167,nan,nan,nan,nan,nan,-0.067,nan,nan,0,-0.022,0,-0.067,nan,500,fresh
371922,0,0,0,0,0,0,7,0,0,4,20,1,7,0,nan,nan,nan,nan,1.167,nan,nan,1,1.053,1,1.167,nan,nan,nan,nan,nan,-0.067,nan,nan,0,-0.022,0,-0.067,nan,500,fresh
372991,0,0,0,0,0,0,7,0,0,4,20,1,7,0,nan,nan,nan,nan,1.167,nan,nan,1,1.053,1,1.167,nan,nan,nan,nan,nan,-0.067,nan,nan,0,-0.022,0,-0.067,nan,500,fresh
374059,0,0,0,0,0,0,7,0,0,4,19,1,7,0,nan,nan,nan,nan,1.167,nan,nan,1,1,1,1.167,nan,nan,nan,nan,nan,-0.067,nan,nan,0,0,0,-0.067,nan,500,fresh
375127,0,0,0,0,0,0,7,0,0,4,20,1,7,0,nan,nan,nan,nan,1.167,nan,nan,1,1.053,1,1.167,nan,nan,nan,nan,nan,-0.067,nan,nan,0,-0.022,0,-0.067,nan,500,fresh
376197,0,0,0,0,0,0,7,0,0,4,20,1,7,0,nan,nan,nan,nan,1.167,nan,nan,1,1.053,1,1.167,nan,nan,nan,nan,nan,-0.067,nan,nan,0,-0.022,0,-0.067,nan,500,fresh
377265,0,0,0,0,0,0,7,0,0,4,19,1,7,0,nan,nan,nan,nan,1.167,nan,nan,1,1,1,1.167,nan,nan,nan,nan,nan,-0.067,nan,nan,0,0,0,-0.067,nan,500,fresh
378333,0,0,0,0,0,0,7,0,0,4,20,1,7,0,nan,nan,nan,nan,1.167,nan,nan,1,1.053,1,1.167,nan,nan,nan,nan,nan,-0.067,nan,nan,0,-0.022,0,-0.067,nan,500,fresh
379403,0,0,0,0,0,0,7,0,0,4,20,1,7,0,nan,nan,nan,nan,1.167,nan,nan,1,1.053,1,1.167,nan,nan,nan,nan,nan,-0.067,nan,nan,0,-0.022,0,-0.067,nan,500,fresh
380473,0,0,0,0,0,0,7,0,0,4,20,1,7,0,nan,nan,nan,nan,1.167,nan,nan,1,1.053,1,1.167,nan,nan,nan,nan,nan,-0.067,nan,nan,0,-0.022,0,-0.067,nan,500,fresh
381542,0,0,0,0,0,0,7,0,0,4,20,1,7,0,nan,nan,nan,nan,1.167,nan,nan,1,1.053,1,1.167,nan,nan,nan,nan,nan,-0.067,nan,nan,0,-0.022,0,-0.067,nan,500,fresh
382612,0,0,0,0,0,0,7,0,0,4,20,1,7,0,nan,nan,nan,nan,1.167,nan,nan,1,1.053,1,1.167,nan,nan,nan,nan,nan,-0.067,nan,nan,0,-0.022,0,-0.067,nan,500,fresh
383681,0,0,0,0,0,0,7,0,0,4,19,1,7,0,nan,nan,nan,nan,1.167,nan,nan,1,1,1,1.167,nan,nan,nan,nan,nan,-0.067,nan,nan,0,0,0,-0.067,nan,500,fresh
384750,0,0,0,0,0,0,7,0,0,4,20,1,7,0,nan,nan,nan,nan,1.167,nan,nan,1,1.053,1,1.167,nan,nan,nan,nan,nan,-0.067,nan,nan,0,-0.022,0,-0.067,nan,500,fresh
385819,0,0,0,0,0,0,7,0,0,4,20,1,7,0,nan,nan,nan,nan,1.167,nan,nan,1,1.053,1,1.167,nan,nan,nan,nan,nan,-0.067,nan,nan,0,-0.022,0,-0.067,nan,500,fresh
386889,0,0,0,0,0,0,6,0,0,4,19,1,7,0,nan,nan,nan,nan,1,nan,nan,1,1,1,1.167,nan,nan,nan,nan,nan,0,nan,nan,0,0,0,-0.067,nan,500,fresh
387957,0,0,0,0,0,0,7,0,0,4,20,1,7,0,nan,nan,nan,nan,1.167,nan,nan,1,1.053,1,1.167,nan,nan,nan,nan,nan,-0.067,nan,nan,0,-0.022,0,-0.067,nan,500,fresh
389027,0,0,0,0,0,0,7,0,0,4,20,1,7,0,nan,nan,nan,nan,1.167,nan,nan,1,1.053,1,1.167,nan,nan,nan,nan,nan,-0.067,nan,nan,0,-0.022,0,-0.067,nan,500,fresh
390096,0,0,0,0,0,0,7,0,0,4,20,1,7,0,nan,nan,nan,nan,1.167,nan,nan,1,1.053,1,1.167,nan,nan,nan,nan,nan,-0.067,nan,nan,0,-0.022,0,-0.067,nan,500,fresh
391165,0,0,0,0,0,0,7,0,0,4,20,1,7,0,nan,nan,nan,nan,1.167,nan,nan,1,1.053,1,1.167,nan,nan,nan,nan,nan,-0.067,nan,nan,0,-0.022,0,-0.067,nan,500,fresh
392235,0,0,0,0,0,0,7,0,0,4,19,1,7,0,nan,nan,nan,nan,1.167,nan,nan,1,1,1,1.167,nan,nan,nan,nan,nan,-0.067,nan,nan,0,0,0,-0.067,nan,500,fresh
393304,0,0,0,0,0,0,7,0,0,4,19,1,7,0,nan,nan,nan,nan,1.167,nan,nan,1,1,1,1.167,nan,nan,nan,nan,nan,-0.067,nan,nan,0,0,0,-0.067,nan,500,fresh
394373,0,0,0,0,0,0,7,0,0,4,19,1,7,0,nan,nan,nan,nan,1.167,nan,nan,1,1,1,1.167,nan,nan,nan,nan,nan,-0.067,nan,nan,0,0,0,-0.067,nan,500,fresh
395443,0,0,0,0,0,0,7,0,0,4,19,1,7,0,nan,nan,nan,nan,1.167,nan,nan,1,1,1,1.167,nan,nan,nan,nan,nan,-0.067,nan,nan,0,0,0,-0.067,nan,500,fresh
396513,0,0,0,0,0,0,7,0,0,4,19,1,7,0,nan,nan,nan,nan,1.167,nan,nan,1,1,1,1.167,nan,nan,nan,nan,nan,-0.067,nan,nan,0,0,0,-0.067,nan,500,fresh
397582,0,0,0,0,0,0,7,0,0,4,20,1,7,0,nan,nan,nan,nan,1.167,nan,nan,1,1.053,1,1.167,nan,nan,nan,nan,nan,-0.067,nan,nan,0,-0.022,0,-0.067,nan,500,fresh
398651,0,0,0,0,0,0,7,0,0,4,19,1,7,0,nan,nan,nan,nan,1.167,nan,nan,1,1,1,1.167,nan,nan,nan,nan,nan,-0.067,nan,nan,0,0,0,-0.067,nan,500,fresh
399720,0,0,0,0,0,0,7,0,0,4,20,1,7,0,nan,nan,nan,nan,1.167,nan,nan,1,1.053,1,1.167,nan,nan,nan,nan,nan,-0.067,nan,nan,0,-0.022,0,-0.067,nan,500,fresh
400789,0,0,0,0,0,0,7,0,0,4,20,1,7,0,nan,nan,nan,nan,1.167,nan,nan,1,1.053,1,1.167,nan,nan,nan,nan,nan,-0.067,nan,nan,0,-0.022,0,-0.067,nan,500,fresh
401859,0,0,0,0,0,0,7,0,0,4,19,1,7,0,nan,nan,nan,nan,1.167,nan,nan,1,1,1,1.167,nan,nan,nan,nan,nan,-0.067,nan,nan,0,0,0,-0.067,nan,500,fresh
402928,0,0,0,0,0,0,7,0,0,4,20,1,7,0,nan,nan,nan,nan,1.167,nan,nan,1,1.053,1,1.167,nan,nan,nan,nan,nan,-0.067,nan,nan,0,-0.022,0,-0.067,nan,500,fresh
403997,0,0,0,0,0,0,7,0,0,4,19,1,7,0,nan,nan,nan,nan,1.167,nan,nan,1,1,1,1.167,nan,nan,nan,nan,nan,-0.067,nan,nan,0,0,0,-0.067,nan,500,fresh
405067,0,0,0,0,0,0,7,0,0,4,19,1,7,0,nan,nan,nan,nan,1.167,nan,nan,1,1,1,1.167,nan,nan,nan,nan,nan,-0.067,nan,nan,0,0,0,-0.067,nan,500,fresh
406136,0,0,0,0,0,0,6,0,0,4,19,1,7,0,nan,nan,nan,nan,1,nan,nan,1,1,1,1.167,nan,nan,nan,nan,nan,0,nan,nan,0,0,0,-0.067,nan,500,fresh
407206,0,0,0,0,0,0,7,0,0,4,19,1,7,0,nan,nan,nan,nan,1.167,nan,nan,1,1,1,1.167,nan,nan,nan,nan,nan,-0.067,nan,nan,0,0,0,-0.067,nan,500,fresh
408276,0,0,0,0,0,0,7,0,0,4,19,1,7,0,nan,nan,nan,nan,1.167,nan,nan,1,1,1,1.167,nan,nan,nan,nan,nan,-0.067,nan,nan,0,0,0,-0.067,nan,500,fresh
409345,0,0,0,0,0,0,7,0,0,4,19,1,7,0,nan,nan,nan,nan,1.167,nan,nan,1,1,1,1.167,nan,nan,nan,nan,nan,-0.067,nan,nan,0,0,0,-0.067,nan,500,fresh
410415,0,0,0,0,0,0,7,0,0,4,19,1,7,0,nan,nan,nan,nan,1.167,nan,nan,1,1,1,1.167,nan,nan,nan,nan,nan,-0.067,nan,nan,0,0,0,-0.067,nan,500,fresh
411485,0,0,0,0,0,0,7,0,0,4,19,1,7,0,nan,nan,nan,nan,1.167,nan,nan,1,1,1,1.167,nan,nan,nan,nan,nan,-0.067,nan,nan,0,0,0,-0.067,nan,500,fresh
412555,0,0,0,0,0,0,7,0,0,4,19,1,7,0,nan,nan,nan,nan,1.167,nan,nan,1,1,1,1.167,nan,nan,nan,nan,nan,-0.067,nan,nan,0,0,0,-0.067,nan,500,fresh
413625,0,0,0,0,0,0,7,0,0,4,19,1,7,0,nan,nan,nan,nan,1.167,nan,nan,1,1,1,1.167,nan,nan,nan,nan,nan,-0.067,nan,nan,0,0,0,-0.067,nan,500,fresh
414694,0,0,0,0,0,0,7,0,0,4,19,1,7,0,nan,nan,nan,nan,1.167,nan,nan,1,1,1,1.167,nan,nan,nan,nan,nan,-0.067,nan,nan,0,0,0,-0.067,nan,500,fresh
415763,0,0,0,0,0,0,7,0,0,4,19,1,7,0,nan,nan,nan,nan,1.167,nan,nan,1,1,1,1.167,nan,nan,nan,nan,nan,-0.067,nan,nan,0,0,0,-0.067,nan,500,fresh
416832,0,0,0,0,0,0,7,0,0,4,19,1,7,0,nan,nan,nan,nan,1.167,nan,nan,1,1,1,1.167,nan,nan,nan,nan,nan,-0.067,nan,nan,0,0,0,-0.067,nan,500,fresh
417901,0,0,0,0,0,0,7,0,0,4,19,1,7,0,nan,nan,nan,nan,1.167,nan,nan,1,1,1,1.167,nan,nan,nan,nan,nan,-0.067,nan,nan,0,0,0,-0.067,nan,500,fresh
418971,0,0,0,0,0,0,7,0,0,4,19,1,7,0,nan,nan,nan,nan,1.167,nan,nan,1,1,1,1.167,nan,nan,nan,nan,nan,-0.067,nan,nan,0,0,0,-0.067,nan,500,fresh
420041,0,0,0,0,0,0,7,0,0,4,19,1,7,0,nan,nan,nan,nan,1.167,nan,nan,1,1,1,1.167,nan,nan,nan,nan,nan,-0.067,nan,nan,0,0,0,-0.067,nan,500,fresh
421111,0,0,0,0,0,0,7,0,0,4,19,1,7,0,nan,nan,nan,nan,1.167,nan,nan,1,1,1,1.167,nan,nan,nan,nan,nan,-0.067,nan,nan,0,0,0,-0.067,nan,500,fresh
422181,0,0,0,0,0,0,7,0,0,4,20,1,7,0,nan,nan,nan,nan,1.167,nan,nan,1,1.053,1,1.167,nan,nan,nan,nan,nan,-0.067,nan,nan,0,-0.022,0,-0.067,nan,500,fresh
423250,0,0,0,0,0,0,7,0,0,4,19,1,7,0,nan,nan,nan,nan,1.167,nan,nan,1,1,1,1.167,nan,nan,nan,nan,nan,-0.067,nan,nan,0,0,0,-0.067,nan,500,fresh
424319,0,0,0,0,0,0,7,0,0,4,19,1,7,0,nan,nan,nan,nan,1.167,nan,nan,1,1,1,1.167,nan,nan,nan,nan,nan,-0.067,nan,nan,0,0,0,-0.067,nan,500,fresh
425389,0,0,0,0,0,0,7,0,0,4,19,1,7,0,nan,nan,nan,nan,1.167,nan,nan,1,1,1,1.167,nan,nan,nan,nan,nan,-0.067,nan,nan,0,0,0,-0.067,nan,500,fresh
426457,0,0,0,0,0,0,7,0,0,4,20,1,7,0,nan,nan,nan,nan,1.167,nan,nan,1,1.053,1,1.167,nan,nan,nan,nan,nan,-0.067,nan,nan,0,-0.022,0,-0.067,nan,500,fresh
427527,0,0,0,0,0,0,7,0,0,4,19,1,7,0,nan,nan,nan,nan,1.167,nan,nan,1,1,1,1.167,nan,nan,nan,nan,nan,-0.067,nan,nan,0,0,0,-0.067,nan,500,fresh
428597,0,0,0,0,0,0,7,0,0,4,19,1,7,0,nan,nan,nan,nan,1.167,nan,nan,1,1,1,1.167,nan,nan,nan,nan,nan,-0.067,nan,nan,0,0,0,-0.067,nan,500,fresh
429666,0,0,0,0,0,0,7,0,0,4,19,1,7,0,nan,nan,nan,nan,1.167,nan,nan,1,1,1,1.167,nan,nan,nan,nan,nan,-0.067,nan,nan,0,0,0,-0.067,nan,500,fresh
430736,0,0,0,0,0,0,7,0,0,4,19,1,7,0,nan,nan,nan,nan,1.167,nan,nan,1,1,1,1.167,nan,nan,nan,nan,nan,-0.067,nan,nan,0,0,0,-0.067,nan,500,fresh
431806,0,0,0,0,0,0,7,0,0,4,19,1,7,0,nan,nan,nan,nan,1.167,nan,nan,1,1,1,1.167,nan,nan,nan,nan,nan,-0.067,nan,nan,0,0,0,-0.067,nan,500,fresh
432875,0,0,0,0,0,0,7,0,0,4,19,1,7,0,nan,nan,nan,nan,1.167,nan,nan,1,1,1,1.167,nan,nan,nan,nan,nan,-0.067,nan,nan,0,0,0,-0.067,nan,500,fresh
433945,0,0,0,0,0,0,7,0,0,4,19,1,7,0,nan,nan,nan,nan,1.167,nan,nan,1,1,1,1.167,nan,nan,nan,nan,nan,-0.067,nan,nan,0,0,0,-0.067,nan,500,fresh
435015,0,0,0,0,0,0,7,0,0,4,19,1,7,0,nan,nan,nan,nan,1.167,nan,nan,1,1,1,1.167,nan,nan,nan,nan,nan,-0.067,nan,nan,0,0,0,-0.067,nan,500,fresh
436085,0,0,0,0,0,0,7,0,0,4,19,1,7,0,nan,nan,nan,nan,1.167,nan,nan,1,1,1,1.167,nan,nan,nan,nan,nan,-0.067,nan,nan,0,0,0,-0.067,nan,500,fresh
437154,0,0,0,0,0,0,7,0,0,4,19,1,7,0,nan,nan,nan,nan,1.167,nan,nan,1,1,1,1.167,nan,nan,nan,nan,nan,-0.067,nan,nan,0,0,0,-0.067,nan,500,fresh
438224,0,0,0,0,0,0,7,0,0,4,19,1,7,0,nan,nan,nan,nan,1.167,nan,nan,1,1,1,1.167,nan,nan,nan,nan,nan,-0.067,nan,nan,0,0,0,-0.067,nan,500,fresh
50008,0,0,0,0,0,0,7,0,0,4,19,1,7,0,nan,nan,nan,nan,1.167,nan,nan,1,1,1,1.167,nan,nan,nan,nan,nan,-0.067,nan,nan,0,0,0,-0.067,nan,500,fresh
51077,0,0,0,0,0,0,6,0,0,4,19,1,7,0,nan,nan,nan,nan,1,nan,nan,1,1,1,1.167,nan,nan,nan,nan,nan,0,nan,nan,0,0,0,-0.067,nan,500,fresh
52146,0,0,0,0,0,0,7,0,0,4,19,1,7,0,nan,nan,nan,nan,1.167,nan,nan,1,1,1,1.167,nan,nan,nan,nan,nan,-0.067,nan,nan,0,0,0,-0.067,nan,500,fresh
53216,0,0,0,0,0,0,7,0,0,4,19,1,6,0,nan,nan,nan,nan,1.167,nan,nan,1,1,1,1,nan,nan,nan,nan,nan,-0.067,nan,nan,0,0,0,0,nan,500,fresh
54285,0,0,0,0,0,0,7,0,0,4,19,1,7,0,nan,nan,nan,nan,1.167,nan,nan,1,1,1,1.167,nan,nan,nan,nan,nan,-0.067,nan,nan,0,0,0,-0.067,nan,500,fresh
55355,0,0,0,0,0,0,7,0,0,4,19,1,6,0,nan,nan,nan,nan,1.167,nan,nan,1,1,1,1,nan,nan,nan,nan,nan,-0.067,nan,nan,0,0,0,0,nan,500,fresh
56425,0,0,0,0,0,0,7,0,0,4,19,1,7,0,nan,nan,nan,nan,1.167,nan,nan,1,1,1,1.167,nan,nan,nan,nan,nan,-0.067,nan,nan,0,0,0,-0.067,nan,500,fresh
57495,0,0,0,0,0,0,7,0,0,4,19,1,7,0,nan,nan,nan,nan,1.167,nan,nan,1,1,1,1.167,nan,nan,nan,nan,nan,-0.067,nan,nan,0,0,0,-0.067,nan,500,fresh
58564,0,0,0,0,0,0,7,0,0,4,19,1,7,0,nan,nan,nan,nan,1.167,nan,nan,1,1,1,1.167,nan,nan,nan,nan,nan,-0.067,nan,nan,0,0,0,-0.067,nan,500,fresh
59634,0,0,0,0,0,0,7,0,0,4,19,1,7,0,nan,nan,nan,nan,1.167,nan,nan,1,1,1,1.167,nan,nan,nan,nan,nan,-0.067,nan,nan,0,0,0,-0.067,nan,500,fresh
60704,0,0,0,0,0,0,7,0,0,4,19,1,7,0,nan,nan,nan,nan,1.167,nan,nan,1,1,1,1.167,nan,nan,nan,nan,nan,-0.067,nan,nan,0,0,0,-0.067,nan,500,fresh
61774,0,0,0,0,0,0,7,0,0,4,19,1,7,0,nan,nan,nan,nan,1.167,nan,nan,1,1,1,1.167,nan,nan,nan,nan,nan,-0.067,nan,nan,0,0,0,-0.067,nan,500,fresh
62844,0,0,0,0,0,0,6,0,0,4,19,1,7,0,nan,nan,nan,nan,1,nan,nan,1,1,1,1.167,nan,nan,nan,nan,nan,0,nan,nan,0,0,0,-0.067,nan,500,fresh
63913,0,0,0,0,0,0,7,0,0,4,19,1,7,0,nan,nan,nan,nan,1.167,nan,nan,1,1,1,1.167,nan,nan,nan,nan,nan,-0.067,nan,nan,0,0,0,-0.067,nan,500,fresh
64983,0,0,0,0,0,0,7,0,0,4,19,1,7,0,nan,nan,nan,nan,1.167,nan,nan,1,1,1,1.167,nan,nan,nan,nan,nan,-0.067,nan,nan,0,0,0,-0.067,nan,500,fresh
66053,0,0,0,0,0,0,7,0,0,4,19,1,7,0,nan,nan,nan,nan,1.167,nan,nan,1,1,1,1.167,nan,nan,nan,nan,nan,-0.067,nan,nan,0,0,0,-0.067,nan,500,fresh
67123,0,0,0,0,0,0,7,0,0,4,19,1,7,0,nan,nan,nan,nan,1.167,nan,nan,1,1,1,1.167,nan,nan,nan,nan,nan,-0.067,nan,nan,0,0,0,-0.067,nan,500,fresh
68193,0,0,0,0,0,0,7,0,0,4,19,1,7,0,nan,nan,nan,nan,1.167,nan,nan,1,1,1,1.167,nan,nan,nan,nan,nan,-0.067,nan,nan,0,0,0,-0.067,nan,500,fresh
69263,0,0,0,0,0,0,7,0,0,4,19,1,7,0,nan,nan,nan,nan,1.167,nan,nan,1,1,1,1.167,nan,nan,nan,nan,nan,-0.067,nan,nan,0,0,0,-0.067,nan,500,fresh
70333,0,0,0,0,0,0,7,0,0,4,19,1,7,0,nan,nan,nan,nan,1.167,nan,nan,1,1,1,1.167,nan,nan,nan,nan,nan,-0.067,nan,nan,0,0,0,-0.067,nan,500,fresh
71403,0,0,0,0,0,0,7,0,0,4,19,1,7,0,nan,nan,nan,nan,1.167,nan,nan,1,1,1,1.167,nan,nan,nan,nan,nan,-0.067,nan,nan,0,0,0,-0.067,nan,500,fresh
72473,0,0,0,0,0,0,6,0,0,4,19,1,7,0,nan,nan,nan,nan,1,nan,nan,1,1,1,1.167,nan,nan,nan,nan,nan,0,nan,nan,0,0,0,-0.067,nan,500,fresh
73542,0,0,0,0,0,0,7,0,0,4,19,1,6,0,nan,nan,nan,nan,1.167,nan,nan,1,1,1,1,nan,nan,nan,nan,nan,-0.067,nan,nan,0,0,0,0,nan,500,fresh
74611,0,0,0,0,0,0,7,0,0,4,19,1,7,0,nan,nan,nan,nan,1.167,nan,nan,1,1,1,1.167,nan,nan,nan,nan,nan,-0.067,nan,nan,0,0,0,-0.067,nan,500,fresh
75681,0,0,0,0,0,0,7,0,0,4,19,1,7,0,nan,nan,nan,nan,1.167,nan,nan,1,1,1,1.167,nan,nan,nan,nan,nan,-0.067,nan,nan,0,0,0,-0.067,nan,500,fresh
76751,0,0,0,0,0,0,7,0,0,4,19,1,7,0,nan,nan,nan,nan,1.167,nan,nan,1,1,1,1.167,nan,nan,nan,nan,nan,-0.067,nan,nan,0,0,0,-0.067,nan,500,fresh
77821,0,0,0,0,0,0,7,0,0,4,19,1,7,0,nan,nan,nan,nan,1.167,nan,nan,1,1,1,1.167,nan,nan,nan,nan,nan,-0.067,nan,nan,0,0,0,-0.067,nan,500,fresh
78891,0,0,0,0,0,0,7,0,0,4,19,1,7,0,nan,nan,nan,nan,1.167,nan,nan,1,1,1,1.167,nan,nan,nan,nan,nan,-0.067,nan,nan,0,0,0,-0.067,nan,500,fresh
79960,0,0,0,0,0,0,7,0,0,4,19,1,6,0,nan,nan,nan,nan,1.167,nan,nan,1,1,1,1,nan,nan,nan,nan,nan,-0.067,nan,nan,0,0,0,0,nan,500,fresh
81030,0,0,0,0,0,0,6,0,0,4,19,1,7,0,nan,nan,nan,nan,1,nan,nan,1,1,1,1.167,nan,nan,nan,nan,nan,0,nan,nan,0,0,0,-0.067,nan,500,fresh
82099,0,0,0,0,0,0,7,0,0,4,19,1,7,0,nan,nan,nan,nan,1.167,nan,nan,1,1,1,1.167,nan,nan,nan,nan,nan,-0.067,nan,nan,0,0,0,-0.067,nan,500,fresh
83168,0,0,0,0,0,0,7,0,0,4,19,1,7,0,nan,nan,nan,nan,1.167,nan,nan,1,1,1,1.167,nan,nan,nan,nan,nan,-0.067,nan,nan,0,0,0,-0.067,nan,500,fresh
84238,0,0,0,0,0,0,7,0,0,4,19,1,6,0,nan,nan,nan,nan,1.167,nan,nan,1,1,1,1,nan,nan,nan,nan,nan,-0.067,nan,nan,0,0,0,0,nan,500,fresh
85308,0,0,0,0,0,0,7,0,0,4,19,1,7,0,nan,nan,nan,nan,1.167,nan,nan,1,1,1,1.167,nan,nan,nan,nan,nan,-0.067,nan,nan,0,0,0,-0.067,nan,500,fresh
86377,0,0,0,0,0,0,7,0,0,4,19,1,7,0,nan,nan,nan,nan,1.167,nan,nan,1,1,1,1.167,nan,nan,nan,nan,nan,-0.067,nan,nan,0,0,0,-0.067,nan,500,fresh
87447,0,0,0,0,0,0,7,0,0,4,19,1,7,0,nan,nan,nan,nan,1.167,nan,nan,1,1,1,1.167,nan,nan,nan,nan,nan,-0.067,nan,nan,0,0,0,-0.067,nan,500,fresh
88516,0,0,0,0,0,0,6,0,0,4,19,1,7,0,nan,nan,nan,nan,1,nan,nan,1,1,1,1.167,nan,nan,nan,nan,nan,0,nan,nan,0,0,0,-0.067,nan,500,fresh
89586,0,0,0,0,0,0,7,0,0,4,19,1,7,0,nan,nan,nan,nan,1.167,nan,nan,1,1,1,1.167,nan,nan,nan,nan,nan,-0.067,nan,nan,0,0,0,-0.067,nan,500,fresh
90655,0,0,0,0,0,0,7,0,0,4,19,1,7,0,nan,nan,nan,nan,1.167,nan,nan,1,1,1,1.167,nan,nan,nan,nan,nan,-0.067,nan,nan,0,0,0,-0.067,nan,500,fresh
91723,0,0,0,0,0,0,7,0,0,4,19,1,7,0,nan,nan,nan,nan,1.167,nan,nan,1,1,1,1.167,nan,nan,nan,nan,nan,-0.067,nan,nan,0,0,0,-0.067,nan,500,fresh
92792,0,0,0,0,0,0,7,0,0,4,19,1,7,0,nan,nan,nan,nan,1.167,nan,nan,1,1,1,1.167,nan,nan,nan,nan,nan,-0.067,nan,nan,0,0,0,-0.067,nan,500,fresh
93862,0,0,0,0,0,0,6,0,0,4,19,1,7,0,nan,nan,nan,nan,1,nan,nan,1,1,1,1.167,nan,nan,nan,nan,nan,0,nan,nan,0,0,0,-0.067,nan,500,fresh
94931,0,0,0,0,0,0,7,0,0,4,19,1,7,0,nan,nan,nan,nan,1.167,nan,nan,1,1,1,1.167,nan,nan,nan,nan,nan,-0.067,nan,nan,0,0,0,-0.067,nan,500,fresh
96000,0,0,0,0,0,0,7,0,0,4,19,1,7,0,nan,nan,nan,nan,1.167,nan,nan,1,1,1,1.167,nan,nan,nan,nan,nan,-0.067,nan,nan,0,0,0,-0.067,nan,500,fresh
97069,0,0,0,0,0,0,7,0,0,4,19,1,7,0,nan,nan,nan,nan,1.167,nan,nan,1,1,1,1.167,nan,nan,nan,nan,nan,-0.067,nan,nan,0,0,0,-0.067,nan,500,fresh
98138,0,0,0,0,0,0,7,0,0,4,19,1,7,0,nan,nan,nan,nan,1.167,nan,nan,1,1,1,1.167,nan,nan,nan,nan,nan,-0.067,nan,nan,0,0,0,-0.067,nan,500,fresh
99207,0,0,0,0,0,0,7,0,0,4,19,1,7,0,nan,nan,nan,nan,1.167,nan,nan,1,1,1,1.167,nan,nan,nan,nan,nan,-0.067,nan,nan,0,0,0,-0.067,nan,500,fresh
100276,0,0,0,0,0,0,7,0,0,4,19,1,7,0,nan,nan,nan,nan,1.167,nan,nan,1,1,1,1.167,nan,nan,nan,nan,nan,-0.067,nan,nan,0,0,0,-0.067,nan,500,fresh
101346,0,0,0,0,0,0,7,0,0,4,19,1,7,0,nan,nan,nan,nan,1.167,nan,nan,1,1,1,1.167,nan,nan,nan,nan,nan,-0.067,nan,nan,0,0,0,-0.067,nan,500,fresh
102416,0,0,0,0,0,0,7,0,0,4,19,1,7,0,nan,nan,nan,nan,1.167,nan,nan,1,1,1,1.167,nan,nan,nan,nan,nan,-0.067,nan,nan,0,0,0,-0.067,nan,500,fresh
103485,0,0,0,0,0,0,7,0,0,3,19,1,7,0,nan,nan,nan,nan,1.167,nan,nan,0.75,1,1,1.167,nan,nan,nan,nan,nan,-0.067,nan,nan,0.125,0,0,-0.067,nan,500,fresh
104555,0,0,0,0,0,0,6,0,0,4,19,1,7,0,nan,nan,nan,nan,1,nan,nan,1,1,1,1.167,nan,nan,nan,nan,nan,0,nan,nan,0,0,0,-0.067,nan,500,fresh
105625,0,0,0,0,0,0,7,0,0,4,19,1,7,0,nan,nan,nan,nan,1.167,nan,nan,1,1,1,1.167,nan,nan,nan,nan,nan,-0.067,nan,nan,0,0,0,-0.067,nan,500,fresh
106694,0,0,0,0,0,0,7,0,0,4,19,1,7,0,nan,nan,nan,nan,1.167,nan,nan,1,1,1,1.167,nan,nan,nan,nan,nan,-0.067,nan,nan,0,0,0,-0.067,nan,500,fresh
107763,0,0,0,0,0,0,7,0,0,4,19,1,7,0,nan,nan,nan,nan,1.167,nan,nan,1,1,1,1.167,nan,nan,nan,nan,nan,-0.067,nan,nan,0,0,0,-0.067,nan,500,fresh
108833,0,0,0,0,0,0,7,0,0,4,19,1,7,0,nan,nan,nan,nan,1.167,nan,nan,1,1,1,1.167,nan,nan,nan,nan,nan,-0.067,nan,nan,0,0,0,-0.067,nan,500,fresh
109903,0,0,0,0,0,0,7,0,0,4,19,1,7,0,nan,nan,nan,nan,1.167,nan,nan,1,1,1,1.167,nan,nan,nan,nan,nan,-0.067,nan,nan,0,0,0,-0.067,nan,500,fresh
110971,0,0,0,0,0,0,7,0,0,4,19,1,7,0,nan,nan,nan,nan,1.167,nan,nan,1,1,1,1.167,nan,nan,nan,nan,nan,-0.067,nan,nan,0,0,0,-0.067,nan,500,fresh
112041,0,0,0,0,0,0,7,0,0,4,19,1,7,0,nan,nan,nan,nan,1.167,nan,nan,1,1,1,1.167,nan,nan,nan,nan,nan,-0.067,nan,nan,0,0,0,-0.067,nan,500,fresh
113111,0,0,0,0,0,0,7,0,0,4,19,1,7,0,nan,nan,nan,nan,1.167,nan,nan,1,1,1,1.167,nan,nan,nan,nan,nan,-0.067,nan,nan,0,0,0,-0.067,nan,500,fresh
114180,0,0,0,0,0,0,7,0,0,4,19,1,7,0,nan,nan,nan,nan,1.167,nan,nan,1,1,1,1.167,nan,nan,nan,nan,nan,-0.067,nan,nan,0,0,0,-0.067,nan,500,fresh
115250,0,0,0,0,0,0,7,0,0,4,19,1,7,0,nan,nan,nan,nan,1.167,nan,nan,1,1,1,1.167,nan,nan,nan,nan,nan,-0.067,nan,nan,0,0,0,-0.067,nan,500,fresh
116319,0,0,0,0,0,0,7,0,0,4,19,1,7,0,nan,nan,nan,nan,1.167,nan,nan,1,1,1,1.167,nan,nan,nan,nan,nan,-0.067,nan,nan,0,0,0,-0.067,nan,500,fresh
117388,0,0,0,0,0,0,7,0,0,4,19,1,7,0,nan,nan,nan,nan,1.167,nan,nan,1,1,1,1.167,nan,nan,nan,nan,nan,-0.067,nan,nan,0,0,0,-0.067,nan,500,fresh
118457,0,0,0,0,0,0,7,0,0,4,19,1,7,0,nan,nan,nan,nan,1.167,nan,nan,1,1,1,1.167,nan,nan,nan,nan,nan,-0.067,nan,nan,0,0,0,-0.067,nan,500,fresh
119526,0,0,0,0,0,0,7,0,0,4,19,1,7,0,nan,nan,nan,nan,1.167,nan,nan,1,1,1,1.167,nan,nan,nan,nan,nan,-0.067,nan,nan,0,0,0,-0.067,nan,500,fresh
120596,0,0,0,0,0,0,7,0,0,4,19,1,7,0,nan,nan,nan,nan,1.167,nan,nan,1,1,1,1.167,nan,nan,nan,nan,nan,-0.067,nan,nan,0,0,0,-0.067,nan,500,fresh
121664,0,0,0,0,0,0,7,0,0,4,19,1,7,0,nan,nan,nan,nan,1.167,nan,nan,1,1,1,1.167,nan,nan,nan,nan,nan,-0.067,nan,nan,0,0,0,-0.067,nan,500,fresh
122733,0,0,0,0,0,0,6,0,0,4,19,1,7,0,nan,nan,nan,nan,1,nan,nan,1,1,1,1.167,nan,nan,nan,nan,nan,0,nan,nan,0,0,0,-0.067,nan,500,fresh
123803,0,0,0,0,0,0,7,0,0,4,19,1,7,0,nan,nan,nan,nan,1.167,nan,nan,1,1,1,1.167,nan,nan,nan,nan,nan,-0.067,nan,nan,0,0,0,-0.067,nan,500,fresh
124872,0,0,0,0,0,0,7,0,0,4,19,1,7,0,nan,nan,nan,nan,1.167,nan,nan,1,1,1,1.167,nan,nan,nan,nan,nan,-0.067,nan,nan,0,0,0,-0.067,nan,500,fresh
125941,0,0,0,0,0,0,7,0,0,4,19,1,7,0,nan,nan,nan,nan,1.167,nan,nan,1,1,1,1.167,nan,nan,nan,nan,nan,-0.067,nan,nan,0,0,0,-0.067,nan,500,fresh
127011,0,0,0,0,0,0,7,0,0,4,19,1,7,0,nan,nan,nan,nan,1.167,nan,nan,1,1,1,1.167,nan,nan,nan,nan,nan,-0.067,nan,nan,0,0,0,-0.067,nan,500,fresh
128081,0,0,0,0,0,0,7,0,0,4,19,1,7,0,nan,nan,nan,nan,1.167,nan,nan,1,1,1,1.167,nan,nan,nan,nan,nan,-0.067,nan,nan,0,0,0,-0.067,nan,500,fresh
129149,0,0,0,0,0,0,7,0,0,4,19,1,7,0,nan,nan,nan,nan,1.167,nan,nan,1,1,1,1.167,nan,nan,nan,nan,nan,-0.067,nan,nan,0,0,0,-0.067,nan,500,fresh
130219,0,0,0,0,0,0,7,0,0,4,19,1,7,0,nan,nan,nan,nan,1.167,nan,nan,1,1,1,1.167,nan,nan,nan,nan,nan,-0.067,nan,nan,0,0,0,-0.067,nan,500,fresh
131289,0,0,0,0,0,0,7,0,0,4,19,1,7,0,nan,nan,nan,nan,1.167,nan,nan,1,1,1,1.167,nan,nan,nan,nan,nan,-0.067,nan,nan,0,0,0,-0.067,nan,500,fresh
132359,0,0,0,0,0,0,7,0,0,4,19,1,6,0,nan,nan,nan,nan,1.167,nan,nan,1,1,1,1,nan,nan,nan,nan,nan,-0.067,nan,nan,0,0,0,0,nan,500,fresh
133429,0,0,0,0,0,0,7,0,0,4,19,1,7,0,nan,nan,nan,nan,1.167,nan,nan,1,1,1,1.167,nan,nan,nan,nan,nan,-0.067,nan,nan,0,0,0,-0.067,nan,500,fresh
134497,0,0,0,0,0,0,7,0,0,4,19,1,7,0,nan,nan,nan,nan,1.167,nan,nan,1,1,1,1.167,nan,nan,nan,nan,nan,-0.067,nan,nan,0,0,0,-0.067,nan,500,fresh
135567,0,0,0,0,0,0,7,0,0,4,19,1,7,0,nan,nan,nan,nan,1.167,nan,nan,1,1,1,1.167,nan,nan,nan,nan,nan,-0.067,nan,nan,0,0,0,-0.067,nan,500,fresh
136637,0,0,0,0,0,0,7,0,0,4,19,1,7,0,nan,nan,nan,nan,1.167,nan,nan,1,1,1,1.167,nan,nan,nan,nan,nan,-0.067,nan,nan,0,0,0,-0.067,nan,500,fresh
137707,0,0,0,0,0,0,7,0,0,4,19,1,7,0,nan,nan,nan,nan,1.167,nan,nan,1,1,1,1.167,nan,nan,nan,nan,nan,-0.067,nan,nan,0,0,0,-0.067,nan,500,fresh
138776,0,0,0,0,0,0,7,0,0,4,19,1,7,0,nan,nan,nan,nan,1.167,nan,nan,1,1,1,1.167,nan,nan,nan,nan,nan,-0.067,nan,nan,0,0,0,-0.067,nan,500,fresh
139845,0,0,0,0,0,0,7,0,0,4,19,1,7,0,nan,nan,nan,nan,1.167,nan,nan,1,1,1,1.167,nan,nan,nan,nan,nan,-0.067,nan,nan,0,0,0,-0.067,nan,500,fresh
140915,0,0,0,0,0,0,7,0,0,4,19,1,7,0,nan,nan,nan,nan,1.167,nan,nan,1,1,1,1.167,nan,nan,nan,nan,nan,-0.067,nan,nan,0,0,0,-0.067,nan,500,fresh
141984,0,0,0,0,0,0,7,0,0,4,19,1,7,0,nan,nan,nan,nan,1.167,nan,nan,1,1,1,1.167,nan,nan,nan,nan,nan,-0.067,nan,nan,0,0,0,-0.067,nan,500,fresh
143054,0,0,0,0,0,0,7,0,0,4,19,1,7,0,nan,nan,nan,nan,1.167,nan,nan,1,1,1,1.167,nan,nan,nan,nan,nan,-0.067,nan,nan,0,0,0,-0.067,nan,500,fresh
144124,0,0,0,0,0,0,7,0,0,4,19,1,7,0,nan,nan,nan,nan,1.167,nan,nan,1,1,1,1.167,nan,nan,nan,nan,nan,-0.067,nan,nan,0,0,0,-0.067,nan,500,fresh
145194,0,0,0,0,0,0,7,0,0,4,19,1,7,0,nan,nan,nan,nan,1.167,nan,nan,1,1,1,1.167,nan,nan,nan,nan,nan,-0.067,nan,nan,0,0,0,-0.067,nan,500,fresh
146264,0,0,0,0,0,0,7,0,0,4,19,1,7,0,nan,nan,nan,nan,1.167,nan,nan,1,1,1,1.167,nan,nan,nan,nan,nan,-0.067,nan,nan,0,0,0,-0.067,nan,500,fresh
147332,0,0,0,0,0,0,7,0,0,4,19,1,7,0,nan,nan,nan,nan,1.167,nan,nan,1,1,1,1.167,nan,nan,nan,nan,nan,-0.067,nan,nan,0,0,0,-0.067,nan,500,fresh
148402,0,0,0,0,0,0,7,0,0,4,19,1,7,0,nan,nan,nan,nan,1.167,nan,nan,1,1,1,1.167,nan,nan,nan,nan,nan,-0.067,nan,nan,0,0,0,-0.067,nan,500,fresh
149471,0,0,0,0,0,0,7,0,0,4,19,1,7,0,nan,nan,nan,nan,1.167,nan,nan,1,1,1,1.167,nan,nan,nan,nan,nan,-0.067,nan,nan,0,0,0,-0.067,nan,500,fresh
150541,0,0,0,0,0,0,7,0,0,4,19,1,7,0,nan,nan,nan,nan,1.167,nan,nan,1,1,1,1.167,nan,nan,nan,nan,nan,-0.067,nan,nan,0,0,0,-0.067,nan,500,fresh
151611,0,0,0,0,0,0,7,0,0,4,19,1,7,0,nan,nan,nan,nan,1.167,nan,nan,1,1,1,1.167,nan,nan,nan,nan,nan,-0.067,nan,nan,0,0,0,-0.067,nan,500,fresh
152680,0,0,0,0,0,0,7,0,0,4,19,1,7,0,nan,nan,nan,nan,1.167,nan,nan,1,1,1,1.167,nan,nan,nan,nan,nan,-0.067,nan,nan,0,0,0,-0.067,nan,500,fresh
153750,0,0,0,0,0,0,7,0,0,4,19,1,7,0,nan,nan,nan,nan,1.167,nan,nan,1,1,1,1.167,nan,nan,nan,nan,nan,-0.067,nan,nan,0,0,0,-0.067,nan,500,fresh
154820,0,0,0,0,0,0,7,0,0,4,19,1,7,0,nan,nan,nan,nan,1.167,nan,nan,1,1,1,1.167,nan,nan,nan,nan,nan,-0.067,nan,nan,0,0,0,-0.067,nan,500,fresh
155890,0,0,0,0,0,0,7,0,0,4,19,1,7,0,nan,nan,nan,nan,1.167,nan,nan,1,1,1,1.167,nan,nan,nan,nan,nan,-0.067,nan,nan,0,0,0,-0.067,nan,500,fresh
156960,0,0,0,0,0,0,7,0,0,4,19,1,7,0,nan,nan,nan,nan,1.167,nan,nan,1,1,1,1.167,nan,nan,nan,nan,nan,-0.067,nan,nan,0,0,0,-0.067,nan,500,fresh
158030,0,0,0,0,0,0,7,0,0,4,19,1,7,0,nan,nan,nan,nan,1.167,nan,nan,1,1,1,1.167,nan,nan,nan,nan,nan,-0.067,nan,nan,0,0,0,-0.067,nan,500,fresh
159100,0,0,0,0,0,0,7,0,0,4,19,1,6,0,nan,nan,nan,nan,1.167,nan,nan,1,1,1,1,nan,nan,nan,nan,nan,-0.067,nan,nan,0,0,0,0,nan,500,fresh
160168,0,0,0,0,0,0,7,0,0,4,19,1,7,0,nan,nan,nan,nan,1.167,nan,nan,1,1,1,1.167,nan,nan,nan,nan,nan,-0.067,nan,nan,0,0,0,-0.067,nan,500,fresh
161237,0,0,0,0,0,0,7,0,0,4,19,1,7,0,nan,nan,nan,nan,1.167,nan,nan,1,1,1,1.167,nan,nan,nan,nan,nan,-0.067,nan,nan,0,0,0,-0.067,nan,500,fresh
162306,0,0,0,0,0,0,7,0,0,4,19,1,7,0,nan,nan,nan,nan,1.167,nan,nan,1,1,1,1.167,nan,nan,nan,nan,nan,-0.067,nan,nan,0,0,0,-0.067,nan,500,fresh
163376,0,0,0,0,0,0,7,0,0,4,19,1,7,0,nan,nan,nan,nan,1.167,nan,nan,1,1,1,1.167,nan,nan,nan,nan,nan,-0.067,nan,nan,0,0,0,-0.067,nan,500,fresh
164444,0,0,0,0,0,0,7,0,0,4,19,1,7,0,nan,nan,nan,nan,1.167,nan,nan,1,1,1,1.167,nan,nan,nan,nan,nan,-0.067,nan,nan,0,0,0,-0.067,nan,500,fresh
165513,0,0,0,0,0,0,7,0,0,4,19,1,7,0,nan,nan,nan,nan,1.167,nan,nan,1,1,1,1.167,nan,nan,nan,nan,nan,-0.067,nan,nan,0,0,0,-0.067,nan,500,fresh
166583,0,0,0,0,0,0,7,0,0,4,19,1,7,0,nan,nan,nan,nan,1.167,nan,nan,1,1,1,1.167,nan,nan,nan,nan,nan,-0.067,nan,nan,0,0,0,-0.067,nan,500,fresh
167652,0,0,0,0,0,0,7,0,0,4,19,1,7,0,nan,nan,nan,nan,1.167,nan,nan,1,1,1,1.167,nan,nan,nan,nan,nan,-0.067,nan,nan,0,0,0,-0.067,nan,500,fresh
168722,0,0,0,0,0,0,7,0,0,4,19,1,7,0,nan,nan,nan,nan,1.167,nan,nan,1,1,1,1.167,nan,nan,nan,nan,nan,-0.067,nan,nan,0,0,0,-0.067,nan,500,fresh
169792,0,0,0,0,0,0,7,0,0,4,19,1,7,0,nan,nan,nan,nan,1.167,nan,nan,1,1,1,1.167,nan,nan,nan,nan,nan,-0.067,nan,nan,0,0,0,-0.067,nan,500,fresh
170862,0,0,0,0,0,0,7,0,0,4,19,1,7,0,nan,nan,nan,nan,1.167,nan,nan,1,1,1,1.167,nan,nan,nan,nan,nan,-0.067,nan,nan,0,0,0,-0.067,nan,500,fresh
171932,0,0,0,0,0,0,6,0,0,4,19,1,7,0,nan,nan,nan,nan,1,nan,nan,1,1,1,1.167,nan,nan,nan,nan,nan,0,nan,nan,0,0,0,-0.067,nan,500,fresh
173002,0,0,0,0,0,0,7,0,0,4,19,1,7,0,nan,nan,nan,nan,1.167,nan,nan,1,1,1,1.167,nan,nan,nan,nan,nan,-0.067,nan,nan,0,0,0,-0.067,nan,500,fresh
174072,0,0,0,0,0,0,7,0,0,4,19,1,7,0,nan,nan,nan,nan,1.167,nan,nan,1,1,1,1.167,nan,nan,nan,nan,nan,-0.067,nan,nan,0,0,0,-0.067,nan,500,fresh
175140,0,0,0,0,0,0,6,0,0,4,19,1,7,0,nan,nan,nan,nan,1,nan,nan,1,1,1,1.167,nan,nan,nan,nan,nan,0,nan,nan,0,0,0,-0.067,nan,500,fresh
176210,0,0,0,0,0,0,7,0,0,4,19,1,7,0,nan,nan,nan,nan,1.167,nan,nan,1,1,1,1.167,nan,nan,nan,nan,nan,-0.067,nan,nan,0,0,0,-0.067,nan,500,fresh
177280,0,0,0,0,0,0,7,0,0,4,19,1,7,0,nan,nan,nan,nan,1.167,nan,nan,1,1,1,1.167,nan,nan,nan,nan,nan,-0.067,nan,nan,0,0,0,-0.067,nan,500,fresh
178350,0,0,0,0,0,0,6,0,0,4,19,1,7,0,nan,nan,nan,nan,1,nan,nan,1,1,1,1.167,nan,nan,nan,nan,nan,0,nan,nan,0,0,0,-0.067,nan,500,fresh
179419,0,0,0,0,0,0,7,0,0,4,19,1,7,0,nan,nan,nan,nan,1.167,nan,nan,1,1,1,1.167,nan,nan,nan,nan,nan,-0.067,nan,nan,0,0,0,-0.067,nan,500,fresh
180488,0,0,0,0,0,0,7,0,0,4,19,1,7,0,nan,nan,nan,nan,1.167,nan,nan,1,1,1,1.167,nan,nan,nan,nan,nan,-0.067,nan,nan,0,0,0,-0.067,nan,500,fresh
181557,0,0,0,0,0,0,7,0,0,4,19,1,7,0,nan,nan,nan,nan,1.167,nan,nan,1,1,1,1.167,nan,nan,nan,nan,nan,-0.067,nan,nan,0,0,0,-0.067,nan,500,fresh
182627,0,0,0,0,0,0,7,0,0,4,19,1,7,0,nan,nan,nan,nan,1.167,nan,nan,1,1,1,1.167,nan,nan,nan,nan,nan,-0.067,nan,nan,0,0,0,-0.067,nan,500,fresh
183697,0,0,0,0,0,0,7,0,0,4,19,1,7,0,nan,nan,nan,nan,1.167,nan,nan,1,1,1,1.167,nan,nan,nan,nan,nan,-0.067,nan,nan,0,0,0,-0.067,nan,500,fresh
184766,0,0,0,0,0,0,7,0,0,4,19,1,7,0,nan,nan,nan,nan,1.167,nan,nan,1,1,1,1.167,nan,nan,nan,nan,nan,-0.067,nan,nan,0,0,0,-0.067,nan,500,fresh
185836,0,0,0,0,0,0,7,0,0,4,19,1,7,0,nan,nan,nan,nan,1.167,nan,nan,1,1,1,1.167,nan,nan,nan,nan,nan,-0.067,nan,nan,0,0,0,-0.067,nan,500,fresh
186906,0,0,0,0,0,0,7,0,0,4,19,1,7,0,nan,nan,nan,nan,1.167,nan,nan,1,1,1,1.167,nan,nan,nan,nan,nan,-0.067,nan,nan,0,0,0,-0.067,nan,500,fresh
187976,0,0,0,0,0,0,7,0,0,4,19,1,6,0,nan,nan,nan,nan,1.167,nan,nan,1,1,1,1,nan,nan,nan,nan,nan,-0.067,nan,nan,0,0,0,0,nan,500,fresh
189046,0,0,0,0,0,0,7,0,0,4,19,1,6,0,nan,nan,nan,nan,1.167,nan,nan,1,1,1,1,nan,nan,nan,nan,nan,-0.067,nan,nan,0,0,0,0,nan,500,fresh
190115,0,0,0,0,0,0,6,0,0,4,19,1,7,0,nan,nan,nan,nan,1,nan,nan,1,1,1,1.167,nan,nan,nan,nan,nan,0,nan,nan,0,0,0,-0.067,nan,500,fresh
191185,0,0,0,0,0,0,7,0,0,4,19,1,6,0,nan,nan,nan,nan,1.167,nan,nan,1,1,1,1,nan,nan,nan,nan,nan,-0.067,nan,nan,0,0,0,0,nan,500,fresh
192255,0,0,0,0,0,0,7,0,0,4,19,1,7,0,nan,nan,nan,nan,1.167,nan,nan,1,1,1,1.167,nan,nan,nan,nan,nan,-0.067,nan,nan,0,0,0,-0.067,nan,500,fresh
193324,0,0,0,0,0,0,7,0,0,4,19,1,7,0,nan,nan,nan,nan,1.167,nan,nan,1,1,1,1.167,nan,nan,nan,nan,nan,-0.067,nan,nan,0,0,0,-0.067,nan,500,fresh
194394,0,0,0,0,0,0,7,0,0,4,19,1,7,0,nan,nan,nan,nan,1.167,nan,nan,1,1,1,1.167,nan,nan,nan,nan,nan,-0.067,nan,nan,0,0,0,-0.067,nan,500,fresh
195464,0,0,0,0,0,0,7,0,0,4,19,1,7,0,nan,nan,nan,nan,1.167,nan,nan,1,1,1,1.167,nan,nan,nan,nan,nan,-0.067,nan,nan,0,0,0,-0.067,nan,500,fresh
196534,0,0,0,0,0,0,7,0,0,4,19,1,7,0,nan,nan,nan,nan,1.167,nan,nan,1,1,1,1.167,nan,nan,nan,nan,nan,-0.067,nan,nan,0,0,0,-0.067,nan,500,fresh
197604,0,0,0,0,0,0,7,0,0,4,19,1,7,0,nan,nan,nan,nan,1.167,nan,nan,1,1,1,1.167,nan,nan,nan,nan,nan,-0.067,nan,nan,0,0,0,-0.067,nan,500,fresh
198673,0,0,0,0,0,0,7,0,0,4,19,1,7,0,nan,nan,nan,nan,1.167,nan,nan,1,1,1,1.167,nan,nan,nan,nan,nan,-0.067,nan,nan,0,0,0,-0.067,nan,500,fresh
199741,0,0,0,0,0,0,6,0,0,4,19,1,7,0,nan,nan,nan,nan,1,nan,nan,1,1,1,1.167,nan,nan,nan,nan,nan,0,nan,nan,0,0,0,-0.067,nan,500,fresh
200810,0,0,0,0,0,0,7,0,0,4,19,1,7,0,nan,nan,nan,nan,1.167,nan,nan,1,1,1,1.167,nan,nan,nan,nan,nan,-0.067,nan,nan,0,0,0,-0.067,nan,500,fresh
201880,0,0,0,0,0,0,7,0,0,4,19,1,7,0,nan,nan,nan,nan,1.167,nan,nan,1,1,1,1.167,nan,nan,nan,nan,nan,-0.067,nan,nan,0,0,0,-0.067,nan,500,fresh
202950,0,0,0,0,0,0,7,0,0,4,19,1,7,0,nan,nan,nan,nan,1.167,nan,nan,1,1,1,1.167,nan,nan,nan,nan,nan,-0.067,nan,nan,0,0,0,-0.067,nan,500,fresh
204019,0,0,0,0,0,0,7,0,0,4,19,1,7,0,nan,nan,nan,nan,1.167,nan,nan,1,1,1,1.167,nan,nan,nan,nan,nan,-0.067,nan,nan,0,0,0,-0.067,nan,500,fresh
205089,0,0,0,0,0,0,7,0,0,4,19,1,6,0,nan,nan,nan,nan,1.167,nan,nan,1,1,1,1,nan,nan,nan,nan,nan,-0.067,nan,nan,0,0,0,0,nan,500,fresh
206159,0,0,0,0,0,0,7,0,0,4,19,1,7,0,nan,nan,nan,nan,1.167,nan,nan,1,1,1,1.167,nan,nan,nan,nan,nan,-0.067,nan,nan,0,0,0,-0.067,nan,500,fresh
207228,0,0,0,0,0,0,7,0,0,4,19,1,7,0,nan,nan,nan,nan,1.167,nan,nan,1,1,1,1.167,nan,nan,nan,nan,nan,-0.067,nan,nan,0,0,0,-0.067,nan,500,fresh
208298,0,0,0,0,0,0,7,0,0,4,19,1,6,0,nan,nan,nan,nan,1.167,nan,nan,1,1,1,1,nan,nan,nan,nan,nan,-0.067,nan,nan,0,0,0,0,nan,500,fresh
209368,0,0,0,0,0,0,7,0,0,4,19,1,7,0,nan,nan,nan,nan,1.167,nan,nan,1,1,1,1.167,nan,nan,nan,nan,nan,-0.067,nan,nan,0,0,0,-0.067,nan,500,fresh
210437,0,0,0,0,0,0,7,0,0,4,19,1,7,0,nan,nan,nan,nan,1.167,nan,nan,1,1,1,1.167,nan,nan,nan,nan,nan,-0.067,nan,nan,0,0,0,-0.067,nan,500,fresh
211507,0,0,0,0,0,0,6,0,0,4,19,1,7,0,nan,nan,nan,nan,1,nan,nan,1,1,1,1.167,nan,nan,nan,nan,nan,0,nan,nan,0,0,0,-0.067,nan,500,fresh
212576,0,0,0,0,0,0,6,0,0,4,19,1,7,0,nan,nan,nan,nan,1,nan,nan,1,1,1,1.167,nan,nan,nan,nan,nan,0,nan,nan,0,0,0,-0.067,nan,500,fresh
213644,0,0,0,0,0,0,7,0,0,4,19,1,6,0,nan,nan,nan,nan,1.167,nan,nan,1,1,1,1,nan,nan,nan,nan,nan,-0.067,nan,nan,0,0,0,0,nan,500,fresh
214713,0,0,0,0,0,0,7,0,0,4,19,1,7,0,nan,nan,nan,nan,1.167,nan,nan,1,1,1,1.167,nan,nan,nan,nan,nan,-0.067,nan,nan,0,0,0,-0.067,nan,500,fresh
215783,0,0,0,0,0,0,7,0,0,4,19,1,7,0,nan,nan,nan,nan,1.167,nan,nan,1,1,1,1.167,nan,nan,nan,nan,nan,-0.067,nan,nan,0,0,0,-0.067,nan,500,fresh
216853,0,0,0,0,0,0,7,0,0,4,19,1,7,0,nan,nan,nan,nan,1.167,nan,nan,1,1,1,1.167,nan,nan,nan,nan,nan,-0.067,nan,nan,0,0,0,-0.067,nan,500,fresh
217921,0,0,0,0,0,0,7,0,0,4,19,1,6,0,nan,nan,nan,nan,1.167,nan,nan,1,1,1,1,nan,nan,nan,nan,nan,-0.067,nan,nan,0,0,0,0,nan,500,fresh
218990,0,0,0,0,0,0,7,0,0,4,19,1,7,0,nan,nan,nan,nan,1.167,nan,nan,1,1,1,1.167,nan,nan,nan,nan,nan,-0.067,nan,nan,0,0,0,-0.067,nan,500,fresh
220060,0,0,0,0,0,0,6,0,0,4,19,1,7,0,nan,nan,nan,nan,1,nan,nan,1,1,1,1.167,nan,nan,nan,nan,nan,0,nan,nan,0,0,0,-0.067,nan,500,fresh
221130,0,0,0,0,0,0,7,0,0,4,19,1,7,0,nan,nan,nan,nan,1.167,nan,nan,1,1,1,1.167,nan,nan,nan,nan,nan,-0.067,nan,nan,0,0,0,-0.067,nan,500,fresh
222198,0,0,0,0,0,0,7,0,0,4,19,1,7,0,nan,nan,nan,nan,1.167,nan,nan,1,1,1,1.167,nan,nan,nan,nan,nan,-0.067,nan,nan,0,0,0,-0.067,nan,500,fresh
223267,0,0,0,0,0,0,7,0,0,4,19,1,7,0,nan,nan,nan,nan,1.167,nan,nan,1,1,1,1.167,nan,nan,nan,nan,nan,-0.067,nan,nan,0,0,0,-0.067,nan,500,fresh
224337,0,0,0,0,0,0,6,0,0,4,19,1,7,0,nan,nan,nan,nan,1,nan,nan,1,1,1,1.167,nan,nan,nan,nan,nan,0,nan,nan,0,0,0,-0.067,nan,500,fresh
225406,0,0,0,0,0,0,6,0,0,4,19,1,7,0,nan,nan,nan,nan,1,nan,nan,1,1,1,1.167,nan,nan,nan,nan,nan,0,nan,nan,0,0,0,-0.067,nan,500,fresh
226475,0,0,0,0,0,0,7,0,0,4,19,1,7,0,nan,nan,nan,nan,1.167,nan,nan,1,1,1,1.167,nan,nan,nan,nan,nan,-0.067,nan,nan,0,0,0,-0.067,nan,500,fresh
227544,0,0,0,0,0,0,6,0,0,4,19,1,7,0,nan,nan,nan,nan,1,nan,nan,1,1,1,1.167,nan,nan,nan,nan,nan,0,nan,nan,0,0,0,-0.067,nan,500,fresh
228614,0,0,0,0,0,0,7,0,0,4,19,1,7,0,nan,nan,nan,nan,1.167,nan,nan,1,1,1,1.167,nan,nan,nan,nan,nan,-0.067,nan,nan,0,0,0,-0.067,nan,500,fresh
229683,0,0,0,0,0,0,7,0,0,3,19,1,7,0,nan,nan,nan,nan,1.167,nan,nan,0.75,1,1,1.167,nan,nan,nan,nan,nan,-0.067,nan,nan,0.125,0,0,-0.067,nan,500,fresh
230752,0,0,0,0,0,0,6,0,0,4,19,1,6,0,nan,nan,nan,nan,1,nan,nan,1,1,1,1,nan,nan,nan,nan,nan,0,nan,nan,0,0,0,0,nan,500,fresh
231822,0,0,0,0,0,0,7,0,0,4,19,1,7,0,nan,nan,nan,nan,1.167,nan,nan,1,1,1,1.167,nan,nan,nan,nan,nan,-0.067,nan,nan,0,0,0,-0.067,nan,500,fresh
232892,0,0,0,0,0,0,7,0,0,4,19,1,7,0,nan,nan,nan,nan,1.167,nan,nan,1,1,1,1.167,nan,nan,nan,nan,nan,-0.067,nan,nan,0,0,0,-0.067,nan,500,fresh
233962,0,0,0,0,0,0,6,0,0,4,19,1,7,0,nan,nan,nan,nan,1,nan,nan,1,1,1,1.167,nan,nan,nan,nan,nan,0,nan,nan,0,0,0,-0.067,nan,500,fresh
235031,0,0,0,0,0,0,6,0,0,4,19,1,7,0,nan,nan,nan,nan,1,nan,nan,1,1,1,1.167,nan,nan,nan,nan,nan,0,nan,nan,0,0,0,-0.067,nan,500,fresh
236100,0,0,0,0,0,0,7,0,0,4,19,1,6,0,nan,nan,nan,nan,1.167,nan,nan,1,1,1,1,nan,nan,nan,nan,nan,-0.067,nan,nan,0,0,0,0,nan,500,fresh
237170,0,0,0,0,0,0,7,0,0,4,19,1,7,0,nan,nan,nan,nan,1.167,nan,nan,1,1,1,1.167,nan,nan,nan,nan,nan,-0.067,nan,nan,0,0,0,-0.067,nan,500,fresh
238240,0,0,0,0,0,0,7,0,0,4,19,1,7,0,nan,nan,nan,nan,1.167,nan,nan,1,1,1,1.167,nan,nan,nan,nan,nan,-0.067,nan,nan,0,0,0,-0.067,nan,500,fresh
239309,0,0,0,0,0,0,7,0,0,4,19,1,6,0,nan,nan,nan,nan,1.167,nan,nan,1,1,1,1,nan,nan,nan,nan,nan,-0.067,nan,nan,0,0,0,0,nan,500,fresh
240379,0,0,0,0,0,0,7,0,0,4,19,1,7,0,nan,nan,nan,nan,1.167,nan,nan,1,1,1,1.167,nan,nan,nan,nan,nan,-0.067,nan,nan,0,0,0,-0.067,nan,500,fresh
241449,0,0,0,0,0,0,7,0,0,4,19,1,6,0,nan,nan,nan,nan,1.167,nan,nan,1,1,1,1,nan,nan,nan,nan,nan,-0.067,nan,nan,0,0,0,0,nan,500,fresh
242519,0,0,0,0,0,0,7,0,0,4,19,1,7,0,nan,nan,nan,nan,1.167,nan,nan,1,1,1,1.167,nan,nan,nan,nan,nan,-0.067,nan,nan,0,0,0,-0.067,nan,500,fresh
243588,0,0,0,0,0,0,7,0,0,4,19,1,6,0,nan,nan,nan,nan,1.167,nan,nan,1,1,1,1,nan,nan,nan,nan,nan,-0.067,nan,nan,0,0,0,0,nan,500,fresh
244657,0,0,0,0,0,0,7,0,0,4,19,1,7,0,nan,nan,nan,nan,1.167,nan,nan,1,1,1,1.167,nan,nan,nan,nan,nan,-0.067,nan,nan,0,0,0,-0.067,nan,500,fresh
245727,0,0,0,0,0,0,7,0,0,4,19,1,7,0,nan,nan,nan,nan,1.167,nan,nan,1,1,1,1.167,nan,nan,nan,nan,nan,-0.067,nan,nan,0,0,0,-0.067,nan,500,fresh
246795,0,0,0,0,0,0,7,0,0,4,19,1,7,0,nan,nan,nan,nan,1.167,nan,nan,1,1,1,1.167,nan,nan,nan,nan,nan,-0.067,nan,nan,0,0,0,-0.067,nan,500,fresh
247864,0,0,0,0,0,0,7,0,0,4,19,1,7,0,nan,nan,nan,nan,1.167,nan,nan,1,1,1,1.167,nan,nan,nan,nan,nan,-0.067,nan,nan,0,0,0,-0.067,nan,500,fresh
248934,0,0,0,0,0,0,7,0,0,4,19,1,7,0,nan,nan,nan,nan,1.167,nan,nan,1,1,1,1.167,nan,nan,nan,nan,nan,-0.067,nan,nan,0,0,0,-0.067,nan,500,fresh
250004,0,0,0,0,0,0,6,0,0,4,19,1,7,0,nan,nan,nan,nan,1,nan,nan,1,1,1,1.167,nan,nan,nan,nan,nan,0,nan,nan,0,0,0,-0.067,nan,500,fresh
251073,0,0,0,0,0,0,7,0,0,4,19,1,7,0,nan,nan,nan,nan,1.167,nan,nan,1,1,1,1.167,nan,nan,nan,nan,nan,-0.067,nan,nan,0,0,0,-0.067,nan,500,fresh
252142,0,0,0,0,0,0,7,0,0,4,19,1,7,0,nan,nan,nan,nan,1.167,nan,nan,1,1,1,1.167,nan,nan,nan,nan,nan,-0.067,nan,nan,0,0,0,-0.067,nan,500,fresh
253212,0,0,0,0,0,0,7,0,0,4,19,1,7,0,nan,nan,nan,nan,1.167,nan,nan,1,1,1,1.167,nan,nan,nan,nan,nan,-0.067,nan,nan,0,0,0,-0.067,nan,500,fresh
254280,0,0,0,0,0,0,7,0,0,4,19,1,6,0,nan,nan,nan,nan,1.167,nan,nan,1,1,1,1,nan,nan,nan,nan,nan,-0.067,nan,nan,0,0,0,0,nan,500,fresh
255350,0,0,0,0,0,0,7,0,0,4,19,1,7,0,nan,nan,nan,nan,1.167,nan,nan,1,1,1,1.167,nan,nan,nan,nan,nan,-0.067,nan,nan,0,0,0,-0.067,nan,500,fresh
256419,0,0,0,0,0,0,7,0,0,4,19,1,7,0,nan,nan,nan,nan,1.167,nan,nan,1,1,1,1.167,nan,nan,nan,nan,nan,-0.067,nan,nan,0,0,0,-0.067,nan,500,fresh
257489,0,0,0,0,0,0,7,0,0,4,19,1,7,0,nan,nan,nan,nan,1.167,nan,nan,1,1,1,1.167,nan,nan,nan,nan,nan,-0.067,nan,nan,0,0,0,-0.067,nan,500,fresh
258559,0,0,0,0,0,0,7,0,0,4,19,1,7,0,nan,nan,nan,nan,1.167,nan,nan,1,1,1,1.167,nan,nan,nan,nan,nan,-0.067,nan,nan,0,0,0,-0.067,nan,500,fresh
259627,0,0,0,0,0,0,7,0,0,4,19,1,7,0,nan,nan,nan,nan,1.167,nan,nan,1,1,1,1.167,nan,nan,nan,nan,nan,-0.067,nan,nan,0,0,0,-0.067,nan,500,fresh
260695,0,0,0,0,0,0,7,0,0,4,19,1,7,0,nan,nan,nan,nan,1.167,nan,nan,1,1,1,1.167,nan,nan,nan,nan,nan,-0.067,nan,nan,0,0,0,-0.067,nan,500,fresh
261765,0,0,0,0,0,0,7,0,0,4,19,1,7,0,nan,nan,nan,nan,1.167,nan,nan,1,1,1,1.167,nan,nan,nan,nan,nan,-0.067,nan,nan,0,0,0,-0.067,nan,500,fresh
262834,0,0,0,0,0,0,7,0,0,4,19,1,7,0,nan,nan,nan,nan,1.167,nan,nan,1,1,1,1.167,nan,nan,nan,nan,nan,-0.067,nan,nan,0,0,0,-0.067,nan,500,fresh
263904,0,0,0,0,0,0,7,0,0,4,19,1,7,0,nan,nan,nan,nan,1.167,nan,nan,1,1,1,1.167,nan,nan,nan,nan,nan,-0.067,nan,nan,0,0,0,-0.067,nan,500,fresh
264974,0,0,0,0,0,0,6,0,0,4,19,1,6,0,nan,nan,nan,nan,1,nan,nan,1,1,1,1,nan,nan,nan,nan,nan,0,nan,nan,0,0,0,0,nan,500,fresh
266042,0,0,0,0,0,0,7,0,0,4,19,1,7,0,nan,nan,nan,nan,1.167,nan,nan,1,1,1,1.167,nan,nan,nan,nan,nan,-0.067,nan,nan,0,0,0,-0.067,nan,500,fresh
267111,0,0,0,0,0,0,7,0,0,4,19,1,7,0,nan,nan,nan,nan,1.167,nan,nan,1,1,1,1.167,nan,nan,nan,nan,nan,-0.067,nan,nan,0,0,0,-0.067,nan,500,fresh
268181,0,0,0,0,0,0,7,0,0,4,19,1,7,0,nan,nan,nan,nan,1.167,nan,nan,1,1,1,1.167,nan,nan,nan,nan,nan,-0.067,nan,nan,0,0,0,-0.067,nan,500,fresh
269251,0,0,0,0,0,0,7,0,0,4,19,1,7,0,nan,nan,nan,nan,1.167,nan,nan,1,1,1,1.167,nan,nan,nan,nan,nan,-0.067,nan,nan,0,0,0,-0.067,nan,500,fresh
270321,0,0,0,0,0,0,6,0,0,4,19,1,7,0,nan,nan,nan,nan,1,nan,nan,1,1,1,1.167,nan,nan,nan,nan,nan,0,nan,nan,0,0,0,-0.067,nan,500,fresh
271390,0,0,0,0,0,0,7,0,0,4,19,1,7,0,nan,nan,nan,nan,1.167,nan,nan,1,1,1,1.167,nan,nan,nan,nan,nan,-0.067,nan,nan,0,0,0,-0.067,nan,500,fresh
272459,0,0,0,0,0,0,7,0,0,4,19,1,6,0,nan,nan,nan,nan,1.167,nan,nan,1,1,1,1,nan,nan,nan,nan,nan,-0.067,nan,nan,0,0,0,0,nan,500,fresh
273528,0,0,0,0,0,0,7,0,0,4,19,1,6,0,nan,nan,nan,nan,1.167,nan,nan,1,1,1,1,nan,nan,nan,nan,nan,-0.067,nan,nan,0,0,0,0,nan,500,fresh
274597,0,0,0,0,0,0,7,0,0,4,19,1,7,0,nan,nan,nan,nan,1.167,nan,nan,1,1,1,1.167,nan,nan,nan,nan,nan,-0.067,nan,nan,0,0,0,-0.067,nan,500,fresh
275667,0,0,0,0,0,0,7,0,0,4,19,1,7,0,nan,nan,nan,nan,1.167,nan,nan,1,1,1,1.167,nan,nan,nan,nan,nan,-0.067,nan,nan,0,0,0,-0.067,nan,500,fresh
276737,0,0,0,0,0,0,6,0,0,4,19,1,7,0,nan,nan,nan,nan,1,nan,nan,1,1,1,1.167,nan,nan,nan,nan,nan,0,nan,nan,0,0,0,-0.067,nan,500,fresh
277806,0,0,0,0,0,0,7,0,0,4,19,1,7,0,nan,nan,nan,nan,1.167,nan,nan,1,1,1,1.167,nan,nan,nan,nan,nan,-0.067,nan,nan,0,0,0,-0.067,nan,500,fresh
278875,0,0,0,0,0,0,6,0,0,4,19,1,6,0,nan,nan,nan,nan,1,nan,nan,1,1,1,1,nan,nan,nan,nan,nan,0,nan,nan,0,0,0,0,nan,500,fresh
279945,0,0,0,0,0,0,7,0,0,4,19,1,7,0,nan,nan,nan,nan,1.167,nan,nan,1,1,1,1.167,nan,nan,nan,nan,nan,-0.067,nan,nan,0,0,0,-0.067,nan,500,fresh
281015,0,0,0,0,0,0,6,0,0,4,19,1,7,0,nan,nan,nan,nan,1,nan,nan,1,1,1,1.167,nan,nan,nan,nan,nan,0,nan,nan,0,0,0,-0.067,nan,500,fresh
282084,0,0,0,0,0,0,7,0,0,4,19,1,7,0,nan,nan,nan,nan,1.167,nan,nan,1,1,1,1.167,nan,nan,nan,nan,nan,-0.067,nan,nan,0,0,0,-0.067,nan,500,fresh
283153,0,0,0,0,0,0,7,0,0,4,19,1,7,0,nan,nan,nan,nan,1.167,nan,nan,1,1,1,1.167,nan,nan,nan,nan,nan,-0.067,nan,nan,0,0,0,-0.067,nan,500,fresh
284222,0,0,0,0,0,0,6,0,0,4,19,1,7,0,nan,nan,nan,nan,1,nan,nan,1,1,1,1.167,nan,nan,nan,nan,nan,0,nan,nan,0,0,0,-0.067,nan,500,fresh
285292,0,0,0,0,0,0,7,0,0,4,19,1,7,0,nan,nan,nan,nan,1.167,nan,nan,1,1,1,1.167,nan,nan,nan,nan,nan,-0.067,nan,nan,0,0,0,-0.067,nan,500,fresh
286361,0,0,0,0,0,0,7,0,0,4,19,1,7,0,nan,nan,nan,nan,1.167,nan,nan,1,1,1,1.167,nan,nan,nan,nan,nan,-0.067,nan,nan,0,0,0,-0.067,nan,500,fresh
287430,0,0,0,0,0,0,7,0,0,4,19,1,7,0,nan,nan,nan,nan,1.167,nan,nan,1,1,1,1.167,nan,nan,nan,nan,nan,-0.067,nan,nan,0,0,0,-0.067,nan,500,fresh
288499,0,0,0,0,0,0,6,0,0,4,19,1,7,0,nan,nan,nan,nan,1,nan,nan,1,1,1,1.167,nan,nan,nan,nan,nan,0,nan,nan,0,0,0,-0.067,nan,500,fresh
289569,0,0,0,0,0,0,7,0,0,4,19,1,7,0,nan,nan,nan,nan,1.167,nan,nan,1,1,1,1.167,nan,nan,nan,nan,nan,-0.067,nan,nan,0,0,0,-0.067,nan,500,fresh
290639,0,0,0,0,0,0,7,0,0,4,19,1,7,0,nan,nan,nan,nan,1.167,nan,nan,1,1,1,1.167,nan,nan,nan,nan,nan,-0.067,nan,nan,0,0,0,-0.067,nan,500,fresh
291709,0,0,0,0,0,0,6,0,0,4,19,1,7,0,nan,nan,nan,nan,1,nan,nan,1,1,1,1.167,nan,nan,nan,nan,nan,0,nan,nan,0,0,0,-0.067,nan,500,fresh
292779,0,0,0,0,0,0,7,0,0,4,19,1,7,0,nan,nan,nan,nan,1.167,nan,nan,1,1,1,1.167,nan,nan,nan,nan,nan,-0.067,nan,nan,0,0,0,-0.067,nan,500,fresh
293848,0,0,0,0,0,0,7,0,0,4,19,1,7,0,nan,nan,nan,nan,1.167,nan,nan,1,1,1,1.167,nan,nan,nan,nan,nan,-0.067,nan,nan,0,0,0,-0.067,nan,500,fresh
294918,0,0,0,0,0,0,7,0,0,4,19,1,7,0,nan,nan,nan,nan,1.167,nan,nan,1,1,1,1.167,nan,nan,nan,nan,nan,-0.067,nan,nan,0,0,0,-0.067,nan,500,fresh
295987,0,0,0,0,0,0,6,0,0,4,19,1,7,0,nan,nan,nan,nan,1,nan,nan,1,1,1,1.167,nan,nan,nan,nan,nan,0,nan,nan,0,0,0,-0.067,nan,500,fresh
297057,0,0,0,0,0,0,7,0,0,4,19,1,6,0,nan,nan,nan,nan,1.167,nan,nan,1,1,1,1,nan,nan,nan,nan,nan,-0.067,nan,nan,0,0,0,0,nan,500,fresh
298126,0,0,0,0,0,0,7,0,0,4,19,1,6,0,nan,nan,nan,nan,1.167,nan,nan,1,1,1,1,nan,nan,nan,nan,nan,-0.067,nan,nan,0,0,0,0,nan,500,fresh
299195,0,0,0,0,0,0,7,0,0,4,19,1,7,0,nan,nan,nan,nan,1.167,nan,nan,1,1,1,1.167,nan,nan,nan,nan,nan,-0.067,nan,nan,0,0,0,-0.067,nan,500,fresh
300265,0,0,0,0,0,0,7,0,0,4,19,1,6,0,nan,nan,nan,nan,1.167,nan,nan,1,1,1,1,nan,nan,nan,nan,nan,-0.067,nan,nan,0,0,0,0,nan,500,fresh
301335,0,0,0,0,0,0,7,0,0,4,19,1,7,0,nan,nan,nan,nan,1.167,nan,nan,1,1,1,1.167,nan,nan,nan,nan,nan,-0.067,nan,nan,0,0,0,-0.067,nan,500,fresh
302405,0,0,0,0,0,0,7,0,0,4,19,1,7,0,nan,nan,nan,nan,1.167,nan,nan,1,1,1,1.167,nan,nan,nan,nan,nan,-0.067,nan,nan,0,0,0,-0.067,nan,500,fresh
303475,0,0,0,0,0,0,7,0,0,4,19,1,7,0,nan,nan,nan,nan,1.167,nan,nan,1,1,1,1.167,nan,nan,nan,nan,nan,-0.067,nan,nan,0,0,0,-0.067,nan,500,fresh
304544,0,0,0,0,0,0,6,0,0,4,19,1,7,0,nan,nan,nan,nan,1,nan,nan,1,1,1,1.167,nan,nan,nan,nan,nan,0,nan,nan,0,0,0,-0.067,nan,500,fresh
305613,0,0,0,0,0,0,6,0,0,4,19,1,7,0,nan,nan,nan,nan,1,nan,nan,1,1,1,1.167,nan,nan,nan,nan,nan,0,nan,nan,0,0,0,-0.067,nan,500,fresh
306683,0,0,0,0,0,0,7,0,0,4,19,1,7,0,nan,nan,nan,nan,1.167,nan,nan,1,1,1,1.167,nan,nan,nan,nan,nan,-0.067,nan,nan,0,0,0,-0.067,nan,500,fresh
307752,0,0,0,0,0,0,7,0,0,3,19,1,7,0,nan,nan,nan,nan,1.167,nan,nan,0.75,1,1,1.167,nan,nan,nan,nan,nan,-0.067,nan,nan,0.125,0,0,-0.067,nan,500,fresh
308821,0,0,0,0,0,0,7,0,0,4,19,1,7,0,nan,nan,nan,nan,1.167,nan,nan,1,1,1,1.167,nan,nan,nan,nan,nan,-0.067,nan,nan,0,0,0,-0.067,nan,500,fresh
309891,0,0,0,0,0,0,7,0,0,4,19,1,6,0,nan,nan,nan,nan,1.167,nan,nan,1,1,1,1,nan,nan,nan,nan,nan,-0.067,nan,nan,0,0,0,0,nan,500,fresh
310960,0,0,0,0,0,0,7,0,0,4,19,1,7,0,nan,nan,nan,nan,1.167,nan,nan,1,1,1,1.167,nan,nan,nan,nan,nan,-0.067,nan,nan,0,0,0,-0.067,nan,500,fresh
312029,0,0,0,0,0,0,7,0,0,4,19,1,6,0,nan,nan,nan,nan,1.167,nan,nan,1,1,1,1,nan,nan,nan,nan,nan,-0.067,nan,nan,0,0,0,0,nan,500,fresh
313098,0,0,0,0,0,0,7,0,0,4,19,1,7,0,nan,nan,nan,nan,1.167,nan,nan,1,1,1,1.167,nan,nan,nan,nan,nan,-0.067,nan,nan,0,0,0,-0.067,nan,500,fresh
323795,0,0,0,0,0,0,7,0,0,4,19,1,7,0,nan,nan,nan,nan,1.167,nan,nan,1,1,1,1.167,nan,nan,nan,nan,nan,-0.067,nan,nan,0,0,0,-0.067,nan,500,fresh
324865,0,0,0,0,0,0,7,0,0,4,19,1,7,0,nan,nan,nan,nan,1.167,nan,nan,1,1,1,1.167,nan,nan,nan,nan,nan,-0.067,nan,nan,0,0,0,-0.067,nan,500,fresh
325934,0,0,0,0,0,0,7,0,0,4,19,1,7,0,nan,nan,nan,nan,1.167,nan,nan,1,1,1,1.167,nan,nan,nan,nan,nan,-0.067,nan,nan,0,0,0,-0.067,nan,500,fresh
327004,0,0,0,0,0,0,7,0,0,4,19,1,7,0,nan,nan,nan,nan,1.167,nan,nan,1,1,1,1.167,nan,nan,nan,nan,nan,-0.067,nan,nan,0,0,0,-0.067,nan,500,fresh
347322,0,0,0,0,0,0,7,0,0,4,20,1,7,0,nan,nan,nan,nan,1.167,nan,nan,1,1.053,1,1.167,nan,nan,nan,nan,nan,-0.067,nan,nan,0,-0.022,0,-0.067,nan,500,fresh
348392,0,0,0,0,0,0,7,0,0,4,20,1,7,0,nan,nan,nan,nan,1.167,nan,nan,1,1.053,1,1.167,nan,nan,nan,nan,nan,-0.067,nan,nan,0,-0.022,0,-0.067,nan,500,fresh
349461,0,0,0,0,0,0,7,0,0,4,19,1,7,0,nan,nan,nan,nan,1.167,nan,nan,1,1,1,1.167,nan,nan,nan,nan,nan,-0.067,nan,nan,0,0,0,-0.067,nan,500,fresh
350530,0,0,0,0,0,0,7,0,0,4,20,1,7,0,nan,nan,nan,nan,1.167,nan,nan,1,1.053,1,1.167,nan,nan,nan,nan,nan,-0.067,nan,nan,0,-0.022,0,-0.067,nan,500,fresh
351600,0,0,0,0,0,0,7,0,0,4,20,1,7,0,nan,nan,nan,nan,1.167,nan,nan,1,1.053,1,1.167,nan,nan,nan,nan,nan,-0.067,nan,nan,0,-0.022,0,-0.067,nan,500,fresh
352669,0,0,0,0,0,0,7,0,0,4,20,1,7,0,nan,nan,nan,nan,1.167,nan,nan,1,1.053,1,1.167,nan,nan,nan,nan,nan,-0.067,nan,nan,0,-0.022,0,-0.067,nan,500,fresh
353738,0,0,0,0,0,0,7,0,0,4,20,1,7,0,nan,nan,nan,nan,1.167,nan,nan,1,1.053,1,1.167,nan,nan,nan,nan,nan,-0.067,nan,nan,0,-0.022,0,-0.067,nan,500,fresh
354807,0,0,0,0,0,0,7,0,0,4,20,1,7,0,nan,nan,nan,nan,1.167,nan,nan,1,1.053,1,1.167,nan,nan,nan,nan,nan,-0.067,nan,nan,0,-0.022,0,-0.067,nan,500,fresh
355876,0,0,0,0,0,0,7,0,0,4,20,1,7,0,nan,nan,nan,nan,1.167,nan,nan,1,1.053,1,1.167,nan,nan,nan,nan,nan,-0.067,nan,nan,0,-0.022,0,-0.067,nan,500,fresh
356945,0,0,0,0,0,0,7,0,0,4,20,1,7,0,nan,nan,nan,nan,1.167,nan,nan,1,1.053,1,1.167,nan,nan,nan,nan,nan,-0.067,nan,nan,0,-0.022,0,-0.067,nan,500,fresh
358014,0,0,0,0,0,0,7,0,0,4,20,1,7,0,nan,nan,nan,nan,1.167,nan,nan,1,1.053,1,1.167,nan,nan,nan,nan,nan,-0.067,nan,nan,0,-0.022,0,-0.067,nan,500,fresh
359084,0,0,0,0,0,0,7,0,0,4,20,1,7,0,nan,nan,nan,nan,1.167,nan,nan,1,1.053,1,1.167,nan,nan,nan,nan,nan,-0.067,nan,nan,0,-0.022,0,-0.067,nan,500,fresh
360154,0,0,0,0,0,0,7,0,0,4,20,1,7,0,nan,nan,nan,nan,1.167,nan,nan,1,1.053,1,1.167,nan,nan,nan,nan,nan,-0.067,nan,nan,0,-0.022,0,-0.067,nan,500,fresh
361224,0,0,0,0,0,0,7,0,0,4,20,1,7,0,nan,nan,nan,nan,1.167,nan,nan,1,1.053,1,1.167,nan,nan,nan,nan,nan,-0.067,nan,nan,0,-0.022,0,-0.067,nan,500,fresh
362294,0,0,0,0,0,0,7,0,0,4,19,1,7,0,nan,nan,nan,nan,1.167,nan,nan,1,1,1,1.167,nan,nan,nan,nan,nan,-0.067,nan,nan,0,0,0,-0.067,nan,500,fresh
363364,0,0,0,0,0,0,7,0,0,4,20,1,7,0,nan,nan,nan,nan,1.167,nan,nan,1,1.053,1,1.167,nan,nan,nan,nan,nan,-0.067,nan,nan,0,-0.022,0,-0.067,nan,500,fresh
364434,0,0,0,0,0,0,7,0,0,4,20,1,7,0,nan,nan,nan,nan,1.167,nan,nan,1,1.053,1,1.167,nan,nan,nan,nan,nan,-0.067,nan,nan,0,-0.022,0,-0.067,nan,500,fresh
365504,0,0,0,0,0,0,7,0,0,4,20,1,7,0,nan,nan,nan,nan,1.167,nan,nan,1,1.053,1,1.167,nan,nan,nan,nan,nan,-0.067,nan,nan,0,-0.022,0,-0.067,nan,500,fresh
366574,0,0,0,0,0,0,7,0,0,4,20,1,7,0,nan,nan,nan,nan,1.167,nan,nan,1,1.053,1,1.167,nan,nan,nan,nan,nan,-0.067,nan,nan,0,-0.022,0,-0.067,nan,500,fresh
367643,0,0,0,0,0,0,7,0,0,4,20,1,7,0,nan,nan,nan,nan,1.167,nan,nan,1,1.053,1,1.167,nan,nan,nan,nan,nan,-0.067,nan,nan,0,-0.022,0,-0.067,nan,500,fresh
368713,0,0,0,0,0,0,7,0,0,4,20,1,7,0,nan,nan,nan,nan,1.167,nan,nan,1,1.053,1,1.167,nan,nan,nan,nan,nan,-0.067,nan,nan,0,-0.022,0,-0.067,nan,500,fresh
369783,0,0,0,0,0,0,7,0,0,4,20,1,7,0,nan,nan,nan,nan,1.167,nan,nan,1,1.053,1,1.167,nan,nan,nan,nan,nan,-0.067,nan,nan,0,-0.022,0,-0.067,nan,500,fresh
370852,0,0,0,0,0,0,7,0,0,4,20,1,7,0,nan,nan,nan,nan,1.167,nan,nan,1,1.053,1,1.167,nan,nan,nan,nan,nan,-0.067,nan,nan,0,-0.022,0,-0.067,nan,500,fresh
371922,0,0,0,0,0,0,7,0,0,4,20,1,7,0,nan,nan,nan,nan,1.167,nan,nan,1,1.053,1,1.167,nan,nan,nan,nan,nan,-0.067,nan,nan,0,-0.022,0,-0.067,nan,500,fresh
372991,0,0,0,0,0,0,7,0,0,4,20,1,7,0,nan,nan,nan,nan,1.167,nan,nan,1,1.053,1,1.167,nan,nan,nan,nan,nan,-0.067,nan,nan,0,-0.022,0,-0.067,nan,500,fresh
374059,0,0,0,0,0,0,7,0,0,4,19,1,7,0,nan,nan,nan,nan,1.167,nan,nan,1,1,1,1.167,nan,nan,nan,nan,nan,-0.067,nan,nan,0,0,0,-0.067,nan,500,fresh
375127,0,0,0,0,0,0,7,0,0,4,20,1,7,0,nan,nan,nan,nan,1.167,nan,nan,1,1.053,1,1.167,nan,nan,nan,nan,nan,-0.067,nan,nan,0,-0.022,0,-0.067,nan,500,fresh
376197,0,0,0,0,0,0,7,0,0,4,20,1,7,0,nan,nan,nan,nan,1.167,nan,nan,1,1.053,1,1.167,nan,nan,nan,nan,nan,-0.067,nan,nan,0,-0.022,0,-0.067,nan,500,fresh
377265,0,0,0,0,0,0,7,0,0,4,19,1,7,0,nan,nan,nan,nan,1.167,nan,nan,1,1,1,1.167,nan,nan,nan,nan,nan,-0.067,nan,nan,0,0,0,-0.067,nan,500,fresh
378333,0,0,0,0,0,0,7,0,0,4,20,1,7,0,nan,nan,nan,nan,1.167,nan,nan,1,1.053,1,1.167,nan,nan,nan,nan,nan,-0.067,nan,nan,0,-0.022,0,-0.067,nan,500,fresh
379403,0,0,0,0,0,0,7,0,0,4,20,1,7,0,nan,nan,nan,nan,1.167,nan,nan,1,1.053,1,1.167,nan,nan,nan,nan,nan,-0.067,nan,nan,0,-0.022,0,-0.067,nan,500,fresh
380473,0,0,0,0,0,0,7,0,0,4,20,1,7,0,nan,nan,nan,nan,1.167,nan,nan,1,1.053,1,1.167,nan,nan,nan,nan,nan,-0.067,nan,nan,0,-0.022,0,-0.067,nan,500,fresh
381542,0,0,0,0,0,0,7,0,0,4,20,1,7,0,nan,nan,nan,nan,1.167,nan,nan,1,1.053,1,1.167,nan,nan,nan,nan,nan,-0.067,nan,nan,0,-0.022,0,-0.067,nan,500,fresh
382612,0,0,0,0,0,0,7,0,0,4,20,1,7,0,nan,nan,nan,nan,1.167,nan,nan,1,1.053,1,1.167,nan,nan,nan,nan,nan,-0.067,nan,nan,0,-0.022,0,-0.067,nan,500,fresh
383681,0,0,0,0,0,0,7,0,0,4,19,1,7,0,nan,nan,nan,nan,1.167,nan,nan,1,1,1,1.167,nan,nan,nan,nan,nan,-0.067,nan,nan,0,0,0,-0.067,nan,500,fresh
384750,0,0,0,0,0,0,7,0,0,4,20,1,7,0,nan,nan,nan,nan,1.167,nan,nan,1,1.053,1,1.167,nan,nan,nan,nan,nan,-0.067,nan,nan,0,-0.022,0,-0.067,nan,500,fresh
385819,0,0,0,0,0,0,7,0,0,4,20,1,7,0,nan,nan,nan,nan,1.167,nan,nan,1,1.053,1,1.167,nan,nan,nan,nan,nan,-0.067,nan,nan,0,-0.022,0,-0.067,nan,500,fresh
386889,0,0,0,0,0,0,6,0,0,4,19,1,7,0,nan,nan,nan,nan,1,nan,nan,1,1,1,1.167,nan,nan,nan,nan,nan,0,nan,nan,0,0,0,-0.067,nan,500,fresh
387957,0,0,0,0,0,0,7,0,0,4,20,1,7,0,nan,nan,nan,nan,1.167,nan,nan,1,1.053,1,1.167,nan,nan,nan,nan,nan,-0.067,nan,nan,0,-0.022,0,-0.067,nan,500,fresh
389027,0,0,0,0,0,0,7,0,0,4,20,1,7,0,nan,nan,nan,nan,1.167,nan,nan,1,1.053,1,1.167,nan,nan,nan,nan,nan,-0.067,nan,nan,0,-0.022,0,-0.067,nan,500,fresh
390096,0,0,0,0,0,0,7,0,0,4,20,1,7,0,nan,nan,nan,nan,1.167,nan,nan,1,1.053,1,1.167,nan,nan,nan,nan,nan,-0.067,nan,nan,0,-0.022,0,-0.067,nan,500,fresh
391165,0,0,0,0,0,0,7,0,0,4,20,1,7,0,nan,nan,nan,nan,1.167,nan,nan,1,1.053,1,1.167,nan,nan,nan,nan,nan,-0.067,nan,nan,0,-0.022,0,-0.067,nan,500,fresh
392235,0,0,0,0,0,0,7,0,0,4,19,1,7,0,nan,nan,nan,nan,1.167,nan,nan,1,1,1,1.167,nan,nan,nan,nan,nan,-0.067,nan,nan,0,0,0,-0.067,nan,500,fresh
393304,0,0,0,0,0,0,7,0,0,4,19,1,7,0,nan,nan,nan,nan,1.167,nan,nan,1,1,1,1.167,nan,nan,nan,nan,nan,-0.067,nan,nan,0,0,0,-0.067,nan,500,fresh
394373,0,0,0,0,0,0,7,0,0,4,19,1,7,0,nan,nan,nan,nan,1.167,nan,nan,1,1,1,1.167,nan,nan,nan,nan,nan,-0.067,nan,nan,0,0,0,-0.067,nan,500,fresh
395443,0,0,0,0,0,0,7,0,0,4,19,1,7,0,nan,nan,nan,nan,1.167,nan,nan,1,1,1,1.167,nan,nan,nan,nan,nan,-0.067,nan,nan,0,0,0,-0.067,nan,500,fresh
396513,0,0,0,0,0,0,7,0,0,4,19,1,7,0,nan,nan,nan,nan,1.167,nan,nan,1,1,1,1.167,nan,nan,nan,nan,nan,-0.067,nan,nan,0,0,0,-0.067,nan,500,fresh
397582,0,0,0,0,0,0,7,0,0,4,20,1,7,0,nan,nan,nan,nan,1.167,nan,nan,1,1.053,1,1.167,nan,nan,nan,nan,nan,-0.067,nan,nan,0,-0.022,0,-0.067,nan,500,fresh
398651,0,0,0,0,0,0,7,0,0,4,19,1,7,0,nan,nan,nan,nan,1.167,nan,nan,1,1,1,1.167,nan,nan,nan,nan,nan,-0.067,nan,nan,0,0,0,-0.067,nan,500,fresh
399720,0,0,0,0,0,0,7,0,0,4,20,1,7,0,nan,nan,nan,nan,1.167,nan,nan,1,1.053,1,1.167,nan,nan,nan,nan,nan,-0.067,nan,nan,0,-0.022,0,-0.067,nan,500,fresh
400789,0,0,0,0,0,0,7,0,0,4,20,1,7,0,nan,nan,nan,nan,1.167,nan,nan,1,1.053,1,1.167,nan,nan,nan,nan,nan,-0.067,nan,nan,0,-0.022,0,-0.067,nan,500,fresh
401859,0,0,0,0,0,0,7,0,0,4,19,1,7,0,nan,nan,nan,nan,1.167,nan,nan,1,1,1,1.167,nan,nan,nan,nan,nan,-0.067,nan,nan,0,0,0,-0.067,nan,500,fresh
402928,0,0,0,0,0,0,7,0,0,4,20,1,7,0,nan,nan,nan,nan,1.167,nan,nan,1,1.053,1,1.167,nan,nan,nan,nan,nan,-0.067,nan,nan,0,-0.022,0,-0.067,nan,500,fresh
403997,0,0,0,0,0,0,7,0,0,4,19,1,7,0,nan,nan,nan,nan,1.167,nan,nan,1,1,1,1.167,nan,nan,nan,nan,nan,-0.067,nan,nan,0,0,0,-0.067,nan,500,fresh
405067,0,0,0,0,0,0,7,0,0,4,19,1,7,0,nan,nan,nan,nan,1.167,nan,nan,1,1,1,1.167,nan,nan,nan,nan,nan,-0.067,nan,nan,0,0,0,-0.067,nan,500,fresh
406136,0,0,0,0,0,0,6,0,0,4,19,1,7,0,nan,nan,nan,nan,1,nan,nan,1,1,1,1.167,nan,nan,nan,nan,nan,0,nan,nan,0,0,0,-0.067,nan,500,fresh
407206,0,0,0,0,0,0,7,0,0,4,19,1,7,0,nan,nan,nan,nan,1.167,nan,nan,1,1,1,1.167,nan,nan,nan,nan,nan,-0.067,nan,nan,0,0,0,-0.067,nan,500,fresh
408276,0,0,0,0,0,0,7,0,0,4,19,1,7,0,nan,nan,nan,nan,1.167,nan,nan,1,1,1,1.167,nan,nan,nan,nan,nan,-0.067,nan,nan,0,0,0,-0.067,nan,500,fresh
409345,0,0,0,0,0,0,7,0,0,4,19,1,7,0,nan,nan,nan,nan,1.167,nan,nan,1,1,1,1.167,nan,nan,nan,nan,nan,-0.067,nan,nan,0,0,0,-0.067,nan,500,fresh
410415,0,0,0,0,0,0,7,0,0,4,19,1,7,0,nan,nan,nan,nan,1.167,nan,nan,1,1,1,1.167,nan,nan,nan,nan,nan,-0.067,nan,nan,0,0,0,-0.067,nan,500,fresh
411485,0,0,0,0,0,0,7,0,0,4,19,1,7,0,nan,nan,nan,nan,1.167,nan,nan,1,1,1,1.167,nan,nan,nan,nan,nan,-0.067,nan,nan,0,0,0,-0.067,nan,500,fresh
412555,0,0,0,0,0,0,7,0,0,4,19,1,7,0,nan,nan,nan,nan,1.167,nan,nan,1,1,1,1.167,nan,nan,nan,nan,nan,-0.067,nan,nan,0,0,0,-0.067,nan,500,fresh
413625,0,0,0,0,0,0,7,0,0,4,19,1,7,0,nan,nan,nan,nan,1.167,nan,nan,1,1,1,1.167,nan,nan,nan,nan,nan,-0.067,nan,nan,0,0,0,-0.067,nan,500,fresh
414694,0,0,0,0,0,0,7,0,0,4,19,1,7,0,nan,nan,nan,nan,1.167,nan,nan,1,1,1,1.167,nan,nan,nan,nan,nan,-0.067,nan,nan,0,0,0,-0.067,nan,500,fresh
415763,0,0,0,0,0,0,7,0,0,4,19,1,7,0,nan,nan,nan,nan,1.167,nan,nan,1,1,1,1.167,nan,nan,nan,nan,nan,-0.067,nan,nan,0,0,0,-0.067,nan,500,fresh
416832,0,0,0,0,0,0,7,0,0,4,19,1,7,0,nan,nan,nan,nan,1.167,nan,nan,1,1,1,1.167,nan,nan,nan,nan,nan,-0.067,nan,nan,0,0,0,-0.067,nan,500,fresh
417901,0,0,0,0,0,0,7,0,0,4,19,1,7,0,nan,nan,nan,nan,1.167,nan,nan,1,1,1,1.167,nan,nan,nan,nan,nan,-0.067,nan,nan,0,0,0,-0.067,nan,500,fresh
418971,0,0,0,0,0,0,7,0,0,4,19,1,7,0,nan,nan,nan,nan,1.167,nan,nan,1,1,1,1.167,nan,nan,nan,nan,nan,-0.067,nan,nan,0,0,0,-0.067,nan,500,fresh
420041,0,0,0,0,0,0,7,0,0,4,19,1,7,0,nan,nan,nan,nan,1.167,nan,nan,1,1,1,1.167,nan,nan,nan,nan,nan,-0.067,nan,nan,0,0,0,-0.067,nan,500,fresh
421111,0,0,0,0,0,0,7,0,0,4,19,1,7,0,nan,nan,nan,nan,1.167,nan,nan,1,1,1,1.167,nan,nan,nan,nan,nan,-0.067,nan,nan,0,0,0,-0.067,nan,500,fresh
422181,0,0,0,0,0,0,7,0,0,4,20,1,7,0,nan,nan,nan,nan,1.167,nan,nan,1,1.053,1,1.167,nan,nan,nan,nan,nan,-0.067,nan,nan,0,-0.022,0,-0.067,nan,500,fresh
423250,0,0,0,0,0,0,7,0,0,4,19,1,7,0,nan,nan,nan,nan,1.167,nan,nan,1,1,1,1.167,nan,nan,nan,nan,nan,-0.067,nan,nan,0,0,0,-0.067,nan,500,fresh
424319,0,0,0,0,0,0,7,0,0,4,19,1,7,0,nan,nan,nan,nan,1.167,nan,nan,1,1,1,1.167,nan,nan,nan,nan,nan,-0.067,nan,nan,0,0,0,-0.067,nan,500,fresh
425389,0,0,0,0,0,0,7,0,0,4,19,1,7,0,nan,nan,nan,nan,1.167,nan,nan,1,1,1,1.167,nan,nan,nan,nan,nan,-0.067,nan,nan,0,0,0,-0.067,nan,500,fresh
426457,0,0,0,0,0,0,7,0,0,4,20,1,7,0,nan,nan,nan,nan,1.167,nan,nan,1,1.053,1,1.167,nan,nan,nan,nan,nan,-0.067,nan,nan,0,-0.022,0,-0.067,nan,500,fresh
427527,0,0,0,0,0,0,7,0,0,4,19,1,7,0,nan,nan,nan,nan,1.167,nan,nan,1,1,1,1.167,nan,nan,nan,nan,nan,-0.067,nan,nan,0,0,0,-0.067,nan,500,fresh
428597,0,0,0,0,0,0,7,0,0,4,19,1,7,0,nan,nan,nan,nan,1.167,nan,nan,1,1,1,1.167,nan,nan,nan,nan,nan,-0.067,nan,nan,0,0,0,-0.067,nan,500,fresh
429666,0,0,0,0,0,0,7,0,0,4,19,1,7,0,nan,nan,nan,nan,1.167,nan,nan,1,1,1,1.167,nan,nan,nan,nan,nan,-0.067,nan,nan,0,0,0,-0.067,nan,500,fresh
430736,0,0,0,0,0,0,7,0,0,4,19,1,7,0,nan,nan,nan,nan,1.167,nan,nan,1,1,1,1.167,nan,nan,nan,nan,nan,-0.067,nan,nan,0,0,0,-0.067,nan,500,fresh
431806,0,0,0,0,0,0,7,0,0,4,19,1,7,0,nan,nan,nan,nan,1.167,nan,nan,1,1,1,1.167,nan,nan,nan,nan,nan,-0.067,nan,nan,0,0,0,-0.067,nan,500,fresh
432875,0,0,0,0,0,0,7,0,0,4,19,1,7,0,nan,nan,nan,nan,1.167,nan,nan,1,1,1,1.167,nan,nan,nan,nan,nan,-0.067,nan,nan,0,0,0,-0.067,nan,500,fresh
433945,0,0,0,0,0,0,7,0,0,4,19,1,7,0,nan,nan,nan,nan,1.167,nan,nan,1,1,1,1.167,nan,nan,nan,nan,nan,-0.067,nan,nan,0,0,0,-0.067,nan,500,fresh
435015,0,0,0,0,0,0,7,0,0,4,19,1,7,0,nan,nan,nan,nan,1.167,nan,nan,1,1,1,1.167,nan,nan,nan,nan,nan,-0.067,nan,nan,0,0,0,-0.067,nan,500,fresh
436085,0,0,0,0,0,0,7,0,0,4,19,1,7,0,nan,nan,nan,nan,1.167,nan,nan,1,1,1,1.167,nan,nan,nan,nan,nan,-0.067,nan,nan,0,0,0,-0.067,nan,500,fresh
437154,0,0,0,0,0,0,7,0,0,4,19,1,7,0,nan,nan,nan,nan,1.167,nan,nan,1,1,1,1.167,nan,nan,nan,nan,nan,-0.067,nan,nan,0,0,0,-0.067,nan,500,fresh
438224,0,0,0,0,0,0,7,0,0,4,19,1,7,0,nan,nan,nan,nan,1.167,nan,nan,1,1,1,1.167,nan,nan,nan,nan,nan,-0.067,nan,nan,0,0,0,-0.067,nan,500,fresh
50008,0,0,0,0,0,0,7,0,0,4,19,1,7,0,nan,nan,nan,nan,1.167,nan,nan,1,1,1,1.167,nan,nan,nan,nan,nan,-0.067,nan,nan,0,0,0,-0.067,nan,500,fresh
51077,0,0,0,0,0,0,6,0,0,4,19,1,7,0,nan,nan,nan,nan,1,nan,nan,1,1,1,1.167,nan,nan,nan,nan,nan,0,nan,nan,0,0,0,-0.067,nan,500,fresh
52146,0,0,0,0,0,0,7,0,0,4,19,1,7,0,nan,nan,nan,nan,1.167,nan,nan,1,1,1,1.167,nan,nan,nan,nan,nan,-0.067,nan,nan,0,0,0,-0.067,nan,500,fresh
53216,0,0,0,0,0,0,7,0,0,4,19,1,6,0,nan,nan,nan,nan,1.167,nan,nan,1,1,1,1,nan,nan,nan,nan,nan,-0.067,nan,nan,0,0,0,0,nan,500,fresh
54285,0,0,0,0,0,0,7,0,0,4,19,1,7,0,nan,nan,nan,nan,1.167,nan,nan,1,1,1,1.167,nan,nan,nan,nan,nan,-0.067,nan,nan,0,0,0,-0.067,nan,500,fresh
55355,0,0,0,0,0,0,7,0,0,4,19,1,6,0,nan,nan,nan,nan,1.167,nan,nan,1,1,1,1,nan,nan,nan,nan,nan,-0.067,nan,nan,0,0,0,0,nan,500,fresh
56425,0,0,0,0,0,0,7,0,0,4,19,1,7,0,nan,nan,nan,nan,1.167,nan,nan,1,1,1,1.167,nan,nan,nan,nan,nan,-0.067,nan,nan,0,0,0,-0.067,nan,500,fresh
57495,0,0,0,0,0,0,7,0,0,4,19,1,7,0,nan,nan,nan,nan,1.167,nan,nan,1,1,1,1.167,nan,nan,nan,nan,nan,-0.067,nan,nan,0,0,0,-0.067,nan,500,fresh
58564,0,0,0,0,0,0,7,0,0,4,19,1,7,0,nan,nan,nan,nan,1.167,nan,nan,1,1,1,1.167,nan,nan,nan,nan,nan,-0.067,nan,nan,0,0,0,-0.067,nan,500,fresh
59634,0,0,0,0,0,0,7,0,0,4,19,1,7,0,nan,nan,nan,nan,1.167,nan,nan,1,1,1,1.167,nan,nan,nan,nan,nan,-0.067,nan,nan,0,0,0,-0.067,nan,500,fresh
60704,0,0,0,0,0,0,7,0,0,4,19,1,7,0,nan,nan,nan,nan,1.167,nan,nan,1,1,1,1.167,nan,nan,nan,nan,nan,-0.067,nan,nan,0,0,0,-0.067,nan,500,fresh
61774,0,0,0,0,0,0,7,0,0,4,19,1,7,0,nan,nan,nan,nan,1.167,nan,nan,1,1,1,1.167,nan,nan,nan,nan,nan,-0.067,nan,nan,0,0,0,-0.067,nan,500,fresh
62844,0,0,0,0,0,0,6,0,0,4,19,1,7,0,nan,nan,nan,nan,1,nan,nan,1,1,1,1.167,nan,nan,nan,nan,nan,0,nan,nan,0,0,0,-0.067,nan,500,fresh
63913,0,0,0,0,0,0,7,0,0,4,19,1,7,0,nan,nan,nan,nan,1.167,nan,nan,1,1,1,1.167,nan,nan,nan,nan,nan,-0.067,nan,nan,0,0,0,-0.067,nan,500,fresh
64983,0,0,0,0,0,0,7,0,0,4,19,1,7,0,nan,nan,nan,nan,1.167,nan,nan,1,1,1,1.167,nan,nan,nan,nan,nan,-0.067,nan,nan,0,0,0,-0.067,nan,500,fresh
66053,0,0,0,0,0,0,7,0,0,4,19,1,7,0,nan,nan,nan,nan,1.167,nan,nan,1,1,1,1.167,nan,nan,nan,nan,nan,-0.067,nan,nan,0,0,0,-0.067,nan,500,fresh
67123,0,0,0,0,0,0,7,0,0,4,19,1,7,0,nan,nan,nan,nan,1.167,nan,nan,1,1,1,1.167,nan,nan,nan,nan,nan,-0.067,nan,nan,0,0,0,-0.067,nan,500,fresh
68193,0,0,0,0,0,0,7,0,0,4,19,1,7,0,nan,nan,nan,nan,1.167,nan,nan,1,1,1,1.167,nan,nan,nan,nan,nan,-0.067,nan,nan,0,0,0,-0.067,nan,500,fresh
69263,0,0,0,0,0,0,7,0,0,4,19,1,7,0,nan,nan,nan,nan,1.167,nan,nan,1,1,1,1.167,nan,nan,nan,nan,nan,-0.067,nan,nan,0,0,0,-0.067,nan,500,fresh
70333,0,0,0,0,0,0,7,0,0,4,19,1,7,0,nan,nan,nan,nan,1.167,nan,nan,1,1,1,1.167,nan,nan,nan,nan,nan,-0.067,nan,nan,0,0,0,-0.067,nan,500,fresh
71403,0,0,0,0,0,0,7,0,0,4,19,1,7,0,nan,nan,nan,nan,1.167,nan,nan,1,1,1,1.167,nan,nan,nan,nan,nan,-0.067,nan,nan,0,0,0,-0.067,nan,500,fresh
72473,0,0,0,0,0,0,6,0,0,4,19,1,7,0,nan,nan,nan,nan,1,nan,nan,1,1,1,1.167,nan,nan,nan,nan,nan,0,nan,nan,0,0,0,-0.067,nan,500,fresh
73542,0,0,0,0,0,0,7,0,0,4,19,1,6,0,nan,nan,nan,nan,1.167,nan,nan,1,1,1,1,nan,nan,nan,nan,nan,-0.067,nan,nan,0,0,0,0,nan,500,fresh
74611,0,0,0,0,0,0,7,0,0,4,19,1,7,0,nan,nan,nan,nan,1.167,nan,nan,1,1,1,1.167,nan,nan,nan,nan,nan,-0.067,nan,nan,0,0,0,-0.067,nan,500,fresh
75681,0,0,0,0,0,0,7,0,0,4,19,1,7,0,nan,nan,nan,nan,1.167,nan,nan,1,1,1,1.167,nan,nan,nan,nan,nan,-0.067,nan,nan,0,0,0,-0.067,nan,500,fresh
76751,0,0,0,0,0,0,7,0,0,4,19,1,7,0,nan,nan,nan,nan,1.167,nan,nan,1,1,1,1.167,nan,nan,nan,nan,nan,-0.067,nan,nan,0,0,0,-0.067,nan,500,fresh
77821,0,0,0,0,0,0,7,0,0,4,19,1,7,0,nan,nan,nan,nan,1.167,nan,nan,1,1,1,1.167,nan,nan,nan,nan,nan,-0.067,nan,nan,0,0,0,-0.067,nan,500,fresh
78891,0,0,0,0,0,0,7,0,0,4,19,1,7,0,nan,nan,nan,nan,1.167,nan,nan,1,1,1,1.167,nan,nan,nan,nan,nan,-0.067,nan,nan,0,0,0,-0.067,nan,500,fresh
79960,0,0,0,0,0,0,7,0,0,4,19,1,6,0,nan,nan,nan,nan,1.167,nan,nan,1,1,1,1,nan,nan,nan,nan,nan,-0.067,nan,nan,0,0,0,0,nan,500,fresh
81030,0,0,0,0,0,0,6,0,0,4,19,1,7,0,nan,nan,nan,nan,1,nan,nan,1,1,1,1.167,nan,nan,nan,nan,nan,0,nan,nan,0,0,0,-0.067,nan,500,fresh
82099,0,0,0,0,0,0,7,0,0,4,19,1,7,0,nan,nan,nan,nan,1.167,nan,nan,1,1,1,1.167,nan,nan,nan,nan,nan,-0.067,nan,nan,0,0,0,-0.067,nan,500,fresh
83168,0,0,0,0,0,0,7,0,0,4,19,1,7,0,nan,nan,nan,nan,1.167,nan,nan,1,1,1,1.167,nan,nan,nan,nan,nan,-0.067,nan,nan,0,0,0,-0.067,nan,500,fresh
84238,0,0,0,0,0,0,7,0,0,4,19,1,6,0,nan,nan,nan,nan,1.167,nan,nan,1,1,1,1,nan,nan,nan,nan,nan,-0.067,nan,nan,0,0,0,0,nan,500,fresh
85308,0,0,0,0,0,0,7,0,0,4,19,1,7,0,nan,nan,nan,nan,1.167,nan,nan,1,1,1,1.167,nan,nan,nan,nan,nan,-0.067,nan,nan,0,0,0,-0.067,nan,500,fresh
86377,0,0,0,0,0,0,7,0,0,4,19,1,7,0,nan,nan,nan,nan,1.167,nan,nan,1,1,1,1.167,nan,nan,nan,nan,nan,-0.067,nan,nan,0,0,0,-0.067,nan,500,fresh
87447,0,0,0,0,0,0,7,0,0,4,19,1,7,0,nan,nan,nan,nan,1.167,nan,nan,1,1,1,1.167,nan,nan,nan,nan,nan,-0.067,nan,nan,0,0,0,-0.067,nan,500,fresh
88516,0,0,0,0,0,0,6,0,0,4,19,1,7,0,nan,nan,nan,nan,1,nan,nan,1,1,1,1.167,nan,nan,nan,nan,nan,0,nan,nan,0,0,0,-0.067,nan,500,fresh
89586,0,0,0,0,0,0,7,0,0,4,19,1,7,0,nan,nan,nan,nan,1.167,nan,nan,1,1,1,1.167,nan,nan,nan,nan,nan,-0.067,nan,nan,0,0,0,-0.067,nan,500,fresh
90655,0,0,0,0,0,0,7,0,0,4,19,1,7,0,nan,nan,nan,nan,1.167,nan,nan,1,1,1,1.167,nan,nan,nan,nan,nan,-0.067,nan,nan,0,0,0,-0.067,nan,500,fresh
91723,0,0,0,0,0,0,7,0,0,4,19,1,7,0,nan,nan,nan,nan,1.167,nan,nan,1,1,1,1.167,nan,nan,nan,nan,nan,-0.067,nan,nan,0,0,0,-0.067,nan,500,fresh
92792,0,0,0,0,0,0,7,0,0,4,19,1,7,0,nan,nan,nan,nan,1.167,nan,nan,1,1,1,1.167,nan,nan,nan,nan,nan,-0.067,nan,nan,0,0,0,-0.067,nan,500,fresh
93862,0,0,0,0,0,0,6,0,0,4,19,1,7,0,nan,nan,nan,nan,1,nan,nan,1,1,1,1.167,nan,nan,nan,nan,nan,0,nan,nan,0,0,0,-0.067,nan,500,fresh
94931,0,0,0,0,0,0,7,0,0,4,19,1,7,0,nan,nan,nan,nan,1.167,nan,nan,1,1,1,1.167,nan,nan,nan,nan,nan,-0.067,nan,nan,0,0,0,-0.067,nan,500,fresh
96000,0,0,0,0,0,0,7,0,0,4,19,1,7,0,nan,nan,nan,nan,1.167,nan,nan,1,1,1,1.167,nan,nan,nan,nan,nan,-0.067,nan,nan,0,0,0,-0.067,nan,500,fresh
97069,0,0,0,0,0,0,7,0,0,4,19,1,7,0,nan,nan,nan,nan,1.167,nan,nan,1,1,1,1.167,nan,nan,nan,nan,nan,-0.067,nan,nan,0,0,0,-0.067,nan,500,fresh
98138,0,0,0,0,0,0,7,0,0,4,19,1,7,0,nan,nan,nan,nan,1.167,nan,nan,1,1,1,1.167,nan,nan,nan,nan,nan,-0.067,nan,nan,0,0,0,-0.067,nan,500,fresh
99207,0,0,0,0,0,0,7,0,0,4,19,1,7,0,nan,nan,nan,nan,1.167,nan,nan,1,1,1,1.167,nan,nan,nan,nan,nan,-0.067,nan,nan,0,0,0,-0.067,nan,500,fresh
100276,0,0,0,0,0,0,7,0,0,4,19,1,7,0,nan,nan,nan,nan,1.167,nan,nan,1,1,1,1.167,nan,nan,nan,nan,nan,-0.067,nan,nan,0,0,0,-0.067,nan,500,fresh
101346,0,0,0,0,0,0,7,0,0,4,19,1,7,0,nan,nan,nan,nan,1.167,nan,nan,1,1,1,1.167,nan,nan,nan,nan,nan,-0.067,nan,nan,0,0,0,-0.067,nan,500,fresh
102416,0,0,0,0,0,0,7,0,0,4,19,1,7,0,nan,nan,nan,nan,1.167,nan,nan,1,1,1,1.167,nan,nan,nan,nan,nan,-0.067,nan,nan,0,0,0,-0.067,nan,500,fresh
103485,0,0,0,0,0,0,7,0,0,3,19,1,7,0,nan,nan,nan,nan,1.167,nan,nan,0.75,1,1,1.167,nan,nan,nan,nan,nan,-0.067,nan,nan,0.125,0,0,-0.067,nan,500,fresh
104555,0,0,0,0,0,0,6,0,0,4,19,1,7,0,nan,nan,nan,nan,1,nan,nan,1,1,1,1.167,nan,nan,nan,nan,nan,0,nan,nan,0,0,0,-0.067,nan,500,fresh
105625,0,0,0,0,0,0,7,0,0,4,19,1,7,0,nan,nan,nan,nan,1.167,nan,nan,1,1,1,1.167,nan,nan,nan,nan,nan,-0.067,nan,nan,0,0,0,-0.067,nan,500,fresh
106694,0,0,0,0,0,0,7,0,0,4,19,1,7,0,nan,nan,nan,nan,1.167,nan,nan,1,1,1,1.167,nan,nan,nan,nan,nan,-0.067,nan,nan,0,0,0,-0.067,nan,500,fresh
107763,0,0,0,0,0,0,7,0,0,4,19,1,7,0,nan,nan,nan,nan,1.167,nan,nan,1,1,1,1.167,nan,nan,nan,nan,nan,-0.067,nan,nan,0,0,0,-0.067,nan,500,fresh
108833,0,0,0,0,0,0,7,0,0,4,19,1,7,0,nan,nan,nan,nan,1.167,nan,nan,1,1,1,1.167,nan,nan,nan,nan,nan,-0.067,nan,nan,0,0,0,-0.067,nan,500,fresh
109903,0,0,0,0,0,0,7,0,0,4,19,1,7,0,nan,nan,nan,nan,1.167,nan,nan,1,1,1,1.167,nan,nan,nan,nan,nan,-0.067,nan,nan,0,0,0,-0.067,nan,500,fresh
110971,0,0,0,0,0,0,7,0,0,4,19,1,7,0,nan,nan,nan,nan,1.167,nan,nan,1,1,1,1.167,nan,nan,nan,nan,nan,-0.067,nan,nan,0,0,0,-0.067,nan,500,fresh
112041,0,0,0,0,0,0,7,0,0,4,19,1,7,0,nan,nan,nan,nan,1.167,nan,nan,1,1,1,1.167,nan,nan,nan,nan,nan,-0.067,nan,nan,0,0,0,-0.067,nan,500,fresh
113111,0,0,0,0,0,0,7,0,0,4,19,1,7,0,nan,nan,nan,nan,1.167,nan,nan,1,1,1,1.167,nan,nan,nan,nan,nan,-0.067,nan,nan,0,0,0,-0.067,nan,500,fresh
114180,0,0,0,0,0,0,7,0,0,4,19,1,7,0,nan,nan,nan,nan,1.167,nan,nan,1,1,1,1.167,nan,nan,nan,nan,nan,-0.067,nan,nan,0,0,0,-0.067,nan,500,fresh
115250,0,0,0,0,0,0,7,0,0,4,19,1,7,0,nan,nan,nan,nan,1.167,nan,nan,1,1,1,1.167,nan,nan,nan,nan,nan,-0.067,nan,nan,0,0,0,-0.067,nan,500,fresh
116319,0,0,0,0,0,0,7,0,0,4,19,1,7,0,nan,nan,nan,nan,1.167,nan,nan,1,1,1,1.167,nan,nan,nan,nan,nan,-0.067,nan,nan,0,0,0,-0.067,nan,500,fresh
117388,0,0,0,0,0,0,7,0,0,4,19,1,7,0,nan,nan,nan,nan,1.167,nan,nan,1,1,1,1.167,nan,nan,nan,nan,nan,-0.067,nan,nan,0,0,0,-0.067,nan,500,fresh
118457,0,0,0,0,0,0,7,0,0,4,19,1,7,0,nan,nan,nan,nan,1.167,nan,nan,1,1,1,1.167,nan,nan,nan,nan,nan,-0.067,nan,nan,0,0,0,-0.067,nan,500,fresh
119526,0,0,0,0,0,0,7,0,0,4,19,1,7,0,nan,nan,nan,nan,1.167,nan,nan,1,1,1,1.167,nan,nan,nan,nan,nan,-0.067,nan,nan,0,0,0,-0.067,nan,500,fresh
120596,0,0,0,0,0,0,7,0,0,4,19,1,7,0,nan,nan,nan,nan,1.167,nan,nan,1,1,1,1.167,nan,nan,nan,nan,nan,-0.067,nan,nan,0,0,0,-0.067,nan,500,fresh
121664,0,0,0,0,0,0,7,0,0,4,19,1,7,0,nan,nan,nan,nan,1.167,nan,nan,1,1,1,1.167,nan,nan,nan,nan,nan,-0.067,nan,nan,0,0,0,-0.067,nan,500,fresh
122733,0,0,0,0,0,0,6,0,0,4,19,1,7,0,nan,nan,nan,nan,1,nan,nan,1,1,1,1.167,nan,nan,nan,nan,nan,0,nan,nan,0,0,0,-0.067,nan,500,fresh
123803,0,0,0,0,0,0,7,0,0,4,19,1,7,0,nan,nan,nan,nan,1.167,nan,nan,1,1,1,1.167,nan,nan,nan,nan,nan,-0.067,nan,nan,0,0,0,-0.067,nan,500,fresh
124872,0,0,0,0,0,0,7,0,0,4,19,1,7,0,nan,nan,nan,nan,1.167,nan,nan,1,1,1,1.167,nan,nan,nan,nan,nan,-0.067,nan,nan,0,0,0,-0.067,nan,500,fresh
125941,0,0,0,0,0,0,7,0,0,4,19,1,7,0,nan,nan,nan,nan,1.167,nan,nan,1,1,1,1.167,nan,nan,nan,nan,nan,-0.067,nan,nan,0,0,0,-0.067,nan,500,fresh
127011,0,0,0,0,0,0,7,0,0,4,19,1,7,0,nan,nan,nan,nan,1.167,nan,nan,1,1,1,1.167,nan,nan,nan,nan,nan,-0.067,nan,nan,0,0,0,-0.067,nan,500,fresh
128081,0,0,0,0,0,0,7,0,0,4,19,1,7,0,nan,nan,nan,nan,1.167,nan,nan,1,1,1,1.167,nan,nan,nan,nan,nan,-0.067,nan,nan,0,0,0,-0.067,nan,500,fresh
129149,0,0,0,0,0,0,7,0,0,4,19,1,7,0,nan,nan,nan,nan,1.167,nan,nan,1,1,1,1.167,nan,nan,nan,nan,nan,-0.067,nan,nan,0,0,0,-0.067,nan,500,fresh
130219,0,0,0,0,0,0,7,0,0,4,19,1,7,0,nan,nan,nan,nan,1.167,nan,nan,1,1,1,1.167,nan,nan,nan,nan,nan,-0.067,nan,nan,0,0,0,-0.067,nan,500,fresh
131289,0,0,0,0,0,0,7,0,0,4,19,1,7,0,nan,nan,nan,nan,1.167,nan,nan,1,1,1,1.167,nan,nan,nan,nan,nan,-0.067,nan,nan,0,0,0,-0.067,nan,500,fresh
132359,0,0,0,0,0,0,7,0,0,4,19,1,6,0,nan,nan,nan,nan,1.167,nan,nan,1,1,1,1,nan,nan,nan,nan,nan,-0.067,nan,nan,0,0,0,0,nan,500,fresh
133429,0,0,0,0,0,0,7,0,0,4,19,1,7,0,nan,nan,nan,nan,1.167,nan,nan,1,1,1,1.167,nan,nan,nan,nan,nan,-0.067,nan,nan,0,0,0,-0.067,nan,500,fresh
134497,0,0,0,0,0,0,7,0,0,4,19,1,7,0,nan,nan,nan,nan,1.167,nan,nan,1,1,1,1.167,nan,nan,nan,nan,nan,-0.067,nan,nan,0,0,0,-0.067,nan,500,fresh
135567,0,0,0,0,0,0,7,0,0,4,19,1,7,0,nan,nan,nan,nan,1.167,nan,nan,1,1,1,1.167,nan,nan,nan,nan,nan,-0.067,nan,nan,0,0,0,-0.067,nan,500,fresh
136637,0,0,0,0,0,0,7,0,0,4,19,1,7,0,nan,nan,nan,nan,1.167,nan,nan,1,1,1,1.167,nan,nan,nan,nan,nan,-0.067,nan,nan,0,0,0,-0.067,nan,500,fresh
137707,0,0,0,0,0,0,7,0,0,4,19,1,7,0,nan,nan,nan,nan,1.167,nan,nan,1,1,1,1.167,nan,nan,nan,nan,nan,-0.067,nan,nan,0,0,0,-0.067,nan,500,fresh
138776,0,0,0,0,0,0,7,0,0,4,19,1,7,0,nan,nan,nan,nan,1.167,nan,nan,1,1,1,1.167,nan,nan,nan,nan,nan,-0.067,nan,nan,0,0,0,-0.067,nan,500,fresh
139845,0,0,0,0,0,0,7,0,0,4,19,1,7,0,nan,nan,nan,nan,1.167,nan,nan,1,1,1,1.167,nan,nan,nan,nan,nan,-0.067,nan,nan,0,0,0,-0.067,nan,500,fresh
140915,0,0,0,0,0,0,7,0,0,4,19,1,7,0,nan,nan,nan,nan,1.167,nan,nan,1,1,1,1.167,nan,nan,nan,nan,nan,-0.067,nan,nan,0,0,0,-0.067,nan,500,fresh
141984,0,0,0,0,0,0,7,0,0,4,19,1,7,0,nan,nan,nan,nan,1.167,nan,nan,1,1,1,1.167,nan,nan,nan,nan,nan,-0.067,nan,nan,0,0,0,-0.067,nan,500,fresh
143054,0,0,0,0,0,0,7,0,0,4,19,1,7,0,nan,nan,nan,nan,1.167,nan,nan,1,1,1,1.167,nan,nan,nan,nan,nan,-0.067,nan,nan,0,0,0,-0.067,nan,500,fresh
144124,0,0,0,0,0,0,7,0,0,4,19,1,7,0,nan,nan,nan,nan,1.167,nan,nan,1,1,1,1.167,nan,nan,nan,nan,nan,-0.067,nan,nan,0,0,0,-0.067,nan,500,fresh
145194,0,0,0,0,0,0,7,0,0,4,19,1,7,0,nan,nan,nan,nan,1.167,nan,nan,1,1,1,1.167,nan,nan,nan,nan,nan,-0.067,nan,nan,0,0,0,-0.067,nan,500,fresh
146264,0,0,0,0,0,0,7,0,0,4,19,1,7,0,nan,nan,nan,nan,1.167,nan,nan,1,1,1,1.167,nan,nan,nan,nan,nan,-0.067,nan,nan,0,0,0,-0.067,nan,500,fresh
147332,0,0,0,0,0,0,7,0,0,4,19,1,7,0,nan,nan,nan,nan,1.167,nan,nan,1,1,1,1.167,nan,nan,nan,nan,nan,-0.067,nan,nan,0,0,0,-0.067,nan,500,fresh
148402,0,0,0,0,0,0,7,0,0,4,19,1,7,0,nan,nan,nan,nan,1.167,nan,nan,1,1,1,1.167,nan,nan,nan,nan,nan,-0.067,nan,nan,0,0,0,-0.067,nan,500,fresh
149471,0,0,0,0,0,0,7,0,0,4,19,1,7,0,nan,nan,nan,nan,1.167,nan,nan,1,1,1,1.167,nan,nan,nan,nan,nan,-0.067,nan,nan,0,0,0,-0.067,nan,500,fresh
150541,0,0,0,0,0,0,7,0,0,4,19,1,7,0,nan,nan,nan,nan,1.167,nan,nan,1,1,1,1.167,nan,nan,nan,nan,nan,-0.067,nan,nan,0,0,0,-0.067,nan,500,fresh
151611,0,0,0,0,0,0,7,0,0,4,19,1,7,0,nan,nan,nan,nan,1.167,nan,nan,1,1,1,1.167,nan,nan,nan,nan,nan,-0.067,nan,nan,0,0,0,-0.067,nan,500,fresh
152680,0,0,0,0,0,0,7,0,0,4,19,1,7,0,nan,nan,nan,nan,1.167,nan,nan,1,1,1,1.167,nan,nan,nan,nan,nan,-0.067,nan,nan,0,0,0,-0.067,nan,500,fresh
153750,0,0,0,0,0,0,7,0,0,4,19,1,7,0,nan,nan,nan,nan,1.167,nan,nan,1,1,1,1.167,nan,nan,nan,nan,nan,-0.067,nan,nan,0,0,0,-0.067,nan,500,fresh
154820,0,0,0,0,0,0,7,0,0,4,19,1,7,0,nan,nan,nan,nan,1.167,nan,nan,1,1,1,1.167,nan,nan,nan,nan,nan,-0.067,nan,nan,0,0,0,-0.067,nan,500,fresh
155890,0,0,0,0,0,0,7,0,0,4,19,1,7,0,nan,nan,nan,nan,1.167,nan,nan,1,1,1,1.167,nan,nan,nan,nan,nan,-0.067,nan,nan,0,0,0,-0.067,nan,500,fresh
156960,0,0,0,0,0,0,7,0,0,4,19,1,7,0,nan,nan,nan,nan,1.167,nan,nan,1,1,1,1.167,nan,nan,nan,nan,nan,-0.067,nan,nan,0,0,0,-0.067,nan,500,fresh
158030,0,0,0,0,0,0,7,0,0,4,19,1,7,0,nan,nan,nan,nan,1.167,nan,nan,1,1,1,1.167,nan,nan,nan,nan,nan,-0.067,nan,nan,0,0,0,-0.067,nan,500,fresh
159100,0,0,0,0,0,0,7,0,0,4,19,1,6,0,nan,nan,nan,nan,1.167,nan,nan,1,1,1,1,nan,nan,nan,nan,nan,-0.067,nan,nan,0,0,0,0,nan,500,fresh
160168,0,0,0,0,0,0,7,0,0,4,19,1,7,0,nan,nan,nan,nan,1.167,nan,nan,1,1,1,1.167,nan,nan,nan,nan,nan,-0.067,nan,nan,0,0,0,-0.067,nan,500,fresh
161237,0,0,0,0,0,0,7,0,0,4,19,1,7,0,nan,nan,nan,nan,1.167,nan,nan,1,1,1,1.167,nan,nan,nan,nan,nan,-0.067,nan,nan,0,0,0,-0.067,nan,500,fresh
162306,0,0,0,0,0,0,7,0,0,4,19,1,7,0,nan,nan,nan,nan,1.167,nan,nan,1,1,1,1.167,nan,nan,nan,nan,nan,-0.067,nan,nan,0,0,0,-0.067,nan,500,fresh
163376,0,0,0,0,0,0,7,0,0,4,19,1,7,0,nan,nan,nan,nan,1.167,nan,nan,1,1,1,1.167,nan,nan,nan,nan,nan,-0.067,nan,nan,0,0,0,-0.067,nan,500,fresh
164444,0,0,0,0,0,0,7,0,0,4,19,1,7,0,nan,nan,nan,nan,1.167,nan,nan,1,1,1,1.167,nan,nan,nan,nan,nan,-0.067,nan,nan,0,0,0,-0.067,nan,500,fresh
165513,0,0,0,0,0,0,7,0,0,4,19,1,7,0,nan,nan,nan,nan,1.167,nan,nan,1,1,1,1.167,nan,nan,nan,nan,nan,-0.067,nan,nan,0,0,0,-0.067,nan,500,fresh
166583,0,0,0,0,0,0,7,0,0,4,19,1,7,0,nan,nan,nan,nan,1.167,nan,nan,1,1,1,1.167,nan,nan,nan,nan,nan,-0.067,nan,nan,0,0,0,-0.067,nan,500,fresh
167652,0,0,0,0,0,0,7,0,0,4,19,1,7,0,nan,nan,nan,nan,1.167,nan,nan,1,1,1,1.167,nan,nan,nan,nan,nan,-0.067,nan,nan,0,0,0,-0.067,nan,500,fresh
168722,0,0,0,0,0,0,7,0,0,4,19,1,7,0,nan,nan,nan,nan,1.167,nan,nan,1,1,1,1.167,nan,nan,nan,nan,nan,-0.067,nan,nan,0,0,0,-0.067,nan,500,fresh
169792,0,0,0,0,0,0,7,0,0,4,19,1,7,0,nan,nan,nan,nan,1.167,nan,nan,1,1,1,1.167,nan,nan,nan,nan,nan,-0.067,nan,nan,0,0,0,-0.067,nan,500,fresh
170862,0,0,0,0,0,0,7,0,0,4,19,1,7,0,nan,nan,nan,nan,1.167,nan,nan,1,1,1,1.167,nan,nan,nan,nan,nan,-0.067,nan,nan,0,0,0,-0.067,nan,500,fresh
171932,0,0,0,0,0,0,6,0,0,4,19,1,7,0,nan,nan,nan,nan,1,nan,nan,1,1,1,1.167,nan,nan,nan,nan,nan,0,nan,nan,0,0,0,-0.067,nan,500,fresh
173002,0,0,0,0,0,0,7,0,0,4,19,1,7,0,nan,nan,nan,nan,1.167,nan,nan,1,1,1,1.167,nan,nan,nan,nan,nan,-0.067,nan,nan,0,0,0,-0.067,nan,500,fresh
174072,0,0,0,0,0,0,7,0,0,4,19,1,7,0,nan,nan,nan,nan,1.167,nan,nan,1,1,1,1.167,nan,nan,nan,nan,nan,-0.067,nan,nan,0,0,0,-0.067,nan,500,fresh
175140,0,0,0,0,0,0,6,0,0,4,19,1,7,0,nan,nan,nan,nan,1,nan,nan,1,1,1,1.167,nan,nan,nan,nan,nan,0,nan,nan,0,0,0,-0.067,nan,500,fresh
176210,0,0,0,0,0,0,7,0,0,4,19,1,7,0,nan,nan,nan,nan,1.167,nan,nan,1,1,1,1.167,nan,nan,nan,nan,nan,-0.067,nan,nan,0,0,0,-0.067,nan,500,fresh
177280,0,0,0,0,0,0,7,0,0,4,19,1,7,0,nan,nan,nan,nan,1.167,nan,nan,1,1,1,1.167,nan,nan,nan,nan,nan,-0.067,nan,nan,0,0,0,-0.067,nan,500,fresh
178350,0,0,0,0,0,0,6,0,0,4,19,1,7,0,nan,nan,nan,nan,1,nan,nan,1,1,1,1.167,nan,nan,nan,nan,nan,0,nan,nan,0,0,0,-0.067,nan,500,fresh
179419,0,0,0,0,0,0,7,0,0,4,19,1,7,0,nan,nan,nan,nan,1.167,nan,nan,1,1,1,1.167,nan,nan,nan,nan,nan,-0.067,nan,nan,0,0,0,-0.067,nan,500,fresh
180488,0,0,0,0,0,0,7,0,0,4,19,1,7,0,nan,nan,nan,nan,1.167,nan,nan,1,1,1,1.167,nan,nan,nan,nan,nan,-0.067,nan,nan,0,0,0,-0.067,nan,500,fresh
181557,0,0,0,0,0,0,7,0,0,4,19,1,7,0,nan,nan,nan,nan,1.167,nan,nan,1,1,1,1.167,nan,nan,nan,nan,nan,-0.067,nan,nan,0,0,0,-0.067,nan,500,fresh
182627,0,0,0,0,0,0,7,0,0,4,19,1,7,0,nan,nan,nan,nan,1.167,nan,nan,1,1,1,1.167,nan,nan,nan,nan,nan,-0.067,nan,nan,0,0,0,-0.067,nan,500,fresh
183697,0,0,0,0,0,0,7,0,0,4,19,1,7,0,nan,nan,nan,nan,1.167,nan,nan,1,1,1,1.167,nan,nan,nan,nan,nan,-0.067,nan,nan,0,0,0,-0.067,nan,500,fresh
184766,0,0,0,0,0,0,7,0,0,4,19,1,7,0,nan,nan,nan,nan,1.167,nan,nan,1,1,1,1.167,nan,nan,nan,nan,nan,-0.067,nan,nan,0,0,0,-0.067,nan,500,fresh
185836,0,0,0,0,0,0,7,0,0,4,19,1,7,0,nan,nan,nan,nan,1.167,nan,nan,1,1,1,1.167,nan,nan,nan,nan,nan,-0.067,nan,nan,0,0,0,-0.067,nan,500,fresh
186906,0,0,0,0,0,0,7,0,0,4,19,1,7,0,nan,nan,nan,nan,1.167,nan,nan,1,1,1,1.167,nan,nan,nan,nan,nan,-0.067,nan,nan,0,0,0,-0.067,nan,500,fresh
187976,0,0,0,0,0,0,7,0,0,4,19,1,6,0,nan,nan,nan,nan,1.167,nan,nan,1,1,1,1,nan,nan,nan,nan,nan,-0.067,nan,nan,0,0,0,0,nan,500,fresh
189046,0,0,0,0,0,0,7,0,0,4,19,1,6,0,nan,nan,nan,nan,1.167,nan,nan,1,1,1,1,nan,nan,nan,nan,nan,-0.067,nan,nan,0,0,0,0,nan,500,fresh
190115,0,0,0,0,0,0,6,0,0,4,19,1,7,0,nan,nan,nan,nan,1,nan,nan,1,1,1,1.167,nan,nan,nan,nan,nan,0,nan,nan,0,0,0,-0.067,nan,500,fresh
191185,0,0,0,0,0,0,7,0,0,4,19,1,6,0,nan,nan,nan,nan,1.167,nan,nan,1,1,1,1,nan,nan,nan,nan,nan,-0.067,nan,nan,0,0,0,0,nan,500,fresh
192255,0,0,0,0,0,0,7,0,0,4,19,1,7,0,nan,nan,nan,nan,1.167,nan,nan,1,1,1,1.167,nan,nan,nan,nan,nan,-0.067,nan,nan,0,0,0,-0.067,nan,500,fresh
193324,0,0,0,0,0,0,7,0,0,4,19,1,7,0,nan,nan,nan,nan,1.167,nan,nan,1,1,1,1.167,nan,nan,nan,nan,nan,-0.067,nan,nan,0,0,0,-0.067,nan,500,fresh
194394,0,0,0,0,0,0,7,0,0,4,19,1,7,0,nan,nan,nan,nan,1.167,nan,nan,1,1,1,1.167,nan,nan,nan,nan,nan,-0.067,nan,nan,0,0,0,-0.067,nan,500,fresh
195464,0,0,0,0,0,0,7,0,0,4,19,1,7,0,nan,nan,nan,nan,1.167,nan,nan,1,1,1,1.167,nan,nan,nan,nan,nan,-0.067,nan,nan,0,0,0,-0.067,nan,500,fresh
196534,0,0,0,0,0,0,7,0,0,4,19,1,7,0,nan,nan,nan,nan,1.167,nan,nan,1,1,1,1.167,nan,nan,nan,nan,nan,-0.067,nan,nan,0,0,0,-0.067,nan,500,fresh
197604,0,0,0,0,0,0,7,0,0,4,19,1,7,0,nan,nan,nan,nan,1.167,nan,nan,1,1,1,1.167,nan,nan,nan,nan,nan,-0.067,nan,nan,0,0,0,-0.067,nan,500,fresh
198673,0,0,0,0,0,0,7,0,0,4,19,1,7,0,nan,nan,nan,nan,1.167,nan,nan,1,1,1,1.167,nan,nan,nan,nan,nan,-0.067,nan,nan,0,0,0,-0.067,nan,500,fresh
199741,0,0,0,0,0,0,6,0,0,4,19,1,7,0,nan,nan,nan,nan,1,nan,nan,1,1,1,1.167,nan,nan,nan,nan,nan,0,nan,nan,0,0,0,-0.067,nan,500,fresh
200810,0,0,0,0,0,0,7,0,0,4,19,1,7,0,nan,nan,nan,nan,1.167,nan,nan,1,1,1,1.167,nan,nan,nan,nan,nan,-0.067,nan,nan,0,0,0,-0.067,nan,500,fresh
201880,0,0,0,0,0,0,7,0,0,4,19,1,7,0,nan,nan,nan,nan,1.167,nan,nan,1,1,1,1.167,nan,nan,nan,nan,nan,-0.067,nan,nan,0,0,0,-0.067,nan,500,fresh
202950,0,0,0,0,0,0,7,0,0,4,19,1,7,0,nan,nan,nan,nan,1.167,nan,nan,1,1,1,1.167,nan,nan,nan,nan,nan,-0.067,nan,nan,0,0,0,-0.067,nan,500,fresh
204019,0,0,0,0,0,0,7,0,0,4,19,1,7,0,nan,nan,nan,nan,1.167,nan,nan,1,1,1,1.167,nan,nan,nan,nan,nan,-0.067,nan,nan,0,0,0,-0.067,nan,500,fresh
205089,0,0,0,0,0,0,7,0,0,4,19,1,6,0,nan,nan,nan,nan,1.167,nan,nan,1,1,1,1,nan,nan,nan,nan,nan,-0.067,nan,nan,0,0,0,0,nan,500,fresh
206159,0,0,0,0,0,0,7,0,0,4,19,1,7,0,nan,nan,nan,nan,1.167,nan,nan,1,1,1,1.167,nan,nan,nan,nan,nan,-0.067,nan,nan,0,0,0,-0.067,nan,500,fresh
207228,0,0,0,0,0,0,7,0,0,4,19,1,7,0,nan,nan,nan,nan,1.167,nan,nan,1,1,1,1.167,nan,nan,nan,nan,nan,-0.067,nan,nan,0,0,0,-0.067,nan,500,fresh
208298,0,0,0,0,0,0,7,0,0,4,19,1,6,0,nan,nan,nan,nan,1.167,nan,nan,1,1,1,1,nan,nan,nan,nan,nan,-0.067,nan,nan,0,0,0,0,nan,500,fresh
209368,0,0,0,0,0,0,7,0,0,4,19,1,7,0,nan,nan,nan,nan,1.167,nan,nan,1,1,1,1.167,nan,nan,nan,nan,nan,-0.067,nan,nan,0,0,0,-0.067,nan,500,fresh
210437,0,0,0,0,0,0,7,0,0,4,19,1,7,0,nan,nan,nan,nan,1.167,nan,nan,1,1,1,1.167,nan,nan,nan,nan,nan,-0.067,nan,nan,0,0,0,-0.067,nan,500,fresh
211507,0,0,0,0,0,0,6,0,0,4,19,1,7,0,nan,nan,nan,nan,1,nan,nan,1,1,1,1.167,nan,nan,nan,nan,nan,0,nan,nan,0,0,0,-0.067,nan,500,fresh
212576,0,0,0,0,0,0,6,0,0,4,19,1,7,0,nan,nan,nan,nan,1,nan,nan,1,1,1,1.167,nan,nan,nan,nan,nan,0,nan,nan,0,0,0,-0.067,nan,500,fresh
213644,0,0,0,0,0,0,7,0,0,4,19,1,6,0,nan,nan,nan,nan,1.167,nan,nan,1,1,1,1,nan,nan,nan,nan,nan,-0.067,nan,nan,0,0,0,0,nan,500,fresh
214713,0,0,0,0,0,0,7,0,0,4,19,1,7,0,nan,nan,nan,nan,1.167,nan,nan,1,1,1,1.167,nan,nan,nan,nan,nan,-0.067,nan,nan,0,0,0,-0.067,nan,500,fresh
215783,0,0,0,0,0,0,7,0,0,4,19,1,7,0,nan,nan,nan,nan,1.167,nan,nan,1,1,1,1.167,nan,nan,nan,nan,nan,-0.067,nan,nan,0,0,0,-0.067,nan,500,fresh
216853,0,0,0,0,0,0,7,0,0,4,19,1,7,0,nan,nan,nan,nan,1.167,nan,nan,1,1,1,1.167,nan,nan,nan,nan,nan,-0.067,nan,nan,0,0,0,-0.067,nan,500,fresh
217921,0,0,0,0,0,0,7,0,0,4,19,1,6,0,nan,nan,nan,nan,1.167,nan,nan,1,1,1,1,nan,nan,nan,nan,nan,-0.067,nan,nan,0,0,0,0,nan,500,fresh
218990,0,0,0,0,0,0,7,0,0,4,19,1,7,0,nan,nan,nan,nan,1.167,nan,nan,1,1,1,1.167,nan,nan,nan,nan,nan,-0.067,nan,nan,0,0,0,-0.067,nan,500,fresh
220060,0,0,0,0,0,0,6,0,0,4,19,1,7,0,nan,nan,nan,nan,1,nan,nan,1,1,1,1.167,nan,nan,nan,nan,nan,0,nan,nan,0,0,0,-0.067,nan,500,fresh
221130,0,0,0,0,0,0,7,0,0,4,19,1,7,0,nan,nan,nan,nan,1.167,nan,nan,1,1,1,1.167,nan,nan,nan,nan,nan,-0.067,nan,nan,0,0,0,-0.067,nan,500,fresh
222198,0,0,0,0,0,0,7,0,0,4,19,1,7,0,nan,nan,nan,nan,1.167,nan,nan,1,1,1,1.167,nan,nan,nan,nan,nan,-0.067,nan,nan,0,0,0,-0.067,nan,500,fresh
223267,0,0,0,0,0,0,7,0,0,4,19,1,7,0,nan,nan,nan,nan,1.167,nan,nan,1,1,1,1.167,nan,nan,nan,nan,nan,-0.067,nan,nan,0,0,0,-0.067,nan,500,fresh
224337,0,0,0,0,0,0,6,0,0,4,19,1,7,0,nan,nan,nan,nan,1,nan,nan,1,1,1,1.167,nan,nan,nan,nan,nan,0,nan,nan,0,0,0,-0.067,nan,500,fresh
225406,0,0,0,0,0,0,6,0,0,4,19,1,7,0,nan,nan,nan,nan,1,nan,nan,1,1,1,1.167,nan,nan,nan,nan,nan,0,nan,nan,0,0,0,-0.067,nan,500,fresh
226475,0,0,0,0,0,0,7,0,0,4,19,1,7,0,nan,nan,nan,nan,1.167,nan,nan,1,1,1,1.167,nan,nan,nan,nan,nan,-0.067,nan,nan,0,0,0,-0.067,nan,500,fresh
227544,0,0,0,0,0,0,6,0,0,4,19,1,7,0,nan,nan,nan,nan,1,nan,nan,1,1,1,1.167,nan,nan,nan,nan,nan,0,nan,nan,0,0,0,-0.067,nan,500,fresh
228614,0,0,0,0,0,0,7,0,0,4,19,1,7,0,nan,nan,nan,nan,1.167,nan,nan,1,1,1,1.167,nan,nan,nan,nan,nan,-0.067,nan,nan,0,0,0,-0.067,nan,500,fresh
229683,0,0,0,0,0,0,7,0,0,3,19,1,7,0,nan,nan,nan,nan,1.167,nan,nan,0.75,1,1,1.167,nan,nan,nan,nan,nan,-0.067,nan,nan,0.125,0,0,-0.067,nan,500,fresh
230752,0,0,0,0,0,0,6,0,0,4,19,1,6,0,nan,nan,nan,nan,1,nan,nan,1,1,1,1,nan,nan,nan,nan,nan,0,nan,nan,0,0,0,0,nan,500,fresh
231822,0,0,0,0,0,0,7,0,0,4,19,1,7,0,nan,nan,nan,nan,1.167,nan,nan,1,1,1,1.167,nan,nan,nan,nan,nan,-0.067,nan,nan,0,0,0,-0.067,nan,500,fresh
232892,0,0,0,0,0,0,7,0,0,4,19,1,7,0,nan,nan,nan,nan,1.167,nan,nan,1,1,1,1.167,nan,nan,nan,nan,nan,-0.067,nan,nan,0,0,0,-0.067,nan,500,fresh
233962,0,0,0,0,0,0,6,0,0,4,19,1,7,0,nan,nan,nan,nan,1,nan,nan,1,1,1,1.167,nan,nan,nan,nan,nan,0,nan,nan,0,0,0,-0.067,nan,500,fresh
235031,0,0,0,0,0,0,6,0,0,4,19,1,7,0,nan,nan,nan,nan,1,nan,nan,1,1,1,1.167,nan,nan,nan,nan,nan,0,nan,nan,0,0,0,-0.067,nan,500,fresh
236100,0,0,0,0,0,0,7,0,0,4,19,1,6,0,nan,nan,nan,nan,1.167,nan,nan,1,1,1,1,nan,nan,nan,nan,nan,-0.067,nan,nan,0,0,0,0,nan,500,fresh
237170,0,0,0,0,0,0,7,0,0,4,19,1,7,0,nan,nan,nan,nan,1.167,nan,nan,1,1,1,1.167,nan,nan,nan,nan,nan,-0.067,nan,nan,0,0,0,-0.067,nan,500,fresh
238240,0,0,0,0,0,0,7,0,0,4,19,1,7,0,nan,nan,nan,nan,1.167,nan,nan,1,1,1,1.167,nan,nan,nan,nan,nan,-0.067,nan,nan,0,0,0,-0.067,nan,500,fresh
239309,0,0,0,0,0,0,7,0,0,4,19,1,6,0,nan,nan,nan,nan,1.167,nan,nan,1,1,1,1,nan,nan,nan,nan,nan,-0.067,nan,nan,0,0,0,0,nan,500,fresh
240379,0,0,0,0,0,0,7,0,0,4,19,1,7,0,nan,nan,nan,nan,1.167,nan,nan,1,1,1,1.167,nan,nan,nan,nan,nan,-0.067,nan,nan,0,0,0,-0.067,nan,500,fresh
241449,0,0,0,0,0,0,7,0,0,4,19,1,6,0,nan,nan,nan,nan,1.167,nan,nan,1,1,1,1,nan,nan,nan,nan,nan,-0.067,nan,nan,0,0,0,0,nan,500,fresh
242519,0,0,0,0,0,0,7,0,0,4,19,1,7,0,nan,nan,nan,nan,1.167,nan,nan,1,1,1,1.167,nan,nan,nan,nan,nan,-0.067,nan,nan,0,0,0,-0.067,nan,500,fresh
243588,0,0,0,0,0,0,7,0,0,4,19,1,6,0,nan,nan,nan,nan,1.167,nan,nan,1,1,1,1,nan,nan,nan,nan,nan,-0.067,nan,nan,0,0,0,0,nan,500,fresh
244657,0,0,0,0,0,0,7,0,0,4,19,1,7,0,nan,nan,nan,nan,1.167,nan,nan,1,1,1,1.167,nan,nan,nan,nan,nan,-0.067,nan,nan,0,0,0,-0.067,nan,500,fresh
245727,0,0,0,0,0,0,7,0,0,4,19,1,7,0,nan,nan,nan,nan,1.167,nan,nan,1,1,1,1.167,nan,nan,nan,nan,nan,-0.067,nan,nan,0,0,0,-0.067,nan,500,fresh
246795,0,0,0,0,0,0,7,0,0,4,19,1,7,0,nan,nan,nan,nan,1.167,nan,nan,1,1,1,1.167,nan,nan,nan,nan,nan,-0.067,nan,nan,0,0,0,-0.067,nan,500,fresh
247864,0,0,0,0,0,0,7,0,0,4,19,1,7,0,nan,nan,nan,nan,1.167,nan,nan,1,1,1,1.167,nan,nan,nan,nan,nan,-0.067,nan,nan,0,0,0,-0.067,nan,500,fresh
248934,0,0,0,0,0,0,7,0,0,4,19,1,7,0,nan,nan,nan,nan,1.167,nan,nan,1,1,1,1.167,nan,nan,nan,nan,nan,-0.067,nan,nan,0,0,0,-0.067,nan,500,fresh
250004,0,0,0,0,0,0,6,0,0,4,19,1,7,0,nan,nan,nan,nan,1,nan,nan,1,1,1,1.167,nan,nan,nan,nan,nan,0,nan,nan,0,0,0,-0.067,nan,500,fresh
251073,0,0,0,0,0,0,7,0,0,4,19,1,7,0,nan,nan,nan,nan,1.167,nan,nan,1,1,1,1.167,nan,nan,nan,nan,nan,-0.067,nan,nan,0,0,0,-0.067,nan,500,fresh
252142,0,0,0,0,0,0,7,0,0,4,19,1,7,0,nan,nan,nan,nan,1.167,nan,nan,1,1,1,1.167,nan,nan,nan,nan,nan,-0.067,nan,nan,0,0,0,-0.067,nan,500,fresh
253212,0,0,0,0,0,0,7,0,0,4,19,1,7,0,nan,nan,nan,nan,1.167,nan,nan,1,1,1,1.167,nan,nan,nan,nan,nan,-0.067,nan,nan,0,0,0,-0.067,nan,500,fresh
254280,0,0,0,0,0,0,7,0,0,4,19,1,6,0,nan,nan,nan,nan,1.167,nan,nan,1,1,1,1,nan,nan,nan,nan,nan,-0.067,nan,nan,0,0,0,0,nan,500,fresh
255350,0,0,0,0,0,0,7,0,0,4,19,1,7,0,nan,nan,nan,nan,1.167,nan,nan,1,1,1,1.167,nan,nan,nan,nan,nan,-0.067,nan,nan,0,0,0,-0.067,nan,500,fresh
256419,0,0,0,0,0,0,7,0,0,4,19,1,7,0,nan,nan,nan,nan,1.167,nan,nan,1,1,1,1.167,nan,nan,nan,nan,nan,-0.067,nan,nan,0,0,0,-0.067,nan,500,fresh
257489,0,0,0,0,0,0,7,0,0,4,19,1,7,0,nan,nan,nan,nan,1.167,nan,nan,1,1,1,1.167,nan,nan,nan,nan,nan,-0.067,nan,nan,0,0,0,-0.067,nan,500,fresh
258559,0,0,0,0,0,0,7,0,0,4,19,1,7,0,nan,nan,nan,nan,1.167,nan,nan,1,1,1,1.167,nan,nan,nan,nan,nan,-0.067,nan,nan,0,0,0,-0.067,nan,500,fresh
259627,0,0,0,0,0,0,7,0,0,4,19,1,7,0,nan,nan,nan,nan,1.167,nan,nan,1,1,1,1.167,nan,nan,nan,nan,nan,-0.067,nan,nan,0,0,0,-0.067,nan,500,fresh
260695,0,0,0,0,0,0,7,0,0,4,19,1,7,0,nan,nan,nan,nan,1.167,nan,nan,1,1,1,1.167,nan,nan,nan,nan,nan,-0.067,nan,nan,0,0,0,-0.067,nan,500,fresh
261765,0,0,0,0,0,0,7,0,0,4,19,1,7,0,nan,nan,nan,nan,1.167,nan,nan,1,1,1,1.167,nan,nan,nan,nan,nan,-0.067,nan,nan,0,0,0,-0.067,nan,500,fresh
262834,0,0,0,0,0,0,7,0,0,4,19,1,7,0,nan,nan,nan,nan,1.167,nan,nan,1,1,1,1.167,nan,nan,nan,nan,nan,-0.067,nan,nan,0,0,0,-0.067,nan,500,fresh
263904,0,0,0,0,0,0,7,0,0,4,19,1,7,0,nan,nan,nan,nan,1.167,nan,nan,1,1,1,1.167,nan,nan,nan,nan,nan,-0.067,nan,nan,0,0,0,-0.067,nan,500,fresh
264974,0,0,0,0,0,0,6,0,0,4,19,1,6,0,nan,nan,nan,nan,1,nan,nan,1,1,1,1,nan,nan,nan,nan,nan,0,nan,nan,0,0,0,0,nan,500,fresh
266042,0,0,0,0,0,0,7,0,0,4,19,1,7,0,nan,nan,nan,nan,1.167,nan,nan,1,1,1,1.167,nan,nan,nan,nan,nan,-0.067,nan,nan,0,0,0,-0.067,nan,500,fresh
267111,0,0,0,0,0,0,7,0,0,4,19,1,7,0,nan,nan,nan,nan,1.167,nan,nan,1,1,1,1.167,nan,nan,nan,nan,nan,-0.067,nan,nan,0,0,0,-0.067,nan,500,fresh
268181,0,0,0,0,0,0,7,0,0,4,19,1,7,0,nan,nan,nan,nan,1.167,nan,nan,1,1,1,1.167,nan,nan,nan,nan,nan,-0.067,nan,nan,0,0,0,-0.067,nan,500,fresh
269251,0,0,0,0,0,0,7,0,0,4,19,1,7,0,nan,nan,nan,nan,1.167,nan,nan,1,1,1,1.167,nan,nan,nan,nan,nan,-0.067,nan,nan,0,0,0,-0.067,nan,500,fresh
270321,0,0,0,0,0,0,6,0,0,4,19,1,7,0,nan,nan,nan,nan,1,nan,nan,1,1,1,1.167,nan,nan,nan,nan,nan,0,nan,nan,0,0,0,-0.067,nan,500,fresh
271390,0,0,0,0,0,0,7,0,0,4,19,1,7,0,nan,nan,nan,nan,1.167,nan,nan,1,1,1,1.167,nan,nan,nan,nan,nan,-0.067,nan,nan,0,0,0,-0.067,nan,500,fresh
272459,0,0,0,0,0,0,7,0,0,4,19,1,6,0,nan,nan,nan,nan,1.167,nan,nan,1,1,1,1,nan,nan,nan,nan,nan,-0.067,nan,nan,0,0,0,0,nan,500,fresh
273528,0,0,0,0,0,0,7,0,0,4,19,1,6,0,nan,nan,nan,nan,1.167,nan,nan,1,1,1,1,nan,nan,nan,nan,nan,-0.067,nan,nan,0,0,0,0,nan,500,fresh
274597,0,0,0,0,0,0,7,0,0,4,19,1,7,0,nan,nan,nan,nan,1.167,nan,nan,1,1,1,1.167,nan,nan,nan,nan,nan,-0.067,nan,nan,0,0,0,-0.067,nan,500,fresh
275667,0,0,0,0,0,0,7,0,0,4,19,1,7,0,nan,nan,nan,nan,1.167,nan,nan,1,1,1,1.167,nan,nan,nan,nan,nan,-0.067,nan,nan,0,0,0,-0.067,nan,500,fresh
276737,0,0,0,0,0,0,6,0,0,4,19,1,7,0,nan,nan,nan,nan,1,nan,nan,1,1,1,1.167,nan,nan,nan,nan,nan,0,nan,nan,0,0,0,-0.067,nan,500,fresh
277806,0,0,0,0,0,0,7,0,0,4,19,1,7,0,nan,nan,nan,nan,1.167,nan,nan,1,1,1,1.167,nan,nan,nan,nan,nan,-0.067,nan,nan,0,0,0,-0.067,nan,500,fresh
278875,0,0,0,0,0,0,6,0,0,4,19,1,6,0,nan,nan,nan,nan,1,nan,nan,1,1,1,1,nan,nan,nan,nan,nan,0,nan,nan,0,0,0,0,nan,500,fresh
279945,0,0,0,0,0,0,7,0,0,4,19,1,7,0,nan,nan,nan,nan,1.167,nan,nan,1,1,1,1.167,nan,nan,nan,nan,nan,-0.067,nan,nan,0,0,0,-0.067,nan,500,fresh
281015,0,0,0,0,0,0,6,0,0,4,19,1,7,0,nan,nan,nan,nan,1,nan,nan,1,1,1,1.167,nan,nan,nan,nan,nan,0,nan,nan,0,0,0,-0.067,nan,500,fresh
282084,0,0,0,0,0,0,7,0,0,4,19,1,7,0,nan,nan,nan,nan,1.167,nan,nan,1,1,1,1.167,nan,nan,nan,nan,nan,-0.067,nan,nan,0,0,0,-0.067,nan,500,fresh
283153,0,0,0,0,0,0,7,0,0,4,19,1,7,0,nan,nan,nan,nan,1.167,nan,nan,1,1,1,1.167,nan,nan,nan,nan,nan,-0.067,nan,nan,0,0,0,-0.067,nan,500,fresh
284222,0,0,0,0,0,0,6,0,0,4,19,1,7,0,nan,nan,nan,nan,1,nan,nan,1,1,1,1.167,nan,nan,nan,nan,nan,0,nan,nan,0,0,0,-0.067,nan,500,fresh
285292,0,0,0,0,0,0,7,0,0,4,19,1,7,0,nan,nan,nan,nan,1.167,nan,nan,1,1,1,1.167,nan,nan,nan,nan,nan,-0.067,nan,nan,0,0,0,-0.067,nan,500,fresh
286361,0,0,0,0,0,0,7,0,0,4,19,1,7,0,nan,nan,nan,nan,1.167,nan,nan,1,1,1,1.167,nan,nan,nan,nan,nan,-0.067,nan,nan,0,0,0,-0.067,nan,500,fresh
287430,0,0,0,0,0,0,7,0,0,4,19,1,7,0,nan,nan,nan,nan,1.167,nan,nan,1,1,1,1.167,nan,nan,nan,nan,nan,-0.067,nan,nan,0,0,0,-0.067,nan,500,fresh
288499,0,0,0,0,0,0,6,0,0,4,19,1,7,0,nan,nan,nan,nan,1,nan,nan,1,1,1,1.167,nan,nan,nan,nan,nan,0,nan,nan,0,0,0,-0.067,nan,500,fresh
289569,0,0,0,0,0,0,7,0,0,4,19,1,7,0,nan,nan,nan,nan,1.167,nan,nan,1,1,1,1.167,nan,nan,nan,nan,nan,-0.067,nan,nan,0,0,0,-0.067,nan,500,fresh
290639,0,0,0,0,0,0,7,0,0,4,19,1,7,0,nan,nan,nan,nan,1.167,nan,nan,1,1,1,1.167,nan,nan,nan,nan,nan,-0.067,nan,nan,0,0,0,-0.067,nan,500,fresh
291709,0,0,0,0,0,0,6,0,0,4,19,1,7,0,nan,nan,nan,nan,1,nan,nan,1,1,1,1.167,nan,nan,nan,nan,nan,0,nan,nan,0,0,0,-0.067,nan,500,fresh
292779,0,0,0,0,0,0,7,0,0,4,19,1,7,0,nan,nan,nan,nan,1.167,nan,nan,1,1,1,1.167,nan,nan,nan,nan,nan,-0.067,nan,nan,0,0,0,-0.067,nan,500,fresh
293848,0,0,0,0,0,0,7,0,0,4,19,1,7,0,nan,nan,nan,nan,1.167,nan,nan,1,1,1,1.167,nan,nan,nan,nan,nan,-0.067,nan,nan,0,0,0,-0.067,nan,500,fresh
294918,0,0,0,0,0,0,7,0,0,4,19,1,7,0,nan,nan,nan,nan,1.167,nan,nan,1,1,1,1.167,nan,nan,nan,nan,nan,-0.067,nan,nan,0,0,0,-0.067,nan,500,fresh
295987,0,0,0,0,0,0,6,0,0,4,19,1,7,0,nan,nan,nan,nan,1,nan,nan,1,1,1,1.167,nan,nan,nan,nan,nan,0,nan,nan,0,0,0,-0.067,nan,500,fresh
297057,0,0,0,0,0,0,7,0,0,4,19,1,6,0,nan,nan,nan,nan,1.167,nan,nan,1,1,1,1,nan,nan,nan,nan,nan,-0.067,nan,nan,0,0,0,0,nan,500,fresh
298126,0,0,0,0,0,0,7,0,0,4,19,1,6,0,nan,nan,nan,nan,1.167,nan,nan,1,1,1,1,nan,nan,nan,nan,nan,-0.067,nan,nan,0,0,0,0,nan,500,fresh
299195,0,0,0,0,0,0,7,0,0,4,19,1,7,0,nan,nan,nan,nan,1.167,nan,nan,1,1,1,1.167,nan,nan,nan,nan,nan,-0.067,nan,nan,0,0,0,-0.067,nan,500,fresh
300265,0,0,0,0,0,0,7,0,0,4,19,1,6,0,nan,nan,nan,nan,1.167,nan,nan,1,1,1,1,nan,nan,nan,nan,nan,-0.067,nan,nan,0,0,0,0,nan,500,fresh
301335,0,0,0,0,0,0,7,0,0,4,19,1,7,0,nan,nan,nan,nan,1.167,nan,nan,1,1,1,1.167,nan,nan,nan,nan,nan,-0.067,nan,nan,0,0,0,-0.067,nan,500,fresh
302405,0,0,0,0,0,0,7,0,0,4,19,1,7,0,nan,nan,nan,nan,1.167,nan,nan,1,1,1,1.167,nan,nan,nan,nan,nan,-0.067,nan,nan,0,0,0,-0.067,nan,500,fresh
303475,0,0,0,0,0,0,7,0,0,4,19,1,7,0,nan,nan,nan,nan,1.167,nan,nan,1,1,1,1.167,nan,nan,nan,nan,nan,-0.067,nan,nan,0,0,0,-0.067,nan,500,fresh
304544,0,0,0,0,0,0,6,0,0,4,19,1,7,0,nan,nan,nan,nan,1,nan,nan,1,1,1,1.167,nan,nan,nan,nan,nan,0,nan,nan,0,0,0,-0.067,nan,500,fresh
305613,0,0,0,0,0,0,6,0,0,4,19,1,7,0,nan,nan,nan,nan,1,nan,nan,1,1,1,1.167,nan,nan,nan,nan,nan,0,nan,nan,0,0,0,-0.067,nan,500,fresh
306683,0,0,0,0,0,0,7,0,0,4,19,1,7,0,nan,nan,nan,nan,1.167,nan,nan,1,1,1,1.167,nan,nan,nan,nan,nan,-0.067,nan,nan,0,0,0,-0.067,nan,500,fresh
307752,0,0,0,0,0,0,7,0,0,3,19,1,7,0,nan,nan,nan,nan,1.167,nan,nan,0.75,1,1,1.167,nan,nan,nan,nan,nan,-0.067,nan,nan,0.125,0,0,-0.067,nan,500,fresh
308821,0,0,0,0,0,0,7,0,0,4,19,1,7,0,nan,nan,nan,nan,1.167,nan,nan,1,1,1,1.167,nan,nan,nan,nan,nan,-0.067,nan,nan,0,0,0,-0.067,nan,500,fresh
309891,0,0,0,0,0,0,7,0,0,4,19,1,6,0,nan,nan,nan,nan,1.167,nan,nan,1,1,1,1,nan,nan,nan,nan,nan,-0.067,nan,nan,0,0,0,0,nan,500,fresh
310960,0,0,0,0,0,0,7,0,0,4,19,1,7,0,nan,nan,nan,nan,1.167,nan,nan,1,1,1,1.167,nan,nan,nan,nan,nan,-0.067,nan,nan,0,0,0,-0.067,nan,500,fresh
312029,0,0,0,0,0,0,7,0,0,4,19,1,6,0,nan,nan,nan,nan,1.167,nan,nan,1,1,1,1,nan,nan,nan,nan,nan,-0.067,nan,nan,0,0,0,0,nan,500,fresh
313098,0,0,0,0,0,0,7,0,0,4,19,1,7,0,nan,nan,nan,nan,1.167,nan,nan,1,1,1,1.167,nan,nan,nan,nan,nan,-0.067,nan,nan,0,0,0,-0.067,nan,500,fresh
323795,0,0,0,0,0,0,7,0,0,4,19,1,7,0,nan,nan,nan,nan,1.167,nan,nan,1,1,1,1.167,nan,nan,nan,nan,nan,-0.067,nan,nan,0,0,0,-0.067,nan,500,fresh
324865,0,0,0,0,0,0,7,0,0,4,19,1,7,0,nan,nan,nan,nan,1.167,nan,nan,1,1,1,1.167,nan,nan,nan,nan,nan,-0.067,nan,nan,0,0,0,-0.067,nan,500,fresh
325934,0,0,0,0,0,0,7,0,0,4,19,1,7,0,nan,nan,nan,nan,1.167,nan,nan,1,1,1,1.167,nan,nan,nan,nan,nan,-0.067,nan,nan,0,0,0,-0.067,nan,500,fresh
327004,0,0,0,0,0,0,7,0,0,4,19,1,7,0,nan,nan,nan,nan,1.167,nan,nan,1,1,1,1.167,nan,nan,nan,nan,nan,-0.067,nan,nan,0,0,0,-0.067,nan,500,fresh
347322,0,0,0,0,0,0,7,0,0,4,20,1,7,0,nan,nan,nan,nan,1.167,nan,nan,1,1.053,1,1.167,nan,nan,nan,nan,nan,-0.067,nan,nan,0,-0.022,0,-0.067,nan,500,fresh
348392,0,0,0,0,0,0,7,0,0,4,20,1,7,0,nan,nan,nan,nan,1.167,nan,nan,1,1.053,1,1.167,nan,nan,nan,nan,nan,-0.067,nan,nan,0,-0.022,0,-0.067,nan,500,fresh
349461,0,0,0,0,0,0,7,0,0,4,19,1,7,0,nan,nan,nan,nan,1.167,nan,nan,1,1,1,1.167,nan,nan,nan,nan,nan,-0.067,nan,nan,0,0,0,-0.067,nan,500,fresh
350530,0,0,0,0,0,0,7,0,0,4,20,1,7,0,nan,nan,nan,nan,1.167,nan,nan,1,1.053,1,1.167,nan,nan,nan,nan,nan,-0.067,nan,nan,0,-0.022,0,-0.067,nan,500,fresh
351600,0,0,0,0,0,0,7,0,0,4,20,1,7,0,nan,nan,nan,nan,1.167,nan,nan,1,1.053,1,1.167,nan,nan,nan,nan,nan,-0.067,nan,nan,0,-0.022,0,-0.067,nan,500,fresh
352669,0,0,0,0,0,0,7,0,0,4,20,1,7,0,nan,nan,nan,nan,1.167,nan,nan,1,1.053,1,1.167,nan,nan,nan,nan,nan,-0.067,nan,nan,0,-0.022,0,-0.067,nan,500,fresh
353738,0,0,0,0,0,0,7,0,0,4,20,1,7,0,nan,nan,nan,nan,1.167,nan,nan,1,1.053,1,1.167,nan,nan,nan,nan,nan,-0.067,nan,nan,0,-0.022,0,-0.067,nan,500,fresh
354807,0,0,0,0,0,0,7,0,0,4,20,1,7,0,nan,nan,nan,nan,1.167,nan,nan,1,1.053,1,1.167,nan,nan,nan,nan,nan,-0.067,nan,nan,0,-0.022,0,-0.067,nan,500,fresh
355876,0,0,0,0,0,0,7,0,0,4,20,1,7,0,nan,nan,nan,nan,1.167,nan,nan,1,1.053,1,1.167,nan,nan,nan,nan,nan,-0.067,nan,nan,0,-0.022,0,-0.067,nan,500,fresh
356945,0,0,0,0,0,0,7,0,0,4,20,1,7,0,nan,nan,nan,nan,1.167,nan,nan,1,1.053,1,1.167,nan,nan,nan,nan,nan,-0.067,nan,nan,0,-0.022,0,-0.067,nan,500,fresh
358014,0,0,0,0,0,0,7,0,0,4,20,1,7,0,nan,nan,nan,nan,1.167,nan,nan,1,1.053,1,1.167,nan,nan,nan,nan,nan,-0.067,nan,nan,0,-0.022,0,-0.067,nan,500,fresh
359084,0,0,0,0,0,0,7,0,0,4,20,1,7,0,nan,nan,nan,nan,1.167,nan,nan,1,1.053,1,1.167,nan,nan,nan,nan,nan,-0.067,nan,nan,0,-0.022,0,-0.067,nan,500,fresh
360154,0,0,0,0,0,0,7,0,0,4,20,1,7,0,nan,nan,nan,nan,1.167,nan,nan,1,1.053,1,1.167,nan,nan,nan,nan,nan,-0.067,nan,nan,0,-0.022,0,-0.067,nan,500,fresh
361224,0,0,0,0,0,0,7,0,0,4,20,1,7,0,nan,nan,nan,nan,1.167,nan,nan,1,1.053,1,1.167,nan,nan,nan,nan,nan,-0.067,nan,nan,0,-0.022,0,-0.067,nan,500,fresh
362294,0,0,0,0,0,0,7,0,0,4,19,1,7,0,nan,nan,nan,nan,1.167,nan,nan,1,1,1,1.167,nan,nan,nan,nan,nan,-0.067,nan,nan,0,0,0,-0.067,nan,500,fresh
363364,0,0,0,0,0,0,7,0,0,4,20,1,7,0,nan,nan,nan,nan,1.167,nan,nan,1,1.053,1,1.167,nan,nan,nan,nan,nan,-0.067,nan,nan,0,-0.022,0,-0.067,nan,500,fresh
364434,0,0,0,0,0,0,7,0,0,4,20,1,7,0,nan,nan,nan,nan,1.167,nan,nan,1,1.053,1,1.167,nan,nan,nan,nan,nan,-0.067,nan,nan,0,-0.022,0,-0.067,nan,500,fresh
365504,0,0,0,0,0,0,7,0,0,4,20,1,7,0,nan,nan,nan,nan,1.167,nan,nan,1,1.053,1,1.167,nan,nan,nan,nan,nan,-0.067,nan,nan,0,-0.022,0,-0.067,nan,500,fresh
366574,0,0,0,0,0,0,7,0,0,4,20,1,7,0,nan,nan,nan,nan,1.167,nan,nan,1,1.053,1,1.167,nan,nan,nan,nan,nan,-0.067,nan,nan,0,-0.022,0,-0.067,nan,500,fresh
367643,0,0,0,0,0,0,7,0,0,4,20,1,7,0,nan,nan,nan,nan,1.167,nan,nan,1,1.053,1,1.167,nan,nan,nan,nan,nan,-0.067,nan,nan,0,-0.022,0,-0.067,nan,500,fresh
368713,0,0,0,0,0,0,7,0,0,4,20,1,7,0,nan,nan,nan,nan,1.167,nan,nan,1,1.053,1,1.167,nan,nan,nan,nan,nan,-0.067,nan,nan,0,-0.022,0,-0.067,nan,500,fresh
369783,0,0,0,0,0,0,7,0,0,4,20,1,7,0,nan,nan,nan,nan,1.167,nan,nan,1,1.053,1,1.167,nan,nan,nan,nan,nan,-0.067,nan,nan,0,-0.022,0,-0.067,nan,500,fresh
370852,0,0,0,0,0,0,7,0,0,4,20,1,7,0,nan,nan,nan,nan,1.167,nan,nan,1,1.053,1,1.167,nan,nan,nan,nan,nan,-0.067,nan,nan,0,-0.022,0,-0.067,nan,500,fresh
371922,0,0,0,0,0,0,7,0,0,4,20,1,7,0,nan,nan,nan,nan,1.167,nan,nan,1,1.053,1,1.167,nan,nan,nan,nan,nan,-0.067,nan,nan,0,-0.022,0,-0.067,nan,500,fresh
372991,0,0,0,0,0,0,7,0,0,4,20,1,7,0,nan,nan,nan,nan,1.167,nan,nan,1,1.053,1,1.167,nan,nan,nan,nan,nan,-0.067,nan,nan,0,-0.022,0,-0.067,nan,500,fresh
374059,0,0,0,0,0,0,7,0,0,4,19,1,7,0,nan,nan,nan,nan,1.167,nan,nan,1,1,1,1.167,nan,nan,nan,nan,nan,-0.067,nan,nan,0,0,0,-0.067,nan,500,fresh
375127,0,0,0,0,0,0,7,0,0,4,20,1,7,0,nan,nan,nan,nan,1.167,nan,nan,1,1.053,1,1.167,nan,nan,nan,nan,nan,-0.067,nan,nan,0,-0.022,0,-0.067,nan,500,fresh
376197,0,0,0,0,0,0,7,0,0,4,20,1,7,0,nan,nan,nan,nan,1.167,nan,nan,1,1.053,1,1.167,nan,nan,nan,nan,nan,-0.067,nan,nan,0,-0.022,0,-0.067,nan,500,fresh
377265,0,0,0,0,0,0,7,0,0,4,19,1,7,0,nan,nan,nan,nan,1.167,nan,nan,1,1,1,1.167,nan,nan,nan,nan,nan,-0.067,nan,nan,0,0,0,-0.067,nan,500,fresh
378333,0,0,0,0,0,0,7,0,0,4,20,1,7,0,nan,nan,nan,nan,1.167,nan,nan,1,1.053,1,1.167,nan,nan,nan,nan,nan,-0.067,nan,nan,0,-0.022,0,-0.067,nan,500,fresh
379403,0,0,0,0,0,0,7,0,0,4,20,1,7,0,nan,nan,nan,nan,1.167,nan,nan,1,1.053,1,1.167,nan,nan,nan,nan,nan,-0.067,nan,nan,0,-0.022,0,-0.067,nan,500,fresh
380473,0,0,0,0,0,0,7,0,0,4,20,1,7,0,nan,nan,nan,nan,1.167,nan,nan,1,1.053,1,1.167,nan,nan,nan,nan,nan,-0.067,nan,nan,0,-0.022,0,-0.067,nan,500,fresh
381542,0,0,0,0,0,0,7,0,0,4,20,1,7,0,nan,nan,nan,nan,1.167,nan,nan,1,1.053,1,1.167,nan,nan,nan,nan,nan,-0.067,nan,nan,0,-0.022,0,-0.067,nan,500,fresh
382612,0,0,0,0,0,0,7,0,0,4,20,1,7,0,nan,nan,nan,nan,1.167,nan,nan,1,1.053,1,1.167,nan,nan,nan,nan,nan,-0.067,nan,nan,0,-0.022,0,-0.067,nan,500,fresh
383681,0,0,0,0,0,0,7,0,0,4,19,1,7,0,nan,nan,nan,nan,1.167,nan,nan,1,1,1,1.167,nan,nan,nan,nan,nan,-0.067,nan,nan,0,0,0,-0.067,nan,500,fresh
384750,0,0,0,0,0,0,7,0,0,4,20,1,7,0,nan,nan,nan,nan,1.167,nan,nan,1,1.053,1,1.167,nan,nan,nan,nan,nan,-0.067,nan,nan,0,-0.022,0,-0.067,nan,500,fresh
385819,0,0,0,0,0,0,7,0,0,4,20,1,7,0,nan,nan,nan,nan,1.167,nan,nan,1,1.053,1,1.167,nan,nan,nan,nan,nan,-0.067,nan,nan,0,-0.022,0,-0.067,nan,500,fresh
386889,0,0,0,0,0,0,6,0,0,4,19,1,7,0,nan,nan,nan,nan,1,nan,nan,1,1,1,1.167,nan,nan,nan,nan,nan,0,nan,nan,0,0,0,-0.067,nan,500,fresh
387957,0,0,0,0,0,0,7,0,0,4,20,1,7,0,nan,nan,nan,nan,1.167,nan,nan,1,1.053,1,1.167,nan,nan,nan,nan,nan,-0.067,nan,nan,0,-0.022,0,-0.067,nan,500,fresh
389027,0,0,0,0,0,0,7,0,0,4,20,1,7,0,nan,nan,nan,nan,1.167,nan,nan,1,1.053,1,1.167,nan,nan,nan,nan,nan,-0.067,nan,nan,0,-0.022,0,-0.067,nan,500,fresh
390096,0,0,0,0,0,0,7,0,0,4,20,1,7,0,nan,nan,nan,nan,1.167,nan,nan,1,1.053,1,1.167,nan,nan,nan,nan,nan,-0.067,nan,nan,0,-0.022,0,-0.067,nan,500,fresh
391165,0,0,0,0,0,0,7,0,0,4,20,1,7,0,nan,nan,nan,nan,1.167,nan,nan,1,1.053,1,1.167,nan,nan,nan,nan,nan,-0.067,nan,nan,0,-0.022,0,-0.067,nan,500,fresh
392235,0,0,0,0,0,0,7,0,0,4,19,1,7,0,nan,nan,nan,nan,1.167,nan,nan,1,1,1,1.167,nan,nan,nan,nan,nan,-0.067,nan,nan,0,0,0,-0.067,nan,500,fresh
393304,0,0,0,0,0,0,7,0,0,4,19,1,7,0,nan,nan,nan,nan,1.167,nan,nan,1,1,1,1.167,nan,nan,nan,nan,nan,-0.067,nan,nan,0,0,0,-0.067,nan,500,fresh
394373,0,0,0,0,0,0,7,0,0,4,19,1,7,0,nan,nan,nan,nan,1.167,nan,nan,1,1,1,1.167,nan,nan,nan,nan,nan,-0.067,nan,nan,0,0,0,-0.067,nan,500,fresh
395443,0,0,0,0,0,0,7,0,0,4,19,1,7,0,nan,nan,nan,nan,1.167,nan,nan,1,1,1,1.167,nan,nan,nan,nan,nan,-0.067,nan,nan,0,0,0,-0.067,nan,500,fresh
396513,0,0,0,0,0,0,7,0,0,4,19,1,7,0,nan,nan,nan,nan,1.167,nan,nan,1,1,1,1.167,nan,nan,nan,nan,nan,-0.067,nan,nan,0,0,0,-0.067,nan,500,fresh
397582,0,0,0,0,0,0,7,0,0,4,20,1,7,0,nan,nan,nan,nan,1.167,nan,nan,1,1.053,1,1.167,nan,nan,nan,nan,nan,-0.067,nan,nan,0,-0.022,0,-0.067,nan,500,fresh
398651,0,0,0,0,0,0,7,0,0,4,19,1,7,0,nan,nan,nan,nan,1.167,nan,nan,1,1,1,1.167,nan,nan,nan,nan,nan,-0.067,nan,nan,0,0,0,-0.067,nan,500,fresh
399720,0,0,0,0,0,0,7,0,0,4,20,1,7,0,nan,nan,nan,nan,1.167,nan,nan,1,1.053,1,1.167,nan,nan,nan,nan,nan,-0.067,nan,nan,0,-0.022,0,-0.067,nan,500,fresh
400789,0,0,0,0,0,0,7,0,0,4,20,1,7,0,nan,nan,nan,nan,1.167,nan,nan,1,1.053,1,1.167,nan,nan,nan,nan,nan,-0.067,nan,nan,0,-0.022,0,-0.067,nan,500,fresh
401859,0,0,0,0,0,0,7,0,0,4,19,1,7,0,nan,nan,nan,nan,1.167,nan,nan,1,1,1,1.167,nan,nan,nan,nan,nan,-0.067,nan,nan,0,0,0,-0.067,nan,500,fresh
402928,0,0,0,0,0,0,7,0,0,4,20,1,7,0,nan,nan,nan,nan,1.167,nan,nan,1,1.053,1,1.167,nan,nan,nan,nan,nan,-0.067,nan,nan,0,-0.022,0,-0.067,nan,500,fresh
403997,0,0,0,0,0,0,7,0,0,4,19,1,7,0,nan,nan,nan,nan,1.167,nan,nan,1,1,1,1.167,nan,nan,nan,nan,nan,-0.067,nan,nan,0,0,0,-0.067,nan,500,fresh
405067,0,0,0,0,0,0,7,0,0,4,19,1,7,0,nan,nan,nan,nan,1.167,nan,nan,1,1,1,1.167,nan,nan,nan,nan,nan,-0.067,nan,nan,0,0,0,-0.067,nan,500,fresh
406136,0,0,0,0,0,0,6,0,0,4,19,1,7,0,nan,nan,nan,nan,1,nan,nan,1,1,1,1.167,nan,nan,nan,nan,nan,0,nan,nan,0,0,0,-0.067,nan,500,fresh
407206,0,0,0,0,0,0,7,0,0,4,19,1,7,0,nan,nan,nan,nan,1.167,nan,nan,1,1,1,1.167,nan,nan,nan,nan,nan,-0.067,nan,nan,0,0,0,-0.067,nan,500,fresh
408276,0,0,0,0,0,0,7,0,0,4,19,1,7,0,nan,nan,nan,nan,1.167,nan,nan,1,1,1,1.167,nan,nan,nan,nan,nan,-0.067,nan,nan,0,0,0,-0.067,nan,500,fresh
409345,0,0,0,0,0,0,7,0,0,4,19,1,7,0,nan,nan,nan,nan,1.167,nan,nan,1,1,1,1.167,nan,nan,nan,nan,nan,-0.067,nan,nan,0,0,0,-0.067,nan,500,fresh
410415,0,0,0,0,0,0,7,0,0,4,19,1,7,0,nan,nan,nan,nan,1.167,nan,nan,1,1,1,1.167,nan,nan,nan,nan,nan,-0.067,nan,nan,0,0,0,-0.067,nan,500,fresh
411485,0,0,0,0,0,0,7,0,0,4,19,1,7,0,nan,nan,nan,nan,1.167,nan,nan,1,1,1,1.167,nan,nan,nan,nan,nan,-0.067,nan,nan,0,0,0,-0.067,nan,500,fresh
412555,0,0,0,0,0,0,7,0,0,4,19,1,7,0,nan,nan,nan,nan,1.167,nan,nan,1,1,1,1.167,nan,nan,nan,nan,nan,-0.067,nan,nan,0,0,0,-0.067,nan,500,fresh
413625,0,0,0,0,0,0,7,0,0,4,19,1,7,0,nan,nan,nan,nan,1.167,nan,nan,1,1,1,1.167,nan,nan,nan,nan,nan,-0.067,nan,nan,0,0,0,-0.067,nan,500,fresh
414694,0,0,0,0,0,0,7,0,0,4,19,1,7,0,nan,nan,nan,nan,1.167,nan,nan,1,1,1,1.167,nan,nan,nan,nan,nan,-0.067,nan,nan,0,0,0,-0.067,nan,500,fresh
415763,0,0,0,0,0,0,7,0,0,4,19,1,7,0,nan,nan,nan,nan,1.167,nan,nan,1,1,1,1.167,nan,nan,nan,nan,nan,-0.067,nan,nan,0,0,0,-0.067,nan,500,fresh
416832,0,0,0,0,0,0,7,0,0,4,19,1,7,0,nan,nan,nan,nan,1.167,nan,nan,1,1,1,1.167,nan,nan,nan,nan,nan,-0.067,nan,nan,0,0,0,-0.067,nan,500,fresh
417901,0,0,0,0,0,0,7,0,0,4,19,1,7,0,nan,nan,nan,nan,1.167,nan,nan,1,1,1,1.167,nan,nan,nan,nan,nan,-0.067,nan,nan,0,0,0,-0.067,nan,500,fresh
418971,0,0,0,0,0,0,7,0,0,4,19,1,7,0,nan,nan,nan,nan,1.167,nan,nan,1,1,1,1.167,nan,nan,nan,nan,nan,-0.067,nan,nan,0,0,0,-0.067,nan,500,fresh
420041,0,0,0,0,0,0,7,0,0,4,19,1,7,0,nan,nan,nan,nan,1.167,nan,nan,1,1,1,1.167,nan,nan,nan,nan,nan,-0.067,nan,nan,0,0,0,-0.067,nan,500,fresh
421111,0,0,0,0,0,0,7,0,0,4,19,1,7,0,nan,nan,nan,nan,1.167,nan,nan,1,1,1,1.167,nan,nan,nan,nan,nan,-0.067,nan,nan,0,0,0,-0.067,nan,500,fresh
422181,0,0,0,0,0,0,7,0,0,4,20,1,7,0,nan,nan,nan,nan,1.167,nan,nan,1,1.053,1,1.167,nan,nan,nan,nan,nan,-0.067,nan,nan,0,-0.022,0,-0.067,nan,500,fresh
423250,0,0,0,0,0,0,7,0,0,4,19,1,7,0,nan,nan,nan,nan,1.167,nan,nan,1,1,1,1.167,nan,nan,nan,nan,nan,-0.067,nan,nan,0,0,0,-0.067,nan,500,fresh
424319,0,0,0,0,0,0,7,0,0,4,19,1,7,0,nan,nan,nan,nan,1.167,nan,nan,1,1,1,1.167,nan,nan,nan,nan,nan,-0.067,nan,nan,0,0,0,-0.067,nan,500,fresh
425389,0,0,0,0,0,0,7,0,0,4,19,1,7,0,nan,nan,nan,nan,1.167,nan,nan,1,1,1,1.167,nan,nan,nan,nan,nan,-0.067,nan,nan,0,0,0,-0.067,nan,500,fresh
426457,0,0,0,0,0,0,7,0,0,4,20,1,7,0,nan,nan,nan,nan,1.167,nan,nan,1,1.053,1,1.167,nan,nan,nan,nan,nan,-0.067,nan,nan,0,-0.022,0,-0.067,nan,500,fresh
427527,0,0,0,0,0,0,7,0,0,4,19,1,7,0,nan,nan,nan,nan,1.167,nan,nan,1,1,1,1.167,nan,nan,nan,nan,nan,-0.067,nan,nan,0,0,0,-0.067,nan,500,fresh
428597,0,0,0,0,0,0,7,0,0,4,19,1,7,0,nan,nan,nan,nan,1.167,nan,nan,1,1,1,1.167,nan,nan,nan,nan,nan,-0.067,nan,nan,0,0,0,-0.067,nan,500,fresh
429666,0,0,0,0,0,0,7,0,0,4,19,1,7,0,nan,nan,nan,nan,1.167,nan,nan,1,1,1,1.167,nan,nan,nan,nan,nan,-0.067,nan,nan,0,0,0,-0.067,nan,500,fresh
430736,0,0,0,0,0,0,7,0,0,4,19,1,7,0,nan,nan,nan,nan,1.167,nan,nan,1,1,1,1.167,nan,nan,nan,nan,nan,-0.067,nan,nan,0,0,0,-0.067,nan,500,fresh
431806,0,0,0,0,0,0,7,0,0,4,19,1,7,0,nan,nan,nan,nan,1.167,nan,nan,1,1,1,1.167,nan,nan,nan,nan,nan,-0.067,nan,nan,0,0,0,-0.067,nan,500,fresh
432875,0,0,0,0,0,0,7,0,0,4,19,1,7,0,nan,nan,nan,nan,1.167,nan,nan,1,1,1,1.167,nan,nan,nan,nan,nan,-0.067,nan,nan,0,0,0,-0.067,nan,500,fresh
433945,0,0,0,0,0,0,7,0,0,4,19,1,7,0,nan,nan,nan,nan,1.167,nan,nan,1,1,1,1.167,nan,nan,nan,nan,nan,-0.067,nan,nan,0,0,0,-0.067,nan,500,fresh
435015,0,0,0,0,0,0,7,0,0,4,19,1,7,0,nan,nan,nan,nan,1.167,nan,nan,1,1,1,1.167,nan,nan,nan,nan,nan,-0.067,nan,nan,0,0,0,-0.067,nan,500,fresh
436085,0,0,0,0,0,0,7,0,0,4,19,1,7,0,nan,nan,nan,nan,1.167,nan,nan,1,1,1,1.167,nan,nan,nan,nan,nan,-0.067,nan,nan,0,0,0,-0.067,nan,500,fresh
437154,0,0,0,0,0,0,7,0,0,4,19,1,7,0,nan,nan,nan,nan,1.167,nan,nan,1,1,1,1.167,nan,nan,nan,nan,nan,-0.067,nan,nan,0,0,0,-0.067,nan,500,fresh
438224,0,0,0,0,0,0,7,0,0,4,19,1,7,0,nan,nan,nan,nan,1.167,nan,nan,1,1,1,1.167,nan,nan,nan,nan,nan,-0.067,nan,nan,0,0,0,-0.067,nan,500,fresh
50008,0,0,0,0,0,0,7,0,0,4,19,1,7,0,nan,nan,nan,nan,1.167,nan,nan,1,1,1,1.167,nan,nan,nan,nan,nan,-0.067,nan,nan,0,0,0,-0.067,nan,500,fresh
51077,0,0,0,0,0,0,6,0,0,4,19,1,7,0,nan,nan,nan,nan,1,nan,nan,1,1,1,1.167,nan,nan,nan,nan,nan,0,nan,nan,0,0,0,-0.067,nan,500,fresh
52146,0,0,0,0,0,0,7,0,0,4,19,1,7,0,nan,nan,nan,nan,1.167,nan,nan,1,1,1,1.167,nan,nan,nan,nan,nan,-0.067,nan,nan,0,0,0,-0.067,nan,500,fresh
53216,0,0,0,0,0,0,7,0,0,4,19,1,6,0,nan,nan,nan,nan,1.167,nan,nan,1,1,1,1,nan,nan,nan,nan,nan,-0.067,nan,nan,0,0,0,0,nan,500,fresh
54285,0,0,0,0,0,0,7,0,0,4,19,1,7,0,nan,nan,nan,nan,1.167,nan,nan,1,1,1,1.167,nan,nan,nan,nan,nan,-0.067,nan,nan,0,0,0,-0.067,nan,500,fresh
55355,0,0,0,0,0,0,7,0,0,4,19,1,6,0,nan,nan,nan,nan,1.167,nan,nan,1,1,1,1,nan,nan,nan,nan,nan,-0.067,nan,nan,0,0,0,0,nan,500,fresh
56425,0,0,0,0,0,0,7,0,0,4,19,1,7,0,nan,nan,nan,nan,1.167,nan,nan,1,1,1,1.167,nan,nan,nan,nan,nan,-0.067,nan,nan,0,0,0,-0.067,nan,500,fresh
57495,0,0,0,0,0,0,7,0,0,4,19,1,7,0,nan,nan,nan,nan,1.167,nan,nan,1,1,1,1.167,nan,nan,nan,nan,nan,-0.067,nan,nan,0,0,0,-0.067,nan,500,fresh
58564,0,0,0,0,0,0,7,0,0,4,19,1,7,0,nan,nan,nan,nan,1.167,nan,nan,1,1,1,1.167,nan,nan,nan,nan,nan,-0.067,nan,nan,0,0,0,-0.067,nan,500,fresh
59634,0,0,0,0,0,0,7,0,0,4,19,1,7,0,nan,nan,nan,nan,1.167,nan,nan,1,1,1,1.167,nan,nan,nan,nan,nan,-0.067,nan,nan,0,0,0,-0.067,nan,500,fresh
60704,0,0,0,0,0,0,7,0,0,4,19,1,7,0,nan,nan,nan,nan,1.167,nan,nan,1,1,1,1.167,nan,nan,nan,nan,nan,-0.067,nan,nan,0,0,0,-0.067,nan,500,fresh
61774,0,0,0,0,0,0,7,0,0,4,19,1,7,0,nan,nan,nan,nan,1.167,nan,nan,1,1,1,1.167,nan,nan,nan,nan,nan,-0.067,nan,nan,0,0,0,-0.067,nan,500,fresh
62844,0,0,0,0,0,0,6,0,0,4,19,1,7,0,nan,nan,nan,nan,1,nan,nan,1,1,1,1.167,nan,nan,nan,nan,nan,0,nan,nan,0,0,0,-0.067,nan,500,fresh
63913,0,0,0,0,0,0,7,0,0,4,19,1,7,0,nan,nan,nan,nan,1.167,nan,nan,1,1,1,1.167,nan,nan,nan,nan,nan,-0.067,nan,nan,0,0,0,-0.067,nan,500,fresh
64983,0,0,0,0,0,0,7,0,0,4,19,1,7,0,nan,nan,nan,nan,1.167,nan,nan,1,1,1,1.167,nan,nan,nan,nan,nan,-0.067,nan,nan,0,0,0,-0.067,nan,500,fresh
66053,0,0,0,0,0,0,7,0,0,4,19,1,7,0,nan,nan,nan,nan,1.167,nan,nan,1,1,1,1.167,nan,nan,nan,nan,nan,-0.067,nan,nan,0,0,0,-0.067,nan,500,fresh
67123,0,0,0,0,0,0,7,0,0,4,19,1,7,0,nan,nan,nan,nan,1.167,nan,nan,1,1,1,1.167,nan,nan,nan,nan,nan,-0.067,nan,nan,0,0,0,-0.067,nan,500,fresh
68193,0,0,0,0,0,0,7,0,0,4,19,1,7,0,nan,nan,nan,nan,1.167,nan,nan,1,1,1,1.167,nan,nan,nan,nan,nan,-0.067,nan,nan,0,0,0,-0.067,nan,500,fresh
69263,0,0,0,0,0,0,7,0,0,4,19,1,7,0,nan,nan,nan,nan,1.167,nan,nan,1,1,1,1.167,nan,nan,nan,nan,nan,-0.067,nan,nan,0,0,0,-0.067,nan,500,fresh
70333,0,0,0,0,0,0,7,0,0,4,19,1,7,0,nan,nan,nan,nan,1.167,nan,nan,1,1,1,1.167,nan,nan,nan,nan,nan,-0.067,nan,nan,0,0,0,-0.067,nan,500,fresh
71403,0,0,0,0,0,0,7,0,0,4,19,1,7,0,nan,nan,nan,nan,1.167,nan,nan,1,1,1,1.167,nan,nan,nan,nan,nan,-0.067,nan,nan,0,0,0,-0.067,nan,500,fresh
72473,0,0,0,0,0,0,6,0,0,4,19,1,7,0,nan,nan,nan,nan,1,nan,nan,1,1,1,1.167,nan,nan,nan,nan,nan,0,nan,nan,0,0,0,-0.067,nan,500,fresh
73542,0,0,0,0,0,0,7,0,0,4,19,1,6,0,nan,nan,nan,nan,1.167,nan,nan,1,1,1,1,nan,nan,nan,nan,nan,-0.067,nan,nan,0,0,0,0,nan,500,fresh
74611,0,0,0,0,0,0,7,0,0,4,19,1,7,0,nan,nan,nan,nan,1.167,nan,nan,1,1,1,1.167,nan,nan,nan,nan,nan,-0.067,nan,nan,0,0,0,-0.067,nan,500,fresh
75681,0,0,0,0,0,0,7,0,0,4,19,1,7,0,nan,nan,nan,nan,1.167,nan,nan,1,1,1,1.167,nan,nan,nan,nan,nan,-0.067,nan,nan,0,0,0,-0.067,nan,500,fresh
76751,0,0,0,0,0,0,7,0,0,4,19,1,7,0,nan,nan,nan,nan,1.167,nan,nan,1,1,1,1.167,nan,nan,nan,nan,nan,-0.067,nan,nan,0,0,0,-0.067,nan,500,fresh
77821,0,0,0,0,0,0,7,0,0,4,19,1,7,0,nan,nan,nan,nan,1.167,nan,nan,1,1,1,1.167,nan,nan,nan,nan,nan,-0.067,nan,nan,0,0,0,-0.067,nan,500,fresh
78891,0,0,0,0,0,0,7,0,0,4,19,1,7,0,nan,nan,nan,nan,1.167,nan,nan,1,1,1,1.167,nan,nan,nan,nan,nan,-0.067,nan,nan,0,0,0,-0.067,nan,500,fresh
79960,0,0,0,0,0,0,7,0,0,4,19,1,6,0,nan,nan,nan,nan,1.167,nan,nan,1,1,1,1,nan,nan,nan,nan,nan,-0.067,nan,nan,0,0,0,0,nan,500,fresh
81030,0,0,0,0,0,0,6,0,0,4,19,1,7,0,nan,nan,nan,nan,1,nan,nan,1,1,1,1.167,nan,nan,nan,nan,nan,0,nan,nan,0,0,0,-0.067,nan,500,fresh
82099,0,0,0,0,0,0,7,0,0,4,19,1,7,0,nan,nan,nan,nan,1.167,nan,nan,1,1,1,1.167,nan,nan,nan,nan,nan,-0.067,nan,nan,0,0,0,-0.067,nan,500,fresh
83168,0,0,0,0,0,0,7,0,0,4,19,1,7,0,nan,nan,nan,nan,1.167,nan,nan,1,1,1,1.167,nan,nan,nan,nan,nan,-0.067,nan,nan,0,0,0,-0.067,nan,500,fresh
84238,0,0,0,0,0,0,7,0,0,4,19,1,6,0,nan,nan,nan,nan,1.167,nan,nan,1,1,1,1,nan,nan,nan,nan,nan,-0.067,nan,nan,0,0,0,0,nan,500,fresh
85308,0,0,0,0,0,0,7,0,0,4,19,1,7,0,nan,nan,nan,nan,1.167,nan,nan,1,1,1,1.167,nan,nan,nan,nan,nan,-0.067,nan,nan,0,0,0,-0.067,nan,500,fresh
86377,0,0,0,0,0,0,7,0,0,4,19,1,7,0,nan,nan,nan,nan,1.167,nan,nan,1,1,1,1.167,nan,nan,nan,nan,nan,-0.067,nan,nan,0,0,0,-0.067,nan,500,fresh
87447,0,0,0,0,0,0,7,0,0,4,19,1,7,0,nan,nan,nan,nan,1.167,nan,nan,1,1,1,1.167,nan,nan,nan,nan,nan,-0.067,nan,nan,0,0,0,-0.067,nan,500,fresh
88516,0,0,0,0,0,0,6,0,0,4,19,1,7,0,nan,nan,nan,nan,1,nan,nan,1,1,1,1.167,nan,nan,nan,nan,nan,0,nan,nan,0,0,0,-0.067,nan,500,fresh
89586,0,0,0,0,0,0,7,0,0,4,19,1,7,0,nan,nan,nan,nan,1.167,nan,nan,1,1,1,1.167,nan,nan,nan,nan,nan,-0.067,nan,nan,0,0,0,-0.067,nan,500,fresh
90655,0,0,0,0,0,0,7,0,0,4,19,1,7,0,nan,nan,nan,nan,1.167,nan,nan,1,1,1,1.167,nan,nan,nan,nan,nan,-0.067,nan,nan,0,0,0,-0.067,nan,500,fresh
91723,0,0,0,0,0,0,7,0,0,4,19,1,7,0,nan,nan,nan,nan,1.167,nan,nan,1,1,1,1.167,nan,nan,nan,nan,nan,-0.067,nan,nan,0,0,0,-0.067,nan,500,fresh
92792,0,0,0,0,0,0,7,0,0,4,19,1,7,0,nan,nan,nan,nan,1.167,nan,nan,1,1,1,1.167,nan,nan,nan,nan,nan,-0.067,nan,nan,0,0,0,-0.067,nan,500,fresh
93862,0,0,0,0,0,0,6,0,0,4,19,1,7,0,nan,nan,nan,nan,1,nan,nan,1,1,1,1.167,nan,nan,nan,nan,nan,0,nan,nan,0,0,0,-0.067,nan,500,fresh
94931,0,0,0,0,0,0,7,0,0,4,19,1,7,0,nan,nan,nan,nan,1.167,nan,nan,1,1,1,1.167,nan,nan,nan,nan,nan,-0.067,nan,nan,0,0,0,-0.067,nan,500,fresh
96000,0,0,0,0,0,0,7,0,0,4,19,1,7,0,nan,nan,nan,nan,1.167,nan,nan,1,1,1,1.167,nan,nan,nan,nan,nan,-0.067,nan,nan,0,0,0,-0.067,nan,500,fresh
97069,0,0,0,0,0,0,7,0,0,4,19,1,7,0,nan,nan,nan,nan,1.167,nan,nan,1,1,1,1.167,nan,nan,nan,nan,nan,-0.067,nan,nan,0,0,0,-0.067,nan,500,fresh
98138,0,0,0,0,0,0,7,0,0,4,19,1,7,0,nan,nan,nan,nan,1.167,nan,nan,1,1,1,1.167,nan,nan,nan,nan,nan,-0.067,nan,nan,0,0,0,-0.067,nan,500,fresh
99207,0,0,0,0,0,0,7,0,0,4,19,1,7,0,nan,nan,nan,nan,1.167,nan,nan,1,1,1,1.167,nan,nan,nan,nan,nan,-0.067,nan,nan,0,0,0,-0.067,nan,500,fresh
100276,0,0,0,0,0,0,7,0,0,4,19,1,7,0,nan,nan,nan,nan,1.167,nan,nan,1,1,1,1.167,nan,nan,nan,nan,nan,-0.067,nan,nan,0,0,0,-0.067,nan,500,fresh
101346,0,0,0,0,0,0,7,0,0,4,19,1,7,0,nan,nan,nan,nan,1.167,nan,nan,1,1,1,1.167,nan,nan,nan,nan,nan,-0.067,nan,nan,0,0,0,-0.067,nan,500,fresh
102416,0,0,0,0,0,0,7,0,0,4,19,1,7,0,nan,nan,nan,nan,1.167,nan,nan,1,1,1,1.167,nan,nan,nan,nan,nan,-0.067,nan,nan,0,0,0,-0.067,nan,500,fresh
103485,0,0,0,0,0,0,7,0,0,3,19,1,7,0,nan,nan,nan,nan,1.167,nan,nan,0.75,1,1,1.167,nan,nan,nan,nan,nan,-0.067,nan,nan,0.125,0,0,-0.067,nan,500,fresh
104555,0,0,0,0,0,0,6,0,0,4,19,1,7,0,nan,nan,nan,nan,1,nan,nan,1,1,1,1.167,nan,nan,nan,nan,nan,0,nan,nan,0,0,0,-0.067,nan,500,fresh
105625,0,0,0,0,0,0,7,0,0,4,19,1,7,0,nan,nan,nan,nan,1.167,nan,nan,1,1,1,1.167,nan,nan,nan,nan,nan,-0.067,nan,nan,0,0,0,-0.067,nan,500,fresh
106694,0,0,0,0,0,0,7,0,0,4,19,1,7,0,nan,nan,nan,nan,1.167,nan,nan,1,1,1,1.167,nan,nan,nan,nan,nan,-0.067,nan,nan,0,0,0,-0.067,nan,500,fresh
107763,0,0,0,0,0,0,7,0,0,4,19,1,7,0,nan,nan,nan,nan,1.167,nan,nan,1,1,1,1.167,nan,nan,nan,nan,nan,-0.067,nan,nan,0,0,0,-0.067,nan,500,fresh
108833,0,0,0,0,0,0,7,0,0,4,19,1,7,0,nan,nan,nan,nan,1.167,nan,nan,1,1,1,1.167,nan,nan,nan,nan,nan,-0.067,nan,nan,0,0,0,-0.067,nan,500,fresh
109903,0,0,0,0,0,0,7,0,0,4,19,1,7,0,nan,nan,nan,nan,1.167,nan,nan,1,1,1,1.167,nan,nan,nan,nan,nan,-0.067,nan,nan,0,0,0,-0.067,nan,500,fresh
110971,0,0,0,0,0,0,7,0,0,4,19,1,7,0,nan,nan,nan,nan,1.167,nan,nan,1,1,1,1.167,nan,nan,nan,nan,nan,-0.067,nan,nan,0,0,0,-0.067,nan,500,fresh
112041,0,0,0,0,0,0,7,0,0,4,19,1,7,0,nan,nan,nan,nan,1.167,nan,nan,1,1,1,1.167,nan,nan,nan,nan,nan,-0.067,nan,nan,0,0,0,-0.067,nan,500,fresh
113111,0,0,0,0,0,0,7,0,0,4,19,1,7,0,nan,nan,nan,nan,1.167,nan,nan,1,1,1,1.167,nan,nan,nan,nan,nan,-0.067,nan,nan,0,0,0,-0.067,nan,500,fresh
114180,0,0,0,0,0,0,7,0,0,4,19,1,7,0,nan,nan,nan,nan,1.167,nan,nan,1,1,1,1.167,nan,nan,nan,nan,nan,-0.067,nan,nan,0,0,0,-0.067,nan,500,fresh
115250,0,0,0,0,0,0,7,0,0,4,19,1,7,0,nan,nan,nan,nan,1.167,nan,nan,1,1,1,1.167,nan,nan,nan,nan,nan,-0.067,nan,nan,0,0,0,-0.067,nan,500,fresh
116319,0,0,0,0,0,0,7,0,0,4,19,1,7,0,nan,nan,nan,nan,1.167,nan,nan,1,1,1,1.167,nan,nan,nan,nan,nan,-0.067,nan,nan,0,0,0,-0.067,nan,500,fresh
117388,0,0,0,0,0,0,7,0,0,4,19,1,7,0,nan,nan,nan,nan,1.167,nan,nan,1,1,1,1.167,nan,nan,nan,nan,nan,-0.067,nan,nan,0,0,0,-0.067,nan,500,fresh
118457,0,0,0,0,0,0,7,0,0,4,19,1,7,0,nan,nan,nan,nan,1.167,nan,nan,1,1,1,1.167,nan,nan,nan,nan,nan,-0.067,nan,nan,0,0,0,-0.067,nan,500,fresh
119526,0,0,0,0,0,0,7,0,0,4,19,1,7,0,nan,nan,nan,nan,1.167,nan,nan,1,1,1,1.167,nan,nan,nan,nan,nan,-0.067,nan,nan,0,0,0,-0.067,nan,500,fresh
120596,0,0,0,0,0,0,7,0,0,4,19,1,7,0,nan,nan,nan,nan,1.167,nan,nan,1,1,1,1.167,nan,nan,nan,nan,nan,-0.067,nan,nan,0,0,0,-0.067,nan,500,fresh
121664,0,0,0,0,0,0,7,0,0,4,19,1,7,0,nan,nan,nan,nan,1.167,nan,nan,1,1,1,1.167,nan,nan,nan,nan,nan,-0.067,nan,nan,0,0,0,-0.067,nan,500,fresh
122733,0,0,0,0,0,0,6,0,0,4,19,1,7,0,nan,nan,nan,nan,1,nan,nan,1,1,1,1.167,nan,nan,nan,nan,nan,0,nan,nan,0,0,0,-0.067,nan,500,fresh
123803,0,0,0,0,0,0,7,0,0,4,19,1,7,0,nan,nan,nan,nan,1.167,nan,nan,1,1,1,1.167,nan,nan,nan,nan,nan,-0.067,nan,nan,0,0,0,-0.067,nan,500,fresh
124872,0,0,0,0,0,0,7,0,0,4,19,1,7,0,nan,nan,nan,nan,1.167,nan,nan,1,1,1,1.167,nan,nan,nan,nan,nan,-0.067,nan,nan,0,0,0,-0.067,nan,500,fresh
125941,0,0,0,0,0,0,7,0,0,4,19,1,7,0,nan,nan,nan,nan,1.167,nan,nan,1,1,1,1.167,nan,nan,nan,nan,nan,-0.067,nan,nan,0,0,0,-0.067,nan,500,fresh
127011,0,0,0,0,0,0,7,0,0,4,19,1,7,0,nan,nan,nan,nan,1.167,nan,nan,1,1,1,1.167,nan,nan,nan,nan,nan,-0.067,nan,nan,0,0,0,-0.067,nan,500,fresh
128081,0,0,0,0,0,0,7,0,0,4,19,1,7,0,nan,nan,nan,nan,1.167,nan,nan,1,1,1,1.167,nan,nan,nan,nan,nan,-0.067,nan,nan,0,0,0,-0.067,nan,500,fresh
129149,0,0,0,0,0,0,7,0,0,4,19,1,7,0,nan,nan,nan,nan,1.167,nan,nan,1,1,1,1.167,nan,nan,nan,nan,nan,-0.067,nan,nan,0,0,0,-0.067,nan,500,fresh
130219,0,0,0,0,0,0,7,0,0,4,19,1,7,0,nan,nan,nan,nan,1.167,nan,nan,1,1,1,1.167,nan,nan,nan,nan,nan,-0.067,nan,nan,0,0,0,-0.067,nan,500,fresh
131289,0,0,0,0,0,0,7,0,0,4,19,1,7,0,nan,nan,nan,nan,1.167,nan,nan,1,1,1,1.167,nan,nan,nan,nan,nan,-0.067,nan,nan,0,0,0,-0.067,nan,500,fresh
132359,0,0,0,0,0,0,7,0,0,4,19,1,6,0,nan,nan,nan,nan,1.167,nan,nan,1,1,1,1,nan,nan,nan,nan,nan,-0.067,nan,nan,0,0,0,0,nan,500,fresh
133429,0,0,0,0,0,0,7,0,0,4,19,1,7,0,nan,nan,nan,nan,1.167,nan,nan,1,1,1,1.167,nan,nan,nan,nan,nan,-0.067,nan,nan,0,0,0,-0.067,nan,500,fresh
134497,0,0,0,0,0,0,7,0,0,4,19,1,7,0,nan,nan,nan,nan,1.167,nan,nan,1,1,1,1.167,nan,nan,nan,nan,nan,-0.067,nan,nan,0,0,0,-0.067,nan,500,fresh
135567,0,0,0,0,0,0,7,0,0,4,19,1,7,0,nan,nan,nan,nan,1.167,nan,nan,1,1,1,1.167,nan,nan,nan,nan,nan,-0.067,nan,nan,0,0,0,-0.067,nan,500,fresh
136637,0,0,0,0,0,0,7,0,0,4,19,1,7,0,nan,nan,nan,nan,1.167,nan,nan,1,1,1,1.167,nan,nan,nan,nan,nan,-0.067,nan,nan,0,0,0,-0.067,nan,500,fresh
137707,0,0,0,0,0,0,7,0,0,4,19,1,7,0,nan,nan,nan,nan,1.167,nan,nan,1,1,1,1.167,nan,nan,nan,nan,nan,-0.067,nan,nan,0,0,0,-0.067,nan,500,fresh
138776,0,0,0,0,0,0,7,0,0,4,19,1,7,0,nan,nan,nan,nan,1.167,nan,nan,1,1,1,1.167,nan,nan,nan,nan,nan,-0.067,nan,nan,0,0,0,-0.067,nan,500,fresh
139845,0,0,0,0,0,0,7,0,0,4,19,1,7,0,nan,nan,nan,nan,1.167,nan,nan,1,1,1,1.167,nan,nan,nan,nan,nan,-0.067,nan,nan,0,0,0,-0.067,nan,500,fresh
140915,0,0,0,0,0,0,7,0,0,4,19,1,7,0,nan,nan,nan,nan,1.167,nan,nan,1,1,1,1.167,nan,nan,nan,nan,nan,-0.067,nan,nan,0,0,0,-0.067,nan,500,fresh
141984,0,0,0,0,0,0,7,0,0,4,19,1,7,0,nan,nan,nan,nan,1.167,nan,nan,1,1,1,1.167,nan,nan,nan,nan,nan,-0.067,nan,nan,0,0,0,-0.067,nan,500,fresh
143054,0,0,0,0,0,0,7,0,0,4,19,1,7,0,nan,nan,nan,nan,1.167,nan,nan,1,1,1,1.167,nan,nan,nan,nan,nan,-0.067,nan,nan,0,0,0,-0.067,nan,500,fresh
144124,0,0,0,0,0,0,7,0,0,4,19,1,7,0,nan,nan,nan,nan,1.167,nan,nan,1,1,1,1.167,nan,nan,nan,nan,nan,-0.067,nan,nan,0,0,0,-0.067,nan,500,fresh
145194,0,0,0,0,0,0,7,0,0,4,19,1,7,0,nan,nan,nan,nan,1.167,nan,nan,1,1,1,1.167,nan,nan,nan,nan,nan,-0.067,nan,nan,0,0,0,-0.067,nan,500,fresh
146264,0,0,0,0,0,0,7,0,0,4,19,1,7,0,nan,nan,nan,nan,1.167,nan,nan,1,1,1,1.167,nan,nan,nan,nan,nan,-0.067,nan,nan,0,0,0,-0.067,nan,500,fresh
147332,0,0,0,0,0,0,7,0,0,4,19,1,7,0,nan,nan,nan,nan,1.167,nan,nan,1,1,1,1.167,nan,nan,nan,nan,nan,-0.067,nan,nan,0,0,0,-0.067,nan,500,fresh
148402,0,0,0,0,0,0,7,0,0,4,19,1,7,0,nan,nan,nan,nan,1.167,nan,nan,1,1,1,1.167,nan,nan,nan,nan,nan,-0.067,nan,nan,0,0,0,-0.067,nan,500,fresh
149471,0,0,0,0,0,0,7,0,0,4,19,1,7,0,nan,nan,nan,nan,1.167,nan,nan,1,1,1,1.167,nan,nan,nan,nan,nan,-0.067,nan,nan,0,0,0,-0.067,nan,500,fresh
150541,0,0,0,0,0,0,7,0,0,4,19,1,7,0,nan,nan,nan,nan,1.167,nan,nan,1,1,1,1.167,nan,nan,nan,nan,nan,-0.067,nan,nan,0,0,0,-0.067,nan,500,fresh
151611,0,0,0,0,0,0,7,0,0,4,19,1,7,0,nan,nan,nan,nan,1.167,nan,nan,1,1,1,1.167,nan,nan,nan,nan,nan,-0.067,nan,nan,0,0,0,-0.067,nan,500,fresh
152680,0,0,0,0,0,0,7,0,0,4,19,1,7,0,nan,nan,nan,nan,1.167,nan,nan,1,1,1,1.167,nan,nan,nan,nan,nan,-0.067,nan,nan,0,0,0,-0.067,nan,500,fresh
153750,0,0,0,0,0,0,7,0,0,4,19,1,7,0,nan,nan,nan,nan,1.167,nan,nan,1,1,1,1.167,nan,nan,nan,nan,nan,-0.067,nan,nan,0,0,0,-0.067,nan,500,fresh
154820,0,0,0,0,0,0,7,0,0,4,19,1,7,0,nan,nan,nan,nan,1.167,nan,nan,1,1,1,1.167,nan,nan,nan,nan,nan,-0.067,nan,nan,0,0,0,-0.067,nan,500,fresh
155890,0,0,0,0,0,0,7,0,0,4,19,1,7,0,nan,nan,nan,nan,1.167,nan,nan,1,1,1,1.167,nan,nan,nan,nan,nan,-0.067,nan,nan,0,0,0,-0.067,nan,500,fresh
156960,0,0,0,0,0,0,7,0,0,4,19,1,7,0,nan,nan,nan,nan,1.167,nan,nan,1,1,1,1.167,nan,nan,nan,nan,nan,-0.067,nan,nan,0,0,0,-0.067,nan,500,fresh
158030,0,0,0,0,0,0,7,0,0,4,19,1,7,0,nan,nan,nan,nan,1.167,nan,nan,1,1,1,1.167,nan,nan,nan,nan,nan,-0.067,nan,nan,0,0,0,-0.067,nan,500,fresh
159100,0,0,0,0,0,0,7,0,0,4,19,1,6,0,nan,nan,nan,nan,1.167,nan,nan,1,1,1,1,nan,nan,nan,nan,nan,-0.067,nan,nan,0,0,0,0,nan,500,fresh
160168,0,0,0,0,0,0,7,0,0,4,19,1,7,0,nan,nan,nan,nan,1.167,nan,nan,1,1,1,1.167,nan,nan,nan,nan,nan,-0.067,nan,nan,0,0,0,-0.067,nan,500,fresh
161237,0,0,0,0,0,0,7,0,0,4,19,1,7,0,nan,nan,nan,nan,1.167,nan,nan,1,1,1,1.167,nan,nan,nan,nan,nan,-0.067,nan,nan,0,0,0,-0.067,nan,500,fresh
162306,0,0,0,0,0,0,7,0,0,4,19,1,7,0,nan,nan,nan,nan,1.167,nan,nan,1,1,1,1.167,nan,nan,nan,nan,nan,-0.067,nan,nan,0,0,0,-0.067,nan,500,fresh
163376,0,0,0,0,0,0,7,0,0,4,19,1,7,0,nan,nan,nan,nan,1.167,nan,nan,1,1,1,1.167,nan,nan,nan,nan,nan,-0.067,nan,nan,0,0,0,-0.067,nan,500,fresh
164444,0,0,0,0,0,0,7,0,0,4,19,1,7,0,nan,nan,nan,nan,1.167,nan,nan,1,1,1,1.167,nan,nan,nan,nan,nan,-0.067,nan,nan,0,0,0,-0.067,nan,500,fresh
165513,0,0,0,0,0,0,7,0,0,4,19,1,7,0,nan,nan,nan,nan,1.167,nan,nan,1,1,1,1.167,nan,nan,nan,nan,nan,-0.067,nan,nan,0,0,0,-0.067,nan,500,fresh
166583,0,0,0,0,0,0,7,0,0,4,19,1,7,0,nan,nan,nan,nan,1.167,nan,nan,1,1,1,1.167,nan,nan,nan,nan,nan,-0.067,nan,nan,0,0,0,-0.067,nan,500,fresh
167652,0,0,0,0,0,0,7,0,0,4,19,1,7,0,nan,nan,nan,nan,1.167,nan,nan,1,1,1,1.167,nan,nan,nan,nan,nan,-0.067,nan,nan,0,0,0,-0.067,nan,500,fresh
168722,0,0,0,0,0,0,7,0,0,4,19,1,7,0,nan,nan,nan,nan,1.167,nan,nan,1,1,1,1.167,nan,nan,nan,nan,nan,-0.067,nan,nan,0,0,0,-0.067,nan,500,fresh
169792,0,0,0,0,0,0,7,0,0,4,19,1,7,0,nan,nan,nan,nan,1.167,nan,nan,1,1,1,1.167,nan,nan,nan,nan,nan,-0.067,nan,nan,0,0,0,-0.067,nan,500,fresh
170862,0,0,0,0,0,0,7,0,0,4,19,1,7,0,nan,nan,nan,nan,1.167,nan,nan,1,1,1,1.167,nan,nan,nan,nan,nan,-0.067,nan,nan,0,0,0,-0.067,nan,500,fresh
171932,0,0,0,0,0,0,6,0,0,4,19,1,7,0,nan,nan,nan,nan,1,nan,nan,1,1,1,1.167,nan,nan,nan,nan,nan,0,nan,nan,0,0,0,-0.067,nan,500,fresh
173002,0,0,0,0,0,0,7,0,0,4,19,1,7,0,nan,nan,nan,nan,1.167,nan,nan,1,1,1,1.167,nan,nan,nan,nan,nan,-0.067,nan,nan,0,0,0,-0.067,nan,500,fresh
174072,0,0,0,0,0,0,7,0,0,4,19,1,7,0,nan,nan,nan,nan,1.167,nan,nan,1,1,1,1.167,nan,nan,nan,nan,nan,-0.067,nan,nan,0,0,0,-0.067,nan,500,fresh
175140,0,0,0,0,0,0,6,0,0,4,19,1,7,0,nan,nan,nan,nan,1,nan,nan,1,1,1,1.167,nan,nan,nan,nan,nan,0,nan,nan,0,0,0,-0.067,nan,500,fresh
176210,0,0,0,0,0,0,7,0,0,4,19,1,7,0,nan,nan,nan,nan,1.167,nan,nan,1,1,1,1.167,nan,nan,nan,nan,nan,-0.067,nan,nan,0,0,0,-0.067,nan,500,fresh
177280,0,0,0,0,0,0,7,0,0,4,19,1,7,0,nan,nan,nan,nan,1.167,nan,nan,1,1,1,1.167,nan,nan,nan,nan,nan,-0.067,nan,nan,0,0,0,-0.067,nan,500,fresh
178350,0,0,0,0,0,0,6,0,0,4,19,1,7,0,nan,nan,nan,nan,1,nan,nan,1,1,1,1.167,nan,nan,nan,nan,nan,0,nan,nan,0,0,0,-0.067,nan,500,fresh
179419,0,0,0,0,0,0,7,0,0,4,19,1,7,0,nan,nan,nan,nan,1.167,nan,nan,1,1,1,1.167,nan,nan,nan,nan,nan,-0.067,nan,nan,0,0,0,-0.067,nan,500,fresh
180488,0,0,0,0,0,0,7,0,0,4,19,1,7,0,nan,nan,nan,nan,1.167,nan,nan,1,1,1,1.167,nan,nan,nan,nan,nan,-0.067,nan,nan,0,0,0,-0.067,nan,500,fresh
181557,0,0,0,0,0,0,7,0,0,4,19,1,7,0,nan,nan,nan,nan,1.167,nan,nan,1,1,1,1.167,nan,nan,nan,nan,nan,-0.067,nan,nan,0,0,0,-0.067,nan,500,fresh
182627,0,0,0,0,0,0,7,0,0,4,19,1,7,0,nan,nan,nan,nan,1.167,nan,nan,1,1,1,1.167,nan,nan,nan,nan,nan,-0.067,nan,nan,0,0,0,-0.067,nan,500,fresh
183697,0,0,0,0,0,0,7,0,0,4,19,1,7,0,nan,nan,nan,nan,1.167,nan,nan,1,1,1,1.167,nan,nan,nan,nan,nan,-0.067,nan,nan,0,0,0,-0.067,nan,500,fresh
184766,0,0,0,0,0,0,7,0,0,4,19,1,7,0,nan,nan,nan,nan,1.167,nan,nan,1,1,1,1.167,nan,nan,nan,nan,nan,-0.067,nan,nan,0,0,0,-0.067,nan,500,fresh
185836,0,0,0,0,0,0,7,0,0,4,19,1,7,0,nan,nan,nan,nan,1.167,nan,nan,1,1,1,1.167,nan,nan,nan,nan,nan,-0.067,nan,nan,0,0,0,-0.067,nan,500,fresh
186906,0,0,0,0,0,0,7,0,0,4,19,1,7,0,nan,nan,nan,nan,1.167,nan,nan,1,1,1,1.167,nan,nan,nan,nan,nan,-0.067,nan,nan,0,0,0,-0.067,nan,500,fresh
187976,0,0,0,0,0,0,7,0,0,4,19,1,6,0,nan,nan,nan,nan,1.167,nan,nan,1,1,1,1,nan,nan,nan,nan,nan,-0.067,nan,nan,0,0,0,0,nan,500,fresh
189046,0,0,0,0,0,0,7,0,0,4,19,1,6,0,nan,nan,nan,nan,1.167,nan,nan,1,1,1,1,nan,nan,nan,nan,nan,-0.067,nan,nan,0,0,0,0,nan,500,fresh
190115,0,0,0,0,0,0,6,0,0,4,19,1,7,0,nan,nan,nan,nan,1,nan,nan,1,1,1,1.167,nan,nan,nan,nan,nan,0,nan,nan,0,0,0,-0.067,nan,500,fresh
191185,0,0,0,0,0,0,7,0,0,4,19,1,6,0,nan,nan,nan,nan,1.167,nan,nan,1,1,1,1,nan,nan,nan,nan,nan,-0.067,nan,nan,0,0,0,0,nan,500,fresh
192255,0,0,0,0,0,0,7,0,0,4,19,1,7,0,nan,nan,nan,nan,1.167,nan,nan,1,1,1,1.167,nan,nan,nan,nan,nan,-0.067,nan,nan,0,0,0,-0.067,nan,500,fresh
193324,0,0,0,0,0,0,7,0,0,4,19,1,7,0,nan,nan,nan,nan,1.167,nan,nan,1,1,1,1.167,nan,nan,nan,nan,nan,-0.067,nan,nan,0,0,0,-0.067,nan,500,fresh
194394,0,0,0,0,0,0,7,0,0,4,19,1,7,0,nan,nan,nan,nan,1.167,nan,nan,1,1,1,1.167,nan,nan,nan,nan,nan,-0.067,nan,nan,0,0,0,-0.067,nan,500,fresh
195464,0,0,0,0,0,0,7,0,0,4,19,1,7,0,nan,nan,nan,nan,1.167,nan,nan,1,1,1,1.167,nan,nan,nan,nan,nan,-0.067,nan,nan,0,0,0,-0.067,nan,500,fresh
196534,0,0,0,0,0,0,7,0,0,4,19,1,7,0,nan,nan,nan,nan,1.167,nan,nan,1,1,1,1.167,nan,nan,nan,nan,nan,-0.067,nan,nan,0,0,0,-0.067,nan,500,fresh
197604,0,0,0,0,0,0,7,0,0,4,19,1,7,0,nan,nan,nan,nan,1.167,nan,nan,1,1,1,1.167,nan,nan,nan,nan,nan,-0.067,nan,nan,0,0,0,-0.067,nan,500,fresh
198673,0,0,0,0,0,0,7,0,0,4,19,1,7,0,nan,nan,nan,nan,1.167,nan,nan,1,1,1,1.167,nan,nan,nan,nan,nan,-0.067,nan,nan,0,0,0,-0.067,nan,500,fresh
199741,0,0,0,0,0,0,6,0,0,4,19,1,7,0,nan,nan,nan,nan,1,nan,nan,1,1,1,1.167,nan,nan,nan,nan,nan,0,nan,nan,0,0,0,-0.067,nan,500,fresh
200810,0,0,0,0,0,0,7,0,0,4,19,1,7,0,nan,nan,nan,nan,1.167,nan,nan,1,1,1,1.167,nan,nan,nan,nan,nan,-0.067,nan,nan,0,0,0,-0.067,nan,500,fresh
201880,0,0,0,0,0,0,7,0,0,4,19,1,7,0,nan,nan,nan,nan,1.167,nan,nan,1,1,1,1.167,nan,nan,nan,nan,nan,-0.067,nan,nan,0,0,0,-0.067,nan,500,fresh
202950,0,0,0,0,0,0,7,0,0,4,19,1,7,0,nan,nan,nan,nan,1.167,nan,nan,1,1,1,1.167,nan,nan,nan,nan,nan,-0.067,nan,nan,0,0,0,-0.067,nan,500,fresh
204019,0,0,0,0,0,0,7,0,0,4,19,1,7,0,nan,nan,nan,nan,1.167,nan,nan,1,1,1,1.167,nan,nan,nan,nan,nan,-0.067,nan,nan,0,0,0,-0.067,nan,500,fresh
205089,0,0,0,0,0,0,7,0,0,4,19,1,6,0,nan,nan,nan,nan,1.167,nan,nan,1,1,1,1,nan,nan,nan,nan,nan,-0.067,nan,nan,0,0,0,0,nan,500,fresh
206159,0,0,0,0,0,0,7,0,0,4,19,1,7,0,nan,nan,nan,nan,1.167,nan,nan,1,1,1,1.167,nan,nan,nan,nan,nan,-0.067,nan,nan,0,0,0,-0.067,nan,500,fresh
207228,0,0,0,0,0,0,7,0,0,4,19,1,7,0,nan,nan,nan,nan,1.167,nan,nan,1,1,1,1.167,nan,nan,nan,nan,nan,-0.067,nan,nan,0,0,0,-0.067,nan,500,fresh
208298,0,0,0,0,0,0,7,0,0,4,19,1,6,0,nan,nan,nan,nan,1.167,nan,nan,1,1,1,1,nan,nan,nan,nan,nan,-0.067,nan,nan,0,0,0,0,nan,500,fresh
209368,0,0,0,0,0,0,7,0,0,4,19,1,7,0,nan,nan,nan,nan,1.167,nan,nan,1,1,1,1.167,nan,nan,nan,nan,nan,-0.067,nan,nan,0,0,0,-0.067,nan,500,fresh
210437,0,0,0,0,0,0,7,0,0,4,19,1,7,0,nan,nan,nan,nan,1.167,nan,nan,1,1,1,1.167,nan,nan,nan,nan,nan,-0.067,nan,nan,0,0,0,-0.067,nan,500,fresh
211507,0,0,0,0,0,0,6,0,0,4,19,1,7,0,nan,nan,nan,nan,1,nan,nan,1,1,1,1.167,nan,nan,nan,nan,nan,0,nan,nan,0,0,0,-0.067,nan,500,fresh
212576,0,0,0,0,0,0,6,0,0,4,19,1,7,0,nan,nan,nan,nan,1,nan,nan,1,1,1,1.167,nan,nan,nan,nan,nan,0,nan,nan,0,0,0,-0.067,nan,500,fresh
213644,0,0,0,0,0,0,7,0,0,4,19,1,6,0,nan,nan,nan,nan,1.167,nan,nan,1,1,1,1,nan,nan,nan,nan,nan,-0.067,nan,nan,0,0,0,0,nan,500,fresh
214713,0,0,0,0,0,0,7,0,0,4,19,1,7,0,nan,nan,nan,nan,1.167,nan,nan,1,1,1,1.167,nan,nan,nan,nan,nan,-0.067,nan,nan,0,0,0,-0.067,nan,500,fresh
215783,0,0,0,0,0,0,7,0,0,4,19,1,7,0,nan,nan,nan,nan,1.167,nan,nan,1,1,1,1.167,nan,nan,nan,nan,nan,-0.067,nan,nan,0,0,0,-0.067,nan,500,fresh
216853,0,0,0,0,0,0,7,0,0,4,19,1,7,0,nan,nan,nan,nan,1.167,nan,nan,1,1,1,1.167,nan,nan,nan,nan,nan,-0.067,nan,nan,0,0,0,-0.067,nan,500,fresh
217921,0,0,0,0,0,0,7,0,0,4,19,1,6,0,nan,nan,nan,nan,1.167,nan,nan,1,1,1,1,nan,nan,nan,nan,nan,-0.067,nan,nan,0,0,0,0,nan,500,fresh
218990,0,0,0,0,0,0,7,0,0,4,19,1,7,0,nan,nan,nan,nan,1.167,nan,nan,1,1,1,1.167,nan,nan,nan,nan,nan,-0.067,nan,nan,0,0,0,-0.067,nan,500,fresh
220060,0,0,0,0,0,0,6,0,0,4,19,1,7,0,nan,nan,nan,nan,1,nan,nan,1,1,1,1.167,nan,nan,nan,nan,nan,0,nan,nan,0,0,0,-0.067,nan,500,fresh
221130,0,0,0,0,0,0,7,0,0,4,19,1,7,0,nan,nan,nan,nan,1.167,nan,nan,1,1,1,1.167,nan,nan,nan,nan,nan,-0.067,nan,nan,0,0,0,-0.067,nan,500,fresh
222198,0,0,0,0,0,0,7,0,0,4,19,1,7,0,nan,nan,nan,nan,1.167,nan,nan,1,1,1,1.167,nan,nan,nan,nan,nan,-0.067,nan,nan,0,0,0,-0.067,nan,500,fresh
223267,0,0,0,0,0,0,7,0,0,4,19,1,7,0,nan,nan,nan,nan,1.167,nan,nan,1,1,1,1.167,nan,nan,nan,nan,nan,-0.067,nan,nan,0,0,0,-0.067,nan,500,fresh
224337,0,0,0,0,0,0,6,0,0,4,19,1,7,0,nan,nan,nan,nan,1,nan,nan,1,1,1,1.167,nan,nan,nan,nan,nan,0,nan,nan,0,0,0,-0.067,nan,500,fresh
225406,0,0,0,0,0,0,6,0,0,4,19,1,7,0,nan,nan,nan,nan,1,nan,nan,1,1,1,1.167,nan,nan,nan,nan,nan,0,nan,nan,0,0,0,-0.067,nan,500,fresh
226475,0,0,0,0,0,0,7,0,0,4,19,1,7,0,nan,nan,nan,nan,1.167,nan,nan,1,1,1,1.167,nan,nan,nan,nan,nan,-0.067,nan,nan,0,0,0,-0.067,nan,500,fresh
227544,0,0,0,0,0,0,6,0,0,4,19,1,7,0,nan,nan,nan,nan,1,nan,nan,1,1,1,1.167,nan,nan,nan,nan,nan,0,nan,nan,0,0,0,-0.067,nan,500,fresh
228614,0,0,0,0,0,0,7,0,0,4,19,1,7,0,nan,nan,nan,nan,1.167,nan,nan,1,1,1,1.167,nan,nan,nan,nan,nan,-0.067,nan,nan,0,0,0,-0.067,nan,500,fresh
229683,0,0,0,0,0,0,7,0,0,3,19,1,7,0,nan,nan,nan,nan,1.167,nan,nan,0.75,1,1,1.167,nan,nan,nan,nan,nan,-0.067,nan,nan,0.125,0,0,-0.067,nan,500,fresh
230752,0,0,0,0,0,0,6,0,0,4,19,1,6,0,nan,nan,nan,nan,1,nan,nan,1,1,1,1,nan,nan,nan,nan,nan,0,nan,nan,0,0,0,0,nan,500,fresh
231822,0,0,0,0,0,0,7,0,0,4,19,1,7,0,nan,nan,nan,nan,1.167,nan,nan,1,1,1,1.167,nan,nan,nan,nan,nan,-0.067,nan,nan,0,0,0,-0.067,nan,500,fresh
232892,0,0,0,0,0,0,7,0,0,4,19,1,7,0,nan,nan,nan,nan,1.167,nan,nan,1,1,1,1.167,nan,nan,nan,nan,nan,-0.067,nan,nan,0,0,0,-0.067,nan,500,fresh
233962,0,0,0,0,0,0,6,0,0,4,19,1,7,0,nan,nan,nan,nan,1,nan,nan,1,1,1,1.167,nan,nan,nan,nan,nan,0,nan,nan,0,0,0,-0.067,nan,500,fresh
235031,0,0,0,0,0,0,6,0,0,4,19,1,7,0,nan,nan,nan,nan,1,nan,nan,1,1,1,1.167,nan,nan,nan,nan,nan,0,nan,nan,0,0,0,-0.067,nan,500,fresh
236100,0,0,0,0,0,0,7,0,0,4,19,1,6,0,nan,nan,nan,nan,1.167,nan,nan,1,1,1,1,nan,nan,nan,nan,nan,-0.067,nan,nan,0,0,0,0,nan,500,fresh
237170,0,0,0,0,0,0,7,0,0,4,19,1,7,0,nan,nan,nan,nan,1.167,nan,nan,1,1,1,1.167,nan,nan,nan,nan,nan,-0.067,nan,nan,0,0,0,-0.067,nan,500,fresh
238240,0,0,0,0,0,0,7,0,0,4,19,1,7,0,nan,nan,nan,nan,1.167,nan,nan,1,1,1,1.167,nan,nan,nan,nan,nan,-0.067,nan,nan,0,0,0,-0.067,nan,500,fresh
239309,0,0,0,0,0,0,7,0,0,4,19,1,6,0,nan,nan,nan,nan,1.167,nan,nan,1,1,1,1,nan,nan,nan,nan,nan,-0.067,nan,nan,0,0,0,0,nan,500,fresh
240379,0,0,0,0,0,0,7,0,0,4,19,1,7,0,nan,nan,nan,nan,1.167,nan,nan,1,1,1,1.167,nan,nan,nan,nan,nan,-0.067,nan,nan,0,0,0,-0.067,nan,500,fresh
241449,0,0,0,0,0,0,7,0,0,4,19,1,6,0,nan,nan,nan,nan,1.167,nan,nan,1,1,1,1,nan,nan,nan,nan,nan,-0.067,nan,nan,0,0,0,0,nan,500,fresh
242519,0,0,0,0,0,0,7,0,0,4,19,1,7,0,nan,nan,nan,nan,1.167,nan,nan,1,1,1,1.167,nan,nan,nan,nan,nan,-0.067,nan,nan,0,0,0,-0.067,nan,500,fresh
243588,0,0,0,0,0,0,7,0,0,4,19,1,6,0,nan,nan,nan,nan,1.167,nan,nan,1,1,1,1,nan,nan,nan,nan,nan,-0.067,nan,nan,0,0,0,0,nan,500,fresh
244657,0,0,0,0,0,0,7,0,0,4,19,1,7,0,nan,nan,nan,nan,1.167,nan,nan,1,1,1,1.167,nan,nan,nan,nan,nan,-0.067,nan,nan,0,0,0,-0.067,nan,500,fresh
245727,0,0,0,0,0,0,7,0,0,4,19,1,7,0,nan,nan,nan,nan,1.167,nan,nan,1,1,1,1.167,nan,nan,nan,nan,nan,-0.067,nan,nan,0,0,0,-0.067,nan,500,fresh
246795,0,0,0,0,0,0,7,0,0,4,19,1,7,0,nan,nan,nan,nan,1.167,nan,nan,1,1,1,1.167,nan,nan,nan,nan,nan,-0.067,nan,nan,0,0,0,-0.067,nan,500,fresh
247864,0,0,0,0,0,0,7,0,0,4,19,1,7,0,nan,nan,nan,nan,1.167,nan,nan,1,1,1,1.167,nan,nan,nan,nan,nan,-0.067,nan,nan,0,0,0,-0.067,nan,500,fresh
248934,0,0,0,0,0,0,7,0,0,4,19,1,7,0,nan,nan,nan,nan,1.167,nan,nan,1,1,1,1.167,nan,nan,nan,nan,nan,-0.067,nan,nan,0,0,0,-0.067,nan,500,fresh
250004,0,0,0,0,0,0,6,0,0,4,19,1,7,0,nan,nan,nan,nan,1,nan,nan,1,1,1,1.167,nan,nan,nan,nan,nan,0,nan,nan,0,0,0,-0.067,nan,500,fresh
251073,0,0,0,0,0,0,7,0,0,4,19,1,7,0,nan,nan,nan,nan,1.167,nan,nan,1,1,1,1.167,nan,nan,nan,nan,nan,-0.067,nan,nan,0,0,0,-0.067,nan,500,fresh
252142,0,0,0,0,0,0,7,0,0,4,19,1,7,0,nan,nan,nan,nan,1.167,nan,nan,1,1,1,1.167,nan,nan,nan,nan,nan,-0.067,nan,nan,0,0,0,-0.067,nan,500,fresh
253212,0,0,0,0,0,0,7,0,0,4,19,1,7,0,nan,nan,nan,nan,1.167,nan,nan,1,1,1,1.167,nan,nan,nan,nan,nan,-0.067,nan,nan,0,0,0,-0.067,nan,500,fresh
254280,0,0,0,0,0,0,7,0,0,4,19,1,6,0,nan,nan,nan,nan,1.167,nan,nan,1,1,1,1,nan,nan,nan,nan,nan,-0.067,nan,nan,0,0,0,0,nan,500,fresh
255350,0,0,0,0,0,0,7,0,0,4,19,1,7,0,nan,nan,nan,nan,1.167,nan,nan,1,1,1,1.167,nan,nan,nan,nan,nan,-0.067,nan,nan,0,0,0,-0.067,nan,500,fresh
256419,0,0,0,0,0,0,7,0,0,4,19,1,7,0,nan,nan,nan,nan,1.167,nan,nan,1,1,1,1.167,nan,nan,nan,nan,nan,-0.067,nan,nan,0,0,0,-0.067,nan,500,fresh
257489,0,0,0,0,0,0,7,0,0,4,19,1,7,0,nan,nan,nan,nan,1.167,nan,nan,1,1,1,1.167,nan,nan,nan,nan,nan,-0.067,nan,nan,0,0,0,-0.067,nan,500,fresh
258559,0,0,0,0,0,0,7,0,0,4,19,1,7,0,nan,nan,nan,nan,1.167,nan,nan,1,1,1,1.167,nan,nan,nan,nan,nan,-0.067,nan,nan,0,0,0,-0.067,nan,500,fresh
259627,0,0,0,0,0,0,7,0,0,4,19,1,7,0,nan,nan,nan,nan,1.167,nan,nan,1,1,1,1.167,nan,nan,nan,nan,nan,-0.067,nan,nan,0,0,0,-0.067,nan,500,fresh
260695,0,0,0,0,0,0,7,0,0,4,19,1,7,0,nan,nan,nan,nan,1.167,nan,nan,1,1,1,1.167,nan,nan,nan,nan,nan,-0.067,nan,nan,0,0,0,-0.067,nan,500,fresh
261765,0,0,0,0,0,0,7,0,0,4,19,1,7,0,nan,nan,nan,nan,1.167,nan,nan,1,1,1,1.167,nan,nan,nan,nan,nan,-0.067,nan,nan,0,0,0,-0.067,nan,500,fresh
262834,0,0,0,0,0,0,7,0,0,4,19,1,7,0,nan,nan,nan,nan,1.167,nan,nan,1,1,1,1.167,nan,nan,nan,nan,nan,-0.067,nan,nan,0,0,0,-0.067,nan,500,fresh
263904,0,0,0,0,0,0,7,0,0,4,19,1,7,0,nan,nan,nan,nan,1.167,nan,nan,1,1,1,1.167,nan,nan,nan,nan,nan,-0.067,nan,nan,0,0,0,-0.067,nan,500,fresh
264974,0,0,0,0,0,0,6,0,0,4,19,1,6,0,nan,nan,nan,nan,1,nan,nan,1,1,1,1,nan,nan,nan,nan,nan,0,nan,nan,0,0,0,0,nan,500,fresh
266042,0,0,0,0,0,0,7,0,0,4,19,1,7,0,nan,nan,nan,nan,1.167,nan,nan,1,1,1,1.167,nan,nan,nan,nan,nan,-0.067,nan,nan,0,0,0,-0.067,nan,500,fresh
267111,0,0,0,0,0,0,7,0,0,4,19,1,7,0,nan,nan,nan,nan,1.167,nan,nan,1,1,1,1.167,nan,nan,nan,nan,nan,-0.067,nan,nan,0,0,0,-0.067,nan,500,fresh
268181,0,0,0,0,0,0,7,0,0,4,19,1,7,0,nan,nan,nan,nan,1.167,nan,nan,1,1,1,1.167,nan,nan,nan,nan,nan,-0.067,nan,nan,0,0,0,-0.067,nan,500,fresh
269251,0,0,0,0,0,0,7,0,0,4,19,1,7,0,nan,nan,nan,nan,1.167,nan,nan,1,1,1,1.167,nan,nan,nan,nan,nan,-0.067,nan,nan,0,0,0,-0.067,nan,500,fresh
270321,0,0,0,0,0,0,6,0,0,4,19,1,7,0,nan,nan,nan,nan,1,nan,nan,1,1,1,1.167,nan,nan,nan,nan,nan,0,nan,nan,0,0,0,-0.067,nan,500,fresh
271390,0,0,0,0,0,0,7,0,0,4,19,1,7,0,nan,nan,nan,nan,1.167,nan,nan,1,1,1,1.167,nan,nan,nan,nan,nan,-0.067,nan,nan,0,0,0,-0.067,nan,500,fresh
272459,0,0,0,0,0,0,7,0,0,4,19,1,6,0,nan,nan,nan,nan,1.167,nan,nan,1,1,1,1,nan,nan,nan,nan,nan,-0.067,nan,nan,0,0,0,0,nan,500,fresh
273528,0,0,0,0,0,0,7,0,0,4,19,1,6,0,nan,nan,nan,nan,1.167,nan,nan,1,1,1,1,nan,nan,nan,nan,nan,-0.067,nan,nan,0,0,0,0,nan,500,fresh
274597,0,0,0,0,0,0,7,0,0,4,19,1,7,0,nan,nan,nan,nan,1.167,nan,nan,1,1,1,1.167,nan,nan,nan,nan,nan,-0.067,nan,nan,0,0,0,-0.067,nan,500,fresh
275667,0,0,0,0,0,0,7,0,0,4,19,1,7,0,nan,nan,nan,nan,1.167,nan,nan,1,1,1,1.167,nan,nan,nan,nan,nan,-0.067,nan,nan,0,0,0,-0.067,nan,500,fresh
276737,0,0,0,0,0,0,6,0,0,4,19,1,7,0,nan,nan,nan,nan,1,nan,nan,1,1,1,1.167,nan,nan,nan,nan,nan,0,nan,nan,0,0,0,-0.067,nan,500,fresh
277806,0,0,0,0,0,0,7,0,0,4,19,1,7,0,nan,nan,nan,nan,1.167,nan,nan,1,1,1,1.167,nan,nan,nan,nan,nan,-0.067,nan,nan,0,0,0,-0.067,nan,500,fresh
278875,0,0,0,0,0,0,6,0,0,4,19,1,6,0,nan,nan,nan,nan,1,nan,nan,1,1,1,1,nan,nan,nan,nan,nan,0,nan,nan,0,0,0,0,nan,500,fresh
279945,0,0,0,0,0,0,7,0,0,4,19,1,7,0,nan,nan,nan,nan,1.167,nan,nan,1,1,1,1.167,nan,nan,nan,nan,nan,-0.067,nan,nan,0,0,0,-0.067,nan,500,fresh
281015,0,0,0,0,0,0,6,0,0,4,19,1,7,0,nan,nan,nan,nan,1,nan,nan,1,1,1,1.167,nan,nan,nan,nan,nan,0,nan,nan,0,0,0,-0.067,nan,500,fresh
282084,0,0,0,0,0,0,7,0,0,4,19,1,7,0,nan,nan,nan,nan,1.167,nan,nan,1,1,1,1.167,nan,nan,nan,nan,nan,-0.067,nan,nan,0,0,0,-0.067,nan,500,fresh
283153,0,0,0,0,0,0,7,0,0,4,19,1,7,0,nan,nan,nan,nan,1.167,nan,nan,1,1,1,1.167,nan,nan,nan,nan,nan,-0.067,nan,nan,0,0,0,-0.067,nan,500,fresh
284222,0,0,0,0,0,0,6,0,0,4,19,1,7,0,nan,nan,nan,nan,1,nan,nan,1,1,1,1.167,nan,nan,nan,nan,nan,0,nan,nan,0,0,0,-0.067,nan,500,fresh
285292,0,0,0,0,0,0,7,0,0,4,19,1,7,0,nan,nan,nan,nan,1.167,nan,nan,1,1,1,1.167,nan,nan,nan,nan,nan,-0.067,nan,nan,0,0,0,-0.067,nan,500,fresh
286361,0,0,0,0,0,0,7,0,0,4,19,1,7,0,nan,nan,nan,nan,1.167,nan,nan,1,1,1,1.167,nan,nan,nan,nan,nan,-0.067,nan,nan,0,0,0,-0.067,nan,500,fresh
287430,0,0,0,0,0,0,7,0,0,4,19,1,7,0,nan,nan,nan,nan,1.167,nan,nan,1,1,1,1.167,nan,nan,nan,nan,nan,-0.067,nan,nan,0,0,0,-0.067,nan,500,fresh
288499,0,0,0,0,0,0,6,0,0,4,19,1,7,0,nan,nan,nan,nan,1,nan,nan,1,1,1,1.167,nan,nan,nan,nan,nan,0,nan,nan,0,0,0,-0.067,nan,500,fresh
289569,0,0,0,0,0,0,7,0,0,4,19,1,7,0,nan,nan,nan,nan,1.167,nan,nan,1,1,1,1.167,nan,nan,nan,nan,nan,-0.067,nan,nan,0,0,0,-0.067,nan,500,fresh
290639,0,0,0,0,0,0,7,0,0,4,19,1,7,0,nan,nan,nan,nan,1.167,nan,nan,1,1,1,1.167,nan,nan,nan,nan,nan,-0.067,nan,nan,0,0,0,-0.067,nan,500,fresh
291709,0,0,0,0,0,0,6,0,0,4,19,1,7,0,nan,nan,nan,nan,1,nan,nan,1,1,1,1.167,nan,nan,nan,nan,nan,0,nan,nan,0,0,0,-0.067,nan,500,fresh
292779,0,0,0,0,0,0,7,0,0,4,19,1,7,0,nan,nan,nan,nan,1.167,nan,nan,1,1,1,1.167,nan,nan,nan,nan,nan,-0.067,nan,nan,0,0,0,-0.067,nan,500,fresh
293848,0,0,0,0,0,0,7,0,0,4,19,1,7,0,nan,nan,nan,nan,1.167,nan,nan,1,1,1,1.167,nan,nan,nan,nan,nan,-0.067,nan,nan,0,0,0,-0.067,nan,500,fresh
294918,0,0,0,0,0,0,7,0,0,4,19,1,7,0,nan,nan,nan,nan,1.167,nan,nan,1,1,1,1.167,nan,nan,nan,nan,nan,-0.067,nan,nan,0,0,0,-0.067,nan,500,fresh
295987,0,0,0,0,0,0,6,0,0,4,19,1,7,0,nan,nan,nan,nan,1,nan,nan,1,1,1,1.167,nan,nan,nan,nan,nan,0,nan,nan,0,0,0,-0.067,nan,500,fresh
297057,0,0,0,0,0,0,7,0,0,4,19,1,6,0,nan,nan,nan,nan,1.167,nan,nan,1,1,1,1,nan,nan,nan,nan,nan,-0.067,nan,nan,0,0,0,0,nan,500,fresh
298126,0,0,0,0,0,0,7,0,0,4,19,1,6,0,nan,nan,nan,nan,1.167,nan,nan,1,1,1,1,nan,nan,nan,nan,nan,-0.067,nan,nan,0,0,0,0,nan,500,fresh
299195,0,0,0,0,0,0,7,0,0,4,19,1,7,0,nan,nan,nan,nan,1.167,nan,nan,1,1,1,1.167,nan,nan,nan,nan,nan,-0.067,nan,nan,0,0,0,-0.067,nan,500,fresh
300265,0,0,0,0,0,0,7,0,0,4,19,1,6,0,nan,nan,nan,nan,1.167,nan,nan,1,1,1,1,nan,nan,nan,nan,nan,-0.067,nan,nan,0,0,0,0,nan,500,fresh
301335,0,0,0,0,0,0,7,0,0,4,19,1,7,0,nan,nan,nan,nan,1.167,nan,nan,1,1,1,1.167,nan,nan,nan,nan,nan,-0.067,nan,nan,0,0,0,-0.067,nan,500,fresh
302405,0,0,0,0,0,0,7,0,0,4,19,1,7,0,nan,nan,nan,nan,1.167,nan,nan,1,1,1,1.167,nan,nan,nan,nan,nan,-0.067,nan,nan,0,0,0,-0.067,nan,500,fresh
303475,0,0,0,0,0,0,7,0,0,4,19,1,7,0,nan,nan,nan,nan,1.167,nan,nan,1,1,1,1.167,nan,nan,nan,nan,nan,-0.067,nan,nan,0,0,0,-0.067,nan,500,fresh
304544,0,0,0,0,0,0,6,0,0,4,19,1,7,0,nan,nan,nan,nan,1,nan,nan,1,1,1,1.167,nan,nan,nan,nan,nan,0,nan,nan,0,0,0,-0.067,nan,500,fresh
305613,0,0,0,0,0,0,6,0,0,4,19,1,7,0,nan,nan,nan,nan,1,nan,nan,1,1,1,1.167,nan,nan,nan,nan,nan,0,nan,nan,0,0,0,-0.067,nan,500,fresh
306683,0,0,0,0,0,0,7,0,0,4,19,1,7,0,nan,nan,nan,nan,1.167,nan,nan,1,1,1,1.167,nan,nan,nan,nan,nan,-0.067,nan,nan,0,0,0,-0.067,nan,500,fresh
307752,0,0,0,0,0,0,7,0,0,3,19,1,7,0,nan,nan,nan,nan,1.167,nan,nan,0.75,1,1,1.167,nan,nan,nan,nan,nan,-0.067,nan,nan,0.125,0,0,-0.067,nan,500,fresh
308821,0,0,0,0,0,0,7,0,0,4,19,1,7,0,nan,nan,nan,nan,1.167,nan,nan,1,1,1,1.167,nan,nan,nan,nan,nan,-0.067,nan,nan,0,0,0,-0.067,nan,500,fresh
309891,0,0,0,0,0,0,7,0,0,4,19,1,6,0,nan,nan,nan,nan,1.167,nan,nan,1,1,1,1,nan,nan,nan,nan,nan,-0.067,nan,nan,0,0,0,0,nan,500,fresh
310960,0,0,0,0,0,0,7,0,0,4,19,1,7,0,nan,nan,nan,nan,1.167,nan,nan,1,1,1,1.167,nan,nan,nan,nan,nan,-0.067,nan,nan,0,0,0,-0.067,nan,500,fresh
312029,0,0,0,0,0,0,7,0,0,4,19,1,6,0,nan,nan,nan,nan,1.167,nan,nan,1,1,1,1,nan,nan,nan,nan,nan,-0.067,nan,nan,0,0,0,0,nan,500,fresh
313098,0,0,0,0,0,0,7,0,0,4,19,1,7,0,nan,nan,nan,nan,1.167,nan,nan,1,1,1,1.167,nan,nan,nan,nan,nan,-0.067,nan,nan,0,0,0,-0.067,nan,500,fresh
323795,0,0,0,0,0,0,7,0,0,4,19,1,7,0,nan,nan,nan,nan,1.167,nan,nan,1,1,1,1.167,nan,nan,nan,nan,nan,-0.067,nan,nan,0,0,0,-0.067,nan,500,fresh
324865,0,0,0,0,0,0,7,0,0,4,19,1,7,0,nan,nan,nan,nan,1.167,nan,nan,1,1,1,1.167,nan,nan,nan,nan,nan,-0.067,nan,nan,0,0,0,-0.067,nan,500,fresh
325934,0,0,0,0,0,0,7,0,0,4,19,1,7,0,nan,nan,nan,nan,1.167,nan,nan,1,1,1,1.167,nan,nan,nan,nan,nan,-0.067,nan,nan,0,0,0,-0.067,nan,500,fresh
327004,0,0,0,0,0,0,7,0,0,4,19,1,7,0,nan,nan,nan,nan,1.167,nan,nan,1,1,1,1.167,nan,nan,nan,nan,nan,-0.067,nan,nan,0,0,0,-0.067,nan,500,fresh
347322,0,0,0,0,0,0,7,0,0,4,20,1,7,0,nan,nan,nan,nan,1.167,nan,nan,1,1.053,1,1.167,nan,nan,nan,nan,nan,-0.067,nan,nan,0,-0.022,0,-0.067,nan,500,fresh
348392,0,0,0,0,0,0,7,0,0,4,20,1,7,0,nan,nan,nan,nan,1.167,nan,nan,1,1.053,1,1.167,nan,nan,nan,nan,nan,-0.067,nan,nan,0,-0.022,0,-0.067,nan,500,fresh
349461,0,0,0,0,0,0,7,0,0,4,19,1,7,0,nan,nan,nan,nan,1.167,nan,nan,1,1,1,1.167,nan,nan,nan,nan,nan,-0.067,nan,nan,0,0,0,-0.067,nan,500,fresh
350530,0,0,0,0,0,0,7,0,0,4,20,1,7,0,nan,nan,nan,nan,1.167,nan,nan,1,1.053,1,1.167,nan,nan,nan,nan,nan,-0.067,nan,nan,0,-0.022,0,-0.067,nan,500,fresh
351600,0,0,0,0,0,0,7,0,0,4,20,1,7,0,nan,nan,nan,nan,1.167,nan,nan,1,1.053,1,1.167,nan,nan,nan,nan,nan,-0.067,nan,nan,0,-0.022,0,-0.067,nan,500,fresh
352669,0,0,0,0,0,0,7,0,0,4,20,1,7,0,nan,nan,nan,nan,1.167,nan,nan,1,1.053,1,1.167,nan,nan,nan,nan,nan,-0.067,nan,nan,0,-0.022,0,-0.067,nan,500,fresh
353738,0,0,0,0,0,0,7,0,0,4,20,1,7,0,nan,nan,nan,nan,1.167,nan,nan,1,1.053,1,1.167,nan,nan,nan,nan,nan,-0.067,nan,nan,0,-0.022,0,-0.067,nan,500,fresh
354807,0,0,0,0,0,0,7,0,0,4,20,1,7,0,nan,nan,nan,nan,1.167,nan,nan,1,1.053,1,1.167,nan,nan,nan,nan,nan,-0.067,nan,nan,0,-0.022,0,-0.067,nan,500,fresh
355876,0,0,0,0,0,0,7,0,0,4,20,1,7,0,nan,nan,nan,nan,1.167,nan,nan,1,1.053,1,1.167,nan,nan,nan,nan,nan,-0.067,nan,nan,0,-0.022,0,-0.067,nan,500,fresh
356945,0,0,0,0,0,0,7,0,0,4,20,1,7,0,nan,nan,nan,nan,1.167,nan,nan,1,1.053,1,1.167,nan,nan,nan,nan,nan,-0.067,nan,nan,0,-0.022,0,-0.067,nan,500,fresh
358014,0,0,0,0,0,0,7,0,0,4,20,1,7,0,nan,nan,nan,nan,1.167,nan,nan,1,1.053,1,1.167,nan,nan,nan,nan,nan,-0.067,nan,nan,0,-0.022,0,-0.067,nan,500,fresh
359084,0,0,0,0,0,0,7,0,0,4,20,1,7,0,nan,nan,nan,nan,1.167,nan,nan,1,1.053,1,1.167,nan,nan,nan,nan,nan,-0.067,nan,nan,0,-0.022,0,-0.067,nan,500,fresh
360154,0,0,0,0,0,0,7,0,0,4,20,1,7,0,nan,nan,nan,nan,1.167,nan,nan,1,1.053,1,1.167,nan,nan,nan,nan,nan,-0.067,nan,nan,0,-0.022,0,-0.067,nan,500,fresh
361224,0,0,0,0,0,0,7,0,0,4,20,1,7,0,nan,nan,nan,nan,1.167,nan,nan,1,1.053,1,1.167,nan,nan,nan,nan,nan,-0.067,nan,nan,0,-0.022,0,-0.067,nan,500,fresh
362294,0,0,0,0,0,0,7,0,0,4,19,1,7,0,nan,nan,nan,nan,1.167,nan,nan,1,1,1,1.167,nan,nan,nan,nan,nan,-0.067,nan,nan,0,0,0,-0.067,nan,500,fresh
363364,0,0,0,0,0,0,7,0,0,4,20,1,7,0,nan,nan,nan,nan,1.167,nan,nan,1,1.053,1,1.167,nan,nan,nan,nan,nan,-0.067,nan,nan,0,-0.022,0,-0.067,nan,500,fresh
364434,0,0,0,0,0,0,7,0,0,4,20,1,7,0,nan,nan,nan,nan,1.167,nan,nan,1,1.053,1,1.167,nan,nan,nan,nan,nan,-0.067,nan,nan,0,-0.022,0,-0.067,nan,500,fresh
365504,0,0,0,0,0,0,7,0,0,4,20,1,7,0,nan,nan,nan,nan,1.167,nan,nan,1,1.053,1,1.167,nan,nan,nan,nan,nan,-0.067,nan,nan,0,-0.022,0,-0.067,nan,500,fresh
366574,0,0,0,0,0,0,7,0,0,4,20,1,7,0,nan,nan,nan,nan,1.167,nan,nan,1,1.053,1,1.167,nan,nan,nan,nan,nan,-0.067,nan,nan,0,-0.022,0,-0.067,nan,500,fresh
367643,0,0,0,0,0,0,7,0,0,4,20,1,7,0,nan,nan,nan,nan,1.167,nan,nan,1,1.053,1,1.167,nan,nan,nan,nan,nan,-0.067,nan,nan,0,-0.022,0,-0.067,nan,500,fresh
368713,0,0,0,0,0,0,7,0,0,4,20,1,7,0,nan,nan,nan,nan,1.167,nan,nan,1,1.053,1,1.167,nan,nan,nan,nan,nan,-0.067,nan,nan,0,-0.022,0,-0.067,nan,500,fresh
369783,0,0,0,0,0,0,7,0,0,4,20,1,7,0,nan,nan,nan,nan,1.167,nan,nan,1,1.053,1,1.167,nan,nan,nan,nan,nan,-0.067,nan,nan,0,-0.022,0,-0.067,nan,500,fresh
370852,0,0,0,0,0,0,7,0,0,4,20,1,7,0,nan,nan,nan,nan,1.167,nan,nan,1,1.053,1,1.167,nan,nan,nan,nan,nan,-0.067,nan,nan,0,-0.022,0,-0.067,nan,500,fresh
371922,0,0,0,0,0,0,7,0,0,4,20,1,7,0,nan,nan,nan,nan,1.167,nan,nan,1,1.053,1,1.167,nan,nan,nan,nan,nan,-0.067,nan,nan,0,-0.022,0,-0.067,nan,500,fresh
372991,0,0,0,0,0,0,7,0,0,4,20,1,7,0,nan,nan,nan,nan,1.167,nan,nan,1,1.053,1,1.167,nan,nan,nan,nan,nan,-0.067,nan,nan,0,-0.022,0,-0.067,nan,500,fresh
374059,0,0,0,0,0,0,7,0,0,4,19,1,7,0,nan,nan,nan,nan,1.167,nan,nan,1,1,1,1.167,nan,nan,nan,nan,nan,-0.067,nan,nan,0,0,0,-0.067,nan,500,fresh
375127,0,0,0,0,0,0,7,0,0,4,20,1,7,0,nan,nan,nan,nan,1.167,nan,nan,1,1.053,1,1.167,nan,nan,nan,nan,nan,-0.067,nan,nan,0,-0.022,0,-0.067,nan,500,fresh
376197,0,0,0,0,0,0,7,0,0,4,20,1,7,0,nan,nan,nan,nan,1.167,nan,nan,1,1.053,1,1.167,nan,nan,nan,nan,nan,-0.067,nan,nan,0,-0.022,0,-0.067,nan,500,fresh
377265,0,0,0,0,0,0,7,0,0,4,19,1,7,0,nan,nan,nan,nan,1.167,nan,nan,1,1,1,1.167,nan,nan,nan,nan,nan,-0.067,nan,nan,0,0,0,-0.067,nan,500,fresh
378333,0,0,0,0,0,0,7,0,0,4,20,1,7,0,nan,nan,nan,nan,1.167,nan,nan,1,1.053,1,1.167,nan,nan,nan,nan,nan,-0.067,nan,nan,0,-0.022,0,-0.067,nan,500,fresh
379403,0,0,0,0,0,0,7,0,0,4,20,1,7,0,nan,nan,nan,nan,1.167,nan,nan,1,1.053,1,1.167,nan,nan,nan,nan,nan,-0.067,nan,nan,0,-0.022,0,-0.067,nan,500,fresh
380473,0,0,0,0,0,0,7,0,0,4,20,1,7,0,nan,nan,nan,nan,1.167,nan,nan,1,1.053,1,1.167,nan,nan,nan,nan,nan,-0.067,nan,nan,0,-0.022,0,-0.067,nan,500,fresh
381542,0,0,0,0,0,0,7,0,0,4,20,1,7,0,nan,nan,nan,nan,1.167,nan,nan,1,1.053,1,1.167,nan,nan,nan,nan,nan,-0.067,nan,nan,0,-0.022,0,-0.067,nan,500,fresh
382612,0,0,0,0,0,0,7,0,0,4,20,1,7,0,nan,nan,nan,nan,1.167,nan,nan,1,1.053,1,1.167,nan,nan,nan,nan,nan,-0.067,nan,nan,0,-0.022,0,-0.067,nan,500,fresh
383681,0,0,0,0,0,0,7,0,0,4,19,1,7,0,nan,nan,nan,nan,1.167,nan,nan,1,1,1,1.167,nan,nan,nan,nan,nan,-0.067,nan,nan,0,0,0,-0.067,nan,500,fresh
384750,0,0,0,0,0,0,7,0,0,4,20,1,7,0,nan,nan,nan,nan,1.167,nan,nan,1,1.053,1,1.167,nan,nan,nan,nan,nan,-0.067,nan,nan,0,-0.022,0,-0.067,nan,500,fresh
385819,0,0,0,0,0,0,7,0,0,4,20,1,7,0,nan,nan,nan,nan,1.167,nan,nan,1,1.053,1,1.167,nan,nan,nan,nan,nan,-0.067,nan,nan,0,-0.022,0,-0.067,nan,500,fresh
386889,0,0,0,0,0,0,6,0,0,4,19,1,7,0,nan,nan,nan,nan,1,nan,nan,1,1,1,1.167,nan,nan,nan,nan,nan,0,nan,nan,0,0,0,-0.067,nan,500,fresh
387957,0,0,0,0,0,0,7,0,0,4,20,1,7,0,nan,nan,nan,nan,1.167,nan,nan,1,1.053,1,1.167,nan,nan,nan,nan,nan,-0.067,nan,nan,0,-0.022,0,-0.067,nan,500,fresh
389027,0,0,0,0,0,0,7,0,0,4,20,1,7,0,nan,nan,nan,nan,1.167,nan,nan,1,1.053,1,1.167,nan,nan,nan,nan,nan,-0.067,nan,nan,0,-0.022,0,-0.067,nan,500,fresh
390096,0,0,0,0,0,0,7,0,0,4,20,1,7,0,nan,nan,nan,nan,1.167,nan,nan,1,1.053,1,1.167,nan,nan,nan,nan,nan,-0.067,nan,nan,0,-0.022,0,-0.067,nan,500,fresh
391165,0,0,0,0,0,0,7,0,0,4,20,1,7,0,nan,nan,nan,nan,1.167,nan,nan,1,1.053,1,1.167,nan,nan,nan,nan,nan,-0.067,nan,nan,0,-0.022,0,-0.067,nan,500,fresh
392235,0,0,0,0,0,0,7,0,0,4,19,1,7,0,nan,nan,nan,nan,1.167,nan,nan,1,1,1,1.167,nan,nan,nan,nan,nan,-0.067,nan,nan,0,0,0,-0.067,nan,500,fresh
393304,0,0,0,0,0,0,7,0,0,4,19,1,7,0,nan,nan,nan,nan,1.167,nan,nan,1,1,1,1.167,nan,nan,nan,nan,nan,-0.067,nan,nan,0,0,0,-0.067,nan,500,fresh
394373,0,0,0,0,0,0,7,0,0,4,19,1,7,0,nan,nan,nan,nan,1.167,nan,nan,1,1,1,1.167,nan,nan,nan,nan,nan,-0.067,nan,nan,0,0,0,-0.067,nan,500,fresh
395443,0,0,0,0,0,0,7,0,0,4,19,1,7,0,nan,nan,nan,nan,1.167,nan,nan,1,1,1,1.167,nan,nan,nan,nan,nan,-0.067,nan,nan,0,0,0,-0.067,nan,500,fresh
396513,0,0,0,0,0,0,7,0,0,4,19,1,7,0,nan,nan,nan,nan,1.167,nan,nan,1,1,1,1.167,nan,nan,nan,nan,nan,-0.067,nan,nan,0,0,0,-0.067,nan,500,fresh
397582,0,0,0,0,0,0,7,0,0,4,20,1,7,0,nan,nan,nan,nan,1.167,nan,nan,1,1.053,1,1.167,nan,nan,nan,nan,nan,-0.067,nan,nan,0,-0.022,0,-0.067,nan,500,fresh
398651,0,0,0,0,0,0,7,0,0,4,19,1,7,0,nan,nan,nan,nan,1.167,nan,nan,1,1,1,1.167,nan,nan,nan,nan,nan,-0.067,nan,nan,0,0,0,-0.067,nan,500,fresh
399720,0,0,0,0,0,0,7,0,0,4,20,1,7,0,nan,nan,nan,nan,1.167,nan,nan,1,1.053,1,1.167,nan,nan,nan,nan,nan,-0.067,nan,nan,0,-0.022,0,-0.067,nan,500,fresh
400789,0,0,0,0,0,0,7,0,0,4,20,1,7,0,nan,nan,nan,nan,1.167,nan,nan,1,1.053,1,1.167,nan,nan,nan,nan,nan,-0.067,nan,nan,0,-0.022,0,-0.067,nan,500,fresh
401859,0,0,0,0,0,0,7,0,0,4,19,1,7,0,nan,nan,nan,nan,1.167,nan,nan,1,1,1,1.167,nan,nan,nan,nan,nan,-0.067,nan,nan,0,0,0,-0.067,nan,500,fresh
402928,0,0,0,0,0,0,7,0,0,4,20,1,7,0,nan,nan,nan,nan,1.167,nan,nan,1,1.053,1,1.167,nan,nan,nan,nan,nan,-0.067,nan,nan,0,-0.022,0,-0.067,nan,500,fresh
403997,0,0,0,0,0,0,7,0,0,4,19,1,7,0,nan,nan,nan,nan,1.167,nan,nan,1,1,1,1.167,nan,nan,nan,nan,nan,-0.067,nan,nan,0,0,0,-0.067,nan,500,fresh
405067,0,0,0,0,0,0,7,0,0,4,19,1,7,0,nan,nan,nan,nan,1.167,nan,nan,1,1,1,1.167,nan,nan,nan,nan,nan,-0.067,nan,nan,0,0,0,-0.067,nan,500,fresh
406136,0,0,0,0,0,0,6,0,0,4,19,1,7,0,nan,nan,nan,nan,1,nan,nan,1,1,1,1.167,nan,nan,nan,nan,nan,0,nan,nan,0,0,0,-0.067,nan,500,fresh
407206,0,0,0,0,0,0,7,0,0,4,19,1,7,0,nan,nan,nan,nan,1.167,nan,nan,1,1,1,1.167,nan,nan,nan,nan,nan,-0.067,nan,nan,0,0,0,-0.067,nan,500,fresh
408276,0,0,0,0,0,0,7,0,0,4,19,1,7,0,nan,nan,nan,nan,1.167,nan,nan,1,1,1,1.167,nan,nan,nan,nan,nan,-0.067,nan,nan,0,0,0,-0.067,nan,500,fresh
409345,0,0,0,0,0,0,7,0,0,4,19,1,7,0,nan,nan,nan,nan,1.167,nan,nan,1,1,1,1.167,nan,nan,nan,nan,nan,-0.067,nan,nan,0,0,0,-0.067,nan,500,fresh
410415,0,0,0,0,0,0,7,0,0,4,19,1,7,0,nan,nan,nan,nan,1.167,nan,nan,1,1,1,1.167,nan,nan,nan,nan,nan,-0.067,nan,nan,0,0,0,-0.067,nan,500,fresh
411485,0,0,0,0,0,0,7,0,0,4,19,1,7,0,nan,nan,nan,nan,1.167,nan,nan,1,1,1,1.167,nan,nan,nan,nan,nan,-0.067,nan,nan,0,0,0,-0.067,nan,500,fresh
412555,0,0,0,0,0,0,7,0,0,4,19,1,7,0,nan,nan,nan,nan,1.167,nan,nan,1,1,1,1.167,nan,nan,nan,nan,nan,-0.067,nan,nan,0,0,0,-0.067,nan,500,fresh
413625,0,0,0,0,0,0,7,0,0,4,19,1,7,0,nan,nan,nan,nan,1.167,nan,nan,1,1,1,1.167,nan,nan,nan,nan,nan,-0.067,nan,nan,0,0,0,-0.067,nan,500,fresh
414694,0,0,0,0,0,0,7,0,0,4,19,1,7,0,nan,nan,nan,nan,1.167,nan,nan,1,1,1,1.167,nan,nan,nan,nan,nan,-0.067,nan,nan,0,0,0,-0.067,nan,500,fresh
415763,0,0,0,0,0,0,7,0,0,4,19,1,7,0,nan,nan,nan,nan,1.167,nan,nan,1,1,1,1.167,nan,nan,nan,nan,nan,-0.067,nan,nan,0,0,0,-0.067,nan,500,fresh
416832,0,0,0,0,0,0,7,0,0,4,19,1,7,0,nan,nan,nan,nan,1.167,nan,nan,1,1,1,1.167,nan,nan,nan,nan,nan,-0.067,nan,nan,0,0,0,-0.067,nan,500,fresh
417901,0,0,0,0,0,0,7,0,0,4,19,1,7,0,nan,nan,nan,nan,1.167,nan,nan,1,1,1,1.167,nan,nan,nan,nan,nan,-0.067,nan,nan,0,0,0,-0.067,nan,500,fresh
418971,0,0,0,0,0,0,7,0,0,4,19,1,7,0,nan,nan,nan,nan,1.167,nan,nan,1,1,1,1.167,nan,nan,nan,nan,nan,-0.067,nan,nan,0,0,0,-0.067,nan,500,fresh
420041,0,0,0,0,0,0,7,0,0,4,19,1,7,0,nan,nan,nan,nan,1.167,nan,nan,1,1,1,1.167,nan,nan,nan,nan,nan,-0.067,nan,nan,0,0,0,-0.067,nan,500,fresh
421111,0,0,0,0,0,0,7,0,0,4,19,1,7,0,nan,nan,nan,nan,1.167,nan,nan,1,1,1,1.167,nan,nan,nan,nan,nan,-0.067,nan,nan,0,0,0,-0.067,nan,500,fresh
422181,0,0,0,0,0,0,7,0,0,4,20,1,7,0,nan,nan,nan,nan,1.167,nan,nan,1,1.053,1,1.167,nan,nan,nan,nan,nan,-0.067,nan,nan,0,-0.022,0,-0.067,nan,500,fresh
423250,0,0,0,0,0,0,7,0,0,4,19,1,7,0,nan,nan,nan,nan,1.167,nan,nan,1,1,1,1.167,nan,nan,nan,nan,nan,-0.067,nan,nan,0,0,0,-0.067,nan,500,fresh
424319,0,0,0,0,0,0,7,0,0,4,19,1,7,0,nan,nan,nan,nan,1.167,nan,nan,1,1,1,1.167,nan,nan,nan,nan,nan,-0.067,nan,nan,0,0,0,-0.067,nan,500,fresh
425389,0,0,0,0,0,0,7,0,0,4,19,1,7,0,nan,nan,nan,nan,1.167,nan,nan,1,1,1,1.167,nan,nan,nan,nan,nan,-0.067,nan,nan,0,0,0,-0.067,nan,500,fresh
426457,0,0,0,0,0,0,7,0,0,4,20,1,7,0,nan,nan,nan,nan,1.167,nan,nan,1,1.053,1,1.167,nan,nan,nan,nan,nan,-0.067,nan,nan,0,-0.022,0,-0.067,nan,500,fresh
427527,0,0,0,0,0,0,7,0,0,4,19,1,7,0,nan,nan,nan,nan,1.167,nan,nan,1,1,1,1.167,nan,nan,nan,nan,nan,-0.067,nan,nan,0,0,0,-0.067,nan,500,fresh
428597,0,0,0,0,0,0,7,0,0,4,19,1,7,0,nan,nan,nan,nan,1.167,nan,nan,1,1,1,1.167,nan,nan,nan,nan,nan,-0.067,nan,nan,0,0,0,-0.067,nan,500,fresh
429666,0,0,0,0,0,0,7,0,0,4,19,1,7,0,nan,nan,nan,nan,1.167,nan,nan,1,1,1,1.167,nan,nan,nan,nan,nan,-0.067,nan,nan,0,0,0,-0.067,nan,500,fresh
430736,0,0,0,0,0,0,7,0,0,4,19,1,7,0,nan,nan,nan,nan,1.167,nan,nan,1,1,1,1.167,nan,nan,nan,nan,nan,-0.067,nan,nan,0,0,0,-0.067,nan,500,fresh
431806,0,0,0,0,0,0,7,0,0,4,19,1,7,0,nan,nan,nan,nan,1.167,nan,nan,1,1,1,1.167,nan,nan,nan,nan,nan,-0.067,nan,nan,0,0,0,-0.067,nan,500,fresh
432875,0,0,0,0,0,0,7,0,0,4,19,1,7,0,nan,nan,nan,nan,1.167,nan,nan,1,1,1,1.167,nan,nan,nan,nan,nan,-0.067,nan,nan,0,0,0,-0.067,nan,500,fresh
433945,0,0,0,0,0,0,7,0,0,4,19,1,7,0,nan,nan,nan,nan,1.167,nan,nan,1,1,1,1.167,nan,nan,nan,nan,nan,-0.067,nan,nan,0,0,0,-0.067,nan,500,fresh
435015,0,0,0,0,0,0,7,0,0,4,19,1,7,0,nan,nan,nan,nan,1.167,nan,nan,1,1,1,1.167,nan,nan,nan,nan,nan,-0.067,nan,nan,0,0,0,-0.067,nan,500,fresh
436085,0,0,0,0,0,0,7,0,0,4,19,1,7,0,nan,nan,nan,nan,1.167,nan,nan,1,1,1,1.167,nan,nan,nan,nan,nan,-0.067,nan,nan,0,0,0,-0.067,nan,500,fresh
437154,0,0,0,0,0,0,7,0,0,4,19,1,7,0,nan,nan,nan,nan,1.167,nan,nan,1,1,1,1.167,nan,nan,nan,nan,nan,-0.067,nan,nan,0,0,0,-0.067,nan,500,fresh
438224,0,0,0,0,0,0,7,0,0,4,19,1,7,0,nan,nan,nan,nan,1.167,nan,nan,1,1,1,1.167,nan,nan,nan,nan,nan,-0.067,nan,nan,0,0,0,-0.067,nan,500,fresh
50008,0,0,0,0,0,0,7,0,0,4,19,1,7,0,nan,nan,nan,nan,1.167,nan,nan,1,1,1,1.167,nan,nan,nan,nan,nan,-0.067,nan,nan,0,0,0,-0.067,nan,500,fresh
51077,0,0,0,0,0,0,6,0,0,4,19,1,7,0,nan,nan,nan,nan,1,nan,nan,1,1,1,1.167,nan,nan,nan,nan,nan,0,nan,nan,0,0,0,-0.067,nan,500,fresh
52146,0,0,0,0,0,0,7,0,0,4,19,1,7,0,nan,nan,nan,nan,1.167,nan,nan,1,1,1,1.167,nan,nan,nan,nan,nan,-0.067,nan,nan,0,0,0,-0.067,nan,500,fresh
53216,0,0,0,0,0,0,7,0,0,4,19,1,6,0,nan,nan,nan,nan,1.167,nan,nan,1,1,1,1,nan,nan,nan,nan,nan,-0.067,nan,nan,0,0,0,0,nan,500,fresh
54285,0,0,0,0,0,0,7,0,0,4,19,1,7,0,nan,nan,nan,nan,1.167,nan,nan,1,1,1,1.167,nan,nan,nan,nan,nan,-0.067,nan,nan,0,0,0,-0.067,nan,500,fresh
55355,0,0,0,0,0,0,7,0,0,4,19,1,6,0,nan,nan,nan,nan,1.167,nan,nan,1,1,1,1,nan,nan,nan,nan,nan,-0.067,nan,nan,0,0,0,0,nan,500,fresh
56425,0,0,0,0,0,0,7,0,0,4,19,1,7,0,nan,nan,nan,nan,1.167,nan,nan,1,1,1,1.167,nan,nan,nan,nan,nan,-0.067,nan,nan,0,0,0,-0.067,nan,500,fresh
57495,0,0,0,0,0,0,7,0,0,4,19,1,7,0,nan,nan,nan,nan,1.167,nan,nan,1,1,1,1.167,nan,nan,nan,nan,nan,-0.067,nan,nan,0,0,0,-0.067,nan,500,fresh
58564,0,0,0,0,0,0,7,0,0,4,19,1,7,0,nan,nan,nan,nan,1.167,nan,nan,1,1,1,1.167,nan,nan,nan,nan,nan,-0.067,nan,nan,0,0,0,-0.067,nan,500,fresh
59634,0,0,0,0,0,0,7,0,0,4,19,1,7,0,nan,nan,nan,nan,1.167,nan,nan,1,1,1,1.167,nan,nan,nan,nan,nan,-0.067,nan,nan,0,0,0,-0.067,nan,500,fresh
60704,0,0,0,0,0,0,7,0,0,4,19,1,7,0,nan,nan,nan,nan,1.167,nan,nan,1,1,1,1.167,nan,nan,nan,nan,nan,-0.067,nan,nan,0,0,0,-0.067,nan,500,fresh
61774,0,0,0,0,0,0,7,0,0,4,19,1,7,0,nan,nan,nan,nan,1.167,nan,nan,1,1,1,1.167,nan,nan,nan,nan,nan,-0.067,nan,nan,0,0,0,-0.067,nan,500,fresh
62844,0,0,0,0,0,0,6,0,0,4,19,1,7,0,nan,nan,nan,nan,1,nan,nan,1,1,1,1.167,nan,nan,nan,nan,nan,0,nan,nan,0,0,0,-0.067,nan,500,fresh
63913,0,0,0,0,0,0,7,0,0,4,19,1,7,0,nan,nan,nan,nan,1.167,nan,nan,1,1,1,1.167,nan,nan,nan,nan,nan,-0.067,nan,nan,0,0,0,-0.067,nan,500,fresh
64983,0,0,0,0,0,0,7,0,0,4,19,1,7,0,nan,nan,nan,nan,1.167,nan,nan,1,1,1,1.167,nan,nan,nan,nan,nan,-0.067,nan,nan,0,0,0,-0.067,nan,500,fresh
66053,0,0,0,0,0,0,7,0,0,4,19,1,7,0,nan,nan,nan,nan,1.167,nan,nan,1,1,1,1.167,nan,nan,nan,nan,nan,-0.067,nan,nan,0,0,0,-0.067,nan,500,fresh
67123,0,0,0,0,0,0,7,0,0,4,19,1,7,0,nan,nan,nan,nan,1.167,nan,nan,1,1,1,1.167,nan,nan,nan,nan,nan,-0.067,nan,nan,0,0,0,-0.067,nan,500,fresh
68193,0,0,0,0,0,0,7,0,0,4,19,1,7,0,nan,nan,nan,nan,1.167,nan,nan,1,1,1,1.167,nan,nan,nan,nan,nan,-0.067,nan,nan,0,0,0,-0.067,nan,500,fresh
69263,0,0,0,0,0,0,7,0,0,4,19,1,7,0,nan,nan,nan,nan,1.167,nan,nan,1,1,1,1.167,nan,nan,nan,nan,nan,-0.067,nan,nan,0,0,0,-0.067,nan,500,fresh
70333,0,0,0,0,0,0,7,0,0,4,19,1,7,0,nan,nan,nan,nan,1.167,nan,nan,1,1,1,1.167,nan,nan,nan,nan,nan,-0.067,nan,nan,0,0,0,-0.067,nan,500,fresh
71403,0,0,0,0,0,0,7,0,0,4,19,1,7,0,nan,nan,nan,nan,1.167,nan,nan,1,1,1,1.167,nan,nan,nan,nan,nan,-0.067,nan,nan,0,0,0,-0.067,nan,500,fresh
72473,0,0,0,0,0,0,6,0,0,4,19,1,7,0,nan,nan,nan,nan,1,nan,nan,1,1,1,1.167,nan,nan,nan,nan,nan,0,nan,nan,0,0,0,-0.067,nan,500,fresh
73542,0,0,0,0,0,0,7,0,0,4,19,1,6,0,nan,nan,nan,nan,1.167,nan,nan,1,1,1,1,nan,nan,nan,nan,nan,-0.067,nan,nan,0,0,0,0,nan,500,fresh
74611,0,0,0,0,0,0,7,0,0,4,19,1,7,0,nan,nan,nan,nan,1.167,nan,nan,1,1,1,1.167,nan,nan,nan,nan,nan,-0.067,nan,nan,0,0,0,-0.067,nan,500,fresh
75681,0,0,0,0,0,0,7,0,0,4,19,1,7,0,nan,nan,nan,nan,1.167,nan,nan,1,1,1,1.167,nan,nan,nan,nan,nan,-0.067,nan,nan,0,0,0,-0.067,nan,500,fresh
76751,0,0,0,0,0,0,7,0,0,4,19,1,7,0,nan,nan,nan,nan,1.167,nan,nan,1,1,1,1.167,nan,nan,nan,nan,nan,-0.067,nan,nan,0,0,0,-0.067,nan,500,fresh
77821,0,0,0,0,0,0,7,0,0,4,19,1,7,0,nan,nan,nan,nan,1.167,nan,nan,1,1,1,1.167,nan,nan,nan,nan,nan,-0.067,nan,nan,0,0,0,-0.067,nan,500,fresh
78891,0,0,0,0,0,0,7,0,0,4,19,1,7,0,nan,nan,nan,nan,1.167,nan,nan,1,1,1,1.167,nan,nan,nan,nan,nan,-0.067,nan,nan,0,0,0,-0.067,nan,500,fresh
79960,0,0,0,0,0,0,7,0,0,4,19,1,6,0,nan,nan,nan,nan,1.167,nan,nan,1,1,1,1,nan,nan,nan,nan,nan,-0.067,nan,nan,0,0,0,0,nan,500,fresh
81030,0,0,0,0,0,0,6,0,0,4,19,1,7,0,nan,nan,nan,nan,1,nan,nan,1,1,1,1.167,nan,nan,nan,nan,nan,0,nan,nan,0,0,0,-0.067,nan,500,fresh
82099,0,0,0,0,0,0,7,0,0,4,19,1,7,0,nan,nan,nan,nan,1.167,nan,nan,1,1,1,1.167,nan,nan,nan,nan,nan,-0.067,nan,nan,0,0,0,-0.067,nan,500,fresh
83168,0,0,0,0,0,0,7,0,0,4,19,1,7,0,nan,nan,nan,nan,1.167,nan,nan,1,1,1,1.167,nan,nan,nan,nan,nan,-0.067,nan,nan,0,0,0,-0.067,nan,500,fresh
84238,0,0,0,0,0,0,7,0,0,4,19,1,6,0,nan,nan,nan,nan,1.167,nan,nan,1,1,1,1,nan,nan,nan,nan,nan,-0.067,nan,nan,0,0,0,0,nan,500,fresh
85308,0,0,0,0,0,0,7,0,0,4,19,1,7,0,nan,nan,nan,nan,1.167,nan,nan,1,1,1,1.167,nan,nan,nan,nan,nan,-0.067,nan,nan,0,0,0,-0.067,nan,500,fresh
86377,0,0,0,0,0,0,7,0,0,4,19,1,7,0,nan,nan,nan,nan,1.167,nan,nan,1,1,1,1.167,nan,nan,nan,nan,nan,-0.067,nan,nan,0,0,0,-0.067,nan,500,fresh
87447,0,0,0,0,0,0,7,0,0,4,19,1,7,0,nan,nan,nan,nan,1.167,nan,nan,1,1,1,1.167,nan,nan,nan,nan,nan,-0.067,nan,nan,0,0,0,-0.067,nan,500,fresh
88516,0,0,0,0,0,0,6,0,0,4,19,1,7,0,nan,nan,nan,nan,1,nan,nan,1,1,1,1.167,nan,nan,nan,nan,nan,0,nan,nan,0,0,0,-0.067,nan,500,fresh
89586,0,0,0,0,0,0,7,0,0,4,19,1,7,0,nan,nan,nan,nan,1.167,nan,nan,1,1,1,1.167,nan,nan,nan,nan,nan,-0.067,nan,nan,0,0,0,-0.067,nan,500,fresh
90655,0,0,0,0,0,0,7,0,0,4,19,1,7,0,nan,nan,nan,nan,1.167,nan,nan,1,1,1,1.167,nan,nan,nan,nan,nan,-0.067,nan,nan,0,0,0,-0.067,nan,500,fresh
91723,0,0,0,0,0,0,7,0,0,4,19,1,7,0,nan,nan,nan,nan,1.167,nan,nan,1,1,1,1.167,nan,nan,nan,nan,nan,-0.067,nan,nan,0,0,0,-0.067,nan,500,fresh
92792,0,0,0,0,0,0,7,0,0,4,19,1,7,0,nan,nan,nan,nan,1.167,nan,nan,1,1,1,1.167,nan,nan,nan,nan,nan,-0.067,nan,nan,0,0,0,-0.067,nan,500,fresh
93862,0,0,0,0,0,0,6,0,0,4,19,1,7,0,nan,nan,nan,nan,1,nan,nan,1,1,1,1.167,nan,nan,nan,nan,nan,0,nan,nan,0,0,0,-0.067,nan,500,fresh
94931,0,0,0,0,0,0,7,0,0,4,19,1,7,0,nan,nan,nan,nan,1.167,nan,nan,1,1,1,1.167,nan,nan,nan,nan,nan,-0.067,nan,nan,0,0,0,-0.067,nan,500,fresh
96000,0,0,0,0,0,0,7,0,0,4,19,1,7,0,nan,nan,nan,nan,1.167,nan,nan,1,1,1,1.167,nan,nan,nan,nan,nan,-0.067,nan,nan,0,0,0,-0.067,nan,500,fresh
97069,0,0,0,0,0,0,7,0,0,4,19,1,7,0,nan,nan,nan,nan,1.167,nan,nan,1,1,1,1.167,nan,nan,nan,nan,nan,-0.067,nan,nan,0,0,0,-0.067,nan,500,fresh
98138,0,0,0,0,0,0,7,0,0,4,19,1,7,0,nan,nan,nan,nan,1.167,nan,nan,1,1,1,1.167,nan,nan,nan,nan,nan,-0.067,nan,nan,0,0,0,-0.067,nan,500,fresh
99207,0,0,0,0,0,0,7,0,0,4,19,1,7,0,nan,nan,nan,nan,1.167,nan,nan,1,1,1,1.167,nan,nan,nan,nan,nan,-0.067,nan,nan,0,0,0,-0.067,nan,500,fresh
100276,0,0,0,0,0,0,7,0,0,4,19,1,7,0,nan,nan,nan,nan,1.167,nan,nan,1,1,1,1.167,nan,nan,nan,nan,nan,-0.067,nan,nan,0,0,0,-0.067,nan,500,fresh
101346,0,0,0,0,0,0,7,0,0,4,19,1,7,0,nan,nan,nan,nan,1.167,nan,nan,1,1,1,1.167,nan,nan,nan,nan,nan,-0.067,nan,nan,0,0,0,-0.067,nan,500,fresh
102416,0,0,0,0,0,0,7,0,0,4,19,1,7,0,nan,nan,nan,nan,1.167,nan,nan,1,1,1,1.167,nan,nan,nan,nan,nan,-0.067,nan,nan,0,0,0,-0.067,nan,500,fresh
103485,0,0,0,0,0,0,7,0,0,3,19,1,7,0,nan,nan,nan,nan,1.167,nan,nan,0.75,1,1,1.167,nan,nan,nan,nan,nan,-0.067,nan,nan,0.125,0,0,-0.067,nan,500,fresh
104555,0,0,0,0,0,0,6,0,0,4,19,1,7,0,nan,nan,nan,nan,1,nan,nan,1,1,1,1.167,nan,nan,nan,nan,nan,0,nan,nan,0,0,0,-0.067,nan,500,fresh
105625,0,0,0,0,0,0,7,0,0,4,19,1,7,0,nan,nan,nan,nan,1.167,nan,nan,1,1,1,1.167,nan,nan,nan,nan,nan,-0.067,nan,nan,0,0,0,-0.067,nan,500,fresh
106694,0,0,0,0,0,0,7,0,0,4,19,1,7,0,nan,nan,nan,nan,1.167,nan,nan,1,1,1,1.167,nan,nan,nan,nan,nan,-0.067,nan,nan,0,0,0,-0.067,nan,500,fresh
107763,0,0,0,0,0,0,7,0,0,4,19,1,7,0,nan,nan,nan,nan,1.167,nan,nan,1,1,1,1.167,nan,nan,nan,nan,nan,-0.067,nan,nan,0,0,0,-0.067,nan,500,fresh
108833,0,0,0,0,0,0,7,0,0,4,19,1,7,0,nan,nan,nan,nan,1.167,nan,nan,1,1,1,1.167,nan,nan,nan,nan,nan,-0.067,nan,nan,0,0,0,-0.067,nan,500,fresh
109903,0,0,0,0,0,0,7,0,0,4,19,1,7,0,nan,nan,nan,nan,1.167,nan,nan,1,1,1,1.167,nan,nan,nan,nan,nan,-0.067,nan,nan,0,0,0,-0.067,nan,500,fresh
110971,0,0,0,0,0,0,7,0,0,4,19,1,7,0,nan,nan,nan,nan,1.167,nan,nan,1,1,1,1.167,nan,nan,nan,nan,nan,-0.067,nan,nan,0,0,0,-0.067,nan,500,fresh
112041,0,0,0,0,0,0,7,0,0,4,19,1,7,0,nan,nan,nan,nan,1.167,nan,nan,1,1,1,1.167,nan,nan,nan,nan,nan,-0.067,nan,nan,0,0,0,-0.067,nan,500,fresh
113111,0,0,0,0,0,0,7,0,0,4,19,1,7,0,nan,nan,nan,nan,1.167,nan,nan,1,1,1,1.167,nan,nan,nan,nan,nan,-0.067,nan,nan,0,0,0,-0.067,nan,500,fresh
114180,0,0,0,0,0,0,7,0,0,4,19,1,7,0,nan,nan,nan,nan,1.167,nan,nan,1,1,1,1.167,nan,nan,nan,nan,nan,-0.067,nan,nan,0,0,0,-0.067,nan,500,fresh
115250,0,0,0,0,0,0,7,0,0,4,19,1,7,0,nan,nan,nan,nan,1.167,nan,nan,1,1,1,1.167,nan,nan,nan,nan,nan,-0.067,nan,nan,0,0,0,-0.067,nan,500,fresh
116319,0,0,0,0,0,0,7,0,0,4,19,1,7,0,nan,nan,nan,nan,1.167,nan,nan,1,1,1,1.167,nan,nan,nan,nan,nan,-0.067,nan,nan,0,0,0,-0.067,nan,500,fresh
117388,0,0,0,0,0,0,7,0,0,4,19,1,7,0,nan,nan,nan,nan,1.167,nan,nan,1,1,1,1.167,nan,nan,nan,nan,nan,-0.067,nan,nan,0,0,0,-0.067,nan,500,fresh
118457,0,0,0,0,0,0,7,0,0,4,19,1,7,0,nan,nan,nan,nan,1.167,nan,nan,1,1,1,1.167,nan,nan,nan,nan,nan,-0.067,nan,nan,0,0,0,-0.067,nan,500,fresh
119526,0,0,0,0,0,0,7,0,0,4,19,1,7,0,nan,nan,nan,nan,1.167,nan,nan,1,1,1,1.167,nan,nan,nan,nan,nan,-0.067,nan,nan,0,0,0,-0.067,nan,500,fresh
120596,0,0,0,0,0,0,7,0,0,4,19,1,7,0,nan,nan,nan,nan,1.167,nan,nan,1,1,1,1.167,nan,nan,nan,nan,nan,-0.067,nan,nan,0,0,0,-0.067,nan,500,fresh
121664,0,0,0,0,0,0,7,0,0,4,19,1,7,0,nan,nan,nan,nan,1.167,nan,nan,1,1,1,1.167,nan,nan,nan,nan,nan,-0.067,nan,nan,0,0,0,-0.067,nan,500,fresh
122733,0,0,0,0,0,0,6,0,0,4,19,1,7,0,nan,nan,nan,nan,1,nan,nan,1,1,1,1.167,nan,nan,nan,nan,nan,0,nan,nan,0,0,0,-0.067,nan,500,fresh
123803,0,0,0,0,0,0,7,0,0,4,19,1,7,0,nan,nan,nan,nan,1.167,nan,nan,1,1,1,1.167,nan,nan,nan,nan,nan,-0.067,nan,nan,0,0,0,-0.067,nan,500,fresh
124872,0,0,0,0,0,0,7,0,0,4,19,1,7,0,nan,nan,nan,nan,1.167,nan,nan,1,1,1,1.167,nan,nan,nan,nan,nan,-0.067,nan,nan,0,0,0,-0.067,nan,500,fresh
125941,0,0,0,0,0,0,7,0,0,4,19,1,7,0,nan,nan,nan,nan,1.167,nan,nan,1,1,1,1.167,nan,nan,nan,nan,nan,-0.067,nan,nan,0,0,0,-0.067,nan,500,fresh
127011,0,0,0,0,0,0,7,0,0,4,19,1,7,0,nan,nan,nan,nan,1.167,nan,nan,1,1,1,1.167,nan,nan,nan,nan,nan,-0.067,nan,nan,0,0,0,-0.067,nan,500,fresh
128081,0,0,0,0,0,0,7,0,0,4,19,1,7,0,nan,nan,nan,nan,1.167,nan,nan,1,1,1,1.167,nan,nan,nan,nan,nan,-0.067,nan,nan,0,0,0,-0.067,nan,500,fresh
129149,0,0,0,0,0,0,7,0,0,4,19,1,7,0,nan,nan,nan,nan,1.167,nan,nan,1,1,1,1.167,nan,nan,nan,nan,nan,-0.067,nan,nan,0,0,0,-0.067,nan,500,fresh
130219,0,0,0,0,0,0,7,0,0,4,19,1,7,0,nan,nan,nan,nan,1.167,nan,nan,1,1,1,1.167,nan,nan,nan,nan,nan,-0.067,nan,nan,0,0,0,-0.067,nan,500,fresh
131289,0,0,0,0,0,0,7,0,0,4,19,1,7,0,nan,nan,nan,nan,1.167,nan,nan,1,1,1,1.167,nan,nan,nan,nan,nan,-0.067,nan,nan,0,0,0,-0.067,nan,500,fresh
132359,0,0,0,0,0,0,7,0,0,4,19,1,6,0,nan,nan,nan,nan,1.167,nan,nan,1,1,1,1,nan,nan,nan,nan,nan,-0.067,nan,nan,0,0,0,0,nan,500,fresh
133429,0,0,0,0,0,0,7,0,0,4,19,1,7,0,nan,nan,nan,nan,1.167,nan,nan,1,1,1,1.167,nan,nan,nan,nan,nan,-0.067,nan,nan,0,0,0,-0.067,nan,500,fresh
134497,0,0,0,0,0,0,7,0,0,4,19,1,7,0,nan,nan,nan,nan,1.167,nan,nan,1,1,1,1.167,nan,nan,nan,nan,nan,-0.067,nan,nan,0,0,0,-0.067,nan,500,fresh
135567,0,0,0,0,0,0,7,0,0,4,19,1,7,0,nan,nan,nan,nan,1.167,nan,nan,1,1,1,1.167,nan,nan,nan,nan,nan,-0.067,nan,nan,0,0,0,-0.067,nan,500,fresh
136637,0,0,0,0,0,0,7,0,0,4,19,1,7,0,nan,nan,nan,nan,1.167,nan,nan,1,1,1,1.167,nan,nan,nan,nan,nan,-0.067,nan,nan,0,0,0,-0.067,nan,500,fresh
137707,0,0,0,0,0,0,7,0,0,4,19,1,7,0,nan,nan,nan,nan,1.167,nan,nan,1,1,1,1.167,nan,nan,nan,nan,nan,-0.067,nan,nan,0,0,0,-0.067,nan,500,fresh
138776,0,0,0,0,0,0,7,0,0,4,19,1,7,0,nan,nan,nan,nan,1.167,nan,nan,1,1,1,1.167,nan,nan,nan,nan,nan,-0.067,nan,nan,0,0,0,-0.067,nan,500,fresh
139845,0,0,0,0,0,0,7,0,0,4,19,1,7,0,nan,nan,nan,nan,1.167,nan,nan,1,1,1,1.167,nan,nan,nan,nan,nan,-0.067,nan,nan,0,0,0,-0.067,nan,500,fresh
140915,0,0,0,0,0,0,7,0,0,4,19,1,7,0,nan,nan,nan,nan,1.167,nan,nan,1,1,1,1.167,nan,nan,nan,nan,nan,-0.067,nan,nan,0,0,0,-0.067,nan,500,fresh
141984,0,0,0,0,0,0,7,0,0,4,19,1,7,0,nan,nan,nan,nan,1.167,nan,nan,1,1,1,1.167,nan,nan,nan,nan,nan,-0.067,nan,nan,0,0,0,-0.067,nan,500,fresh
143054,0,0,0,0,0,0,7,0,0,4,19,1,7,0,nan,nan,nan,nan,1.167,nan,nan,1,1,1,1.167,nan,nan,nan,nan,nan,-0.067,nan,nan,0,0,0,-0.067,nan,500,fresh
144124,0,0,0,0,0,0,7,0,0,4,19,1,7,0,nan,nan,nan,nan,1.167,nan,nan,1,1,1,1.167,nan,nan,nan,nan,nan,-0.067,nan,nan,0,0,0,-0.067,nan,500,fresh
145194,0,0,0,0,0,0,7,0,0,4,19,1,7,0,nan,nan,nan,nan,1.167,nan,nan,1,1,1,1.167,nan,nan,nan,nan,nan,-0.067,nan,nan,0,0,0,-0.067,nan,500,fresh
146264,0,0,0,0,0,0,7,0,0,4,19,1,7,0,nan,nan,nan,nan,1.167,nan,nan,1,1,1,1.167,nan,nan,nan,nan,nan,-0.067,nan,nan,0,0,0,-0.067,nan,500,fresh
147332,0,0,0,0,0,0,7,0,0,4,19,1,7,0,nan,nan,nan,nan,1.167,nan,nan,1,1,1,1.167,nan,nan,nan,nan,nan,-0.067,nan,nan,0,0,0,-0.067,nan,500,fresh
148402,0,0,0,0,0,0,7,0,0,4,19,1,7,0,nan,nan,nan,nan,1.167,nan,nan,1,1,1,1.167,nan,nan,nan,nan,nan,-0.067,nan,nan,0,0,0,-0.067,nan,500,fresh
149471,0,0,0,0,0,0,7,0,0,4,19,1,7,0,nan,nan,nan,nan,1.167,nan,nan,1,1,1,1.167,nan,nan,nan,nan,nan,-0.067,nan,nan,0,0,0,-0.067,nan,500,fresh
150541,0,0,0,0,0,0,7,0,0,4,19,1,7,0,nan,nan,nan,nan,1.167,nan,nan,1,1,1,1.167,nan,nan,nan,nan,nan,-0.067,nan,nan,0,0,0,-0.067,nan,500,fresh
151611,0,0,0,0,0,0,7,0,0,4,19,1,7,0,nan,nan,nan,nan,1.167,nan,nan,1,1,1,1.167,nan,nan,nan,nan,nan,-0.067,nan,nan,0,0,0,-0.067,nan,500,fresh
152680,0,0,0,0,0,0,7,0,0,4,19,1,7,0,nan,nan,nan,nan,1.167,nan,nan,1,1,1,1.167,nan,nan,nan,nan,nan,-0.067,nan,nan,0,0,0,-0.067,nan,500,fresh
153750,0,0,0,0,0,0,7,0,0,4,19,1,7,0,nan,nan,nan,nan,1.167,nan,nan,1,1,1,1.167,nan,nan,nan,nan,nan,-0.067,nan,nan,0,0,0,-0.067,nan,500,fresh
154820,0,0,0,0,0,0,7,0,0,4,19,1,7,0,nan,nan,nan,nan,1.167,nan,nan,1,1,1,1.167,nan,nan,nan,nan,nan,-0.067,nan,nan,0,0,0,-0.067,nan,500,fresh
155890,0,0,0,0,0,0,7,0,0,4,19,1,7,0,nan,nan,nan,nan,1.167,nan,nan,1,1,1,1.167,nan,nan,nan,nan,nan,-0.067,nan,nan,0,0,0,-0.067,nan,500,fresh
156960,0,0,0,0,0,0,7,0,0,4,19,1,7,0,nan,nan,nan,nan,1.167,nan,nan,1,1,1,1.167,nan,nan,nan,nan,nan,-0.067,nan,nan,0,0,0,-0.067,nan,500,fresh
158030,0,0,0,0,0,0,7,0,0,4,19,1,7,0,nan,nan,nan,nan,1.167,nan,nan,1,1,1,1.167,nan,nan,nan,nan,nan,-0.067,nan,nan,0,0,0,-0.067,nan,500,fresh
159100,0,0,0,0,0,0,7,0,0,4,19,1,6,0,nan,nan,nan,nan,1.167,nan,nan,1,1,1,1,nan,nan,nan,nan,nan,-0.067,nan,nan,0,0,0,0,nan,500,fresh
160168,0,0,0,0,0,0,7,0,0,4,19,1,7,0,nan,nan,nan,nan,1.167,nan,nan,1,1,1,1.167,nan,nan,nan,nan,nan,-0.067,nan,nan,0,0,0,-0.067,nan,500,fresh
161237,0,0,0,0,0,0,7,0,0,4,19,1,7,0,nan,nan,nan,nan,1.167,nan,nan,1,1,1,1.167,nan,nan,nan,nan,nan,-0.067,nan,nan,0,0,0,-0.067,nan,500,fresh
162306,0,0,0,0,0,0,7,0,0,4,19,1,7,0,nan,nan,nan,nan,1.167,nan,nan,1,1,1,1.167,nan,nan,nan,nan,nan,-0.067,nan,nan,0,0,0,-0.067,nan,500,fresh
163376,0,0,0,0,0,0,7,0,0,4,19,1,7,0,nan,nan,nan,nan,1.167,nan,nan,1,1,1,1.167,nan,nan,nan,nan,nan,-0.067,nan,nan,0,0,0,-0.067,nan,500,fresh
164444,0,0,0,0,0,0,7,0,0,4,19,1,7,0,nan,nan,nan,nan,1.167,nan,nan,1,1,1,1.167,nan,nan,nan,nan,nan,-0.067,nan,nan,0,0,0,-0.067,nan,500,fresh
165513,0,0,0,0,0,0,7,0,0,4,19,1,7,0,nan,nan,nan,nan,1.167,nan,nan,1,1,1,1.167,nan,nan,nan,nan,nan,-0.067,nan,nan,0,0,0,-0.067,nan,500,fresh
166583,0,0,0,0,0,0,7,0,0,4,19,1,7,0,nan,nan,nan,nan,1.167,nan,nan,1,1,1,1.167,nan,nan,nan,nan,nan,-0.067,nan,nan,0,0,0,-0.067,nan,500,fresh
167652,0,0,0,0,0,0,7,0,0,4,19,1,7,0,nan,nan,nan,nan,1.167,nan,nan,1,1,1,1.167,nan,nan,nan,nan,nan,-0.067,nan,nan,0,0,0,-0.067,nan,500,fresh
168722,0,0,0,0,0,0,7,0,0,4,19,1,7,0,nan,nan,nan,nan,1.167,nan,nan,1,1,1,1.167,nan,nan,nan,nan,nan,-0.067,nan,nan,0,0,0,-0.067,nan,500,fresh
169792,0,0,0,0,0,0,7,0,0,4,19,1,7,0,nan,nan,nan,nan,1.167,nan,nan,1,1,1,1.167,nan,nan,nan,nan,nan,-0.067,nan,nan,0,0,0,-0.067,nan,500,fresh
170862,0,0,0,0,0,0,7,0,0,4,19,1,7,0,nan,nan,nan,nan,1.167,nan,nan,1,1,1,1.167,nan,nan,nan,nan,nan,-0.067,nan,nan,0,0,0,-0.067,nan,500,fresh
171932,0,0,0,0,0,0,6,0,0,4,19,1,7,0,nan,nan,nan,nan,1,nan,nan,1,1,1,1.167,nan,nan,nan,nan,nan,0,nan,nan,0,0,0,-0.067,nan,500,fresh
173002,0,0,0,0,0,0,7,0,0,4,19,1,7,0,nan,nan,nan,nan,1.167,nan,nan,1,1,1,1.167,nan,nan,nan,nan,nan,-0.067,nan,nan,0,0,0,-0.067,nan,500,fresh
174072,0,0,0,0,0,0,7,0,0,4,19,1,7,0,nan,nan,nan,nan,1.167,nan,nan,1,1,1,1.167,nan,nan,nan,nan,nan,-0.067,nan,nan,0,0,0,-0.067,nan,500,fresh
175140,0,0,0,0,0,0,6,0,0,4,19,1,7,0,nan,nan,nan,nan,1,nan,nan,1,1,1,1.167,nan,nan,nan,nan,nan,0,nan,nan,0,0,0,-0.067,nan,500,fresh
176210,0,0,0,0,0,0,7,0,0,4,19,1,7,0,nan,nan,nan,nan,1.167,nan,nan,1,1,1,1.167,nan,nan,nan,nan,nan,-0.067,nan,nan,0,0,0,-0.067,nan,500,fresh
177280,0,0,0,0,0,0,7,0,0,4,19,1,7,0,nan,nan,nan,nan,1.167,nan,nan,1,1,1,1.167,nan,nan,nan,nan,nan,-0.067,nan,nan,0,0,0,-0.067,nan,500,fresh
178350,0,0,0,0,0,0,6,0,0,4,19,1,7,0,nan,nan,nan,nan,1,nan,nan,1,1,1,1.167,nan,nan,nan,nan,nan,0,nan,nan,0,0,0,-0.067,nan,500,fresh
179419,0,0,0,0,0,0,7,0,0,4,19,1,7,0,nan,nan,nan,nan,1.167,nan,nan,1,1,1,1.167,nan,nan,nan,nan,nan,-0.067,nan,nan,0,0,0,-0.067,nan,500,fresh
180488,0,0,0,0,0,0,7,0,0,4,19,1,7,0,nan,nan,nan,nan,1.167,nan,nan,1,1,1,1.167,nan,nan,nan,nan,nan,-0.067,nan,nan,0,0,0,-0.067,nan,500,fresh
181557,0,0,0,0,0,0,7,0,0,4,19,1,7,0,nan,nan,nan,nan,1.167,nan,nan,1,1,1,1.167,nan,nan,nan,nan,nan,-0.067,nan,nan,0,0,0,-0.067,nan,500,fresh
182627,0,0,0,0,0,0,7,0,0,4,19,1,7,0,nan,nan,nan,nan,1.167,nan,nan,1,1,1,1.167,nan,nan,nan,nan,nan,-0.067,nan,nan,0,0,0,-0.067,nan,500,fresh
183697,0,0,0,0,0,0,7,0,0,4,19,1,7,0,nan,nan,nan,nan,1.167,nan,nan,1,1,1,1.167,nan,nan,nan,nan,nan,-0.067,nan,nan,0,0,0,-0.067,nan,500,fresh
184766,0,0,0,0,0,0,7,0,0,4,19,1,7,0,nan,nan,nan,nan,1.167,nan,nan,1,1,1,1.167,nan,nan,nan,nan,nan,-0.067,nan,nan,0,0,0,-0.067,nan,500,fresh
185836,0,0,0,0,0,0,7,0,0,4,19,1,7,0,nan,nan,nan,nan,1.167,nan,nan,1,1,1,1.167,nan,nan,nan,nan,nan,-0.067,nan,nan,0,0,0,-0.067,nan,500,fresh
186906,0,0,0,0,0,0,7,0,0,4,19,1,7,0,nan,nan,nan,nan,1.167,nan,nan,1,1,1,1.167,nan,nan,nan,nan,nan,-0.067,nan,nan,0,0,0,-0.067,nan,500,fresh
187976,0,0,0,0,0,0,7,0,0,4,19,1,6,0,nan,nan,nan,nan,1.167,nan,nan,1,1,1,1,nan,nan,nan,nan,nan,-0.067,nan,nan,0,0,0,0,nan,500,fresh
189046,0,0,0,0,0,0,7,0,0,4,19,1,6,0,nan,nan,nan,nan,1.167,nan,nan,1,1,1,1,nan,nan,nan,nan,nan,-0.067,nan,nan,0,0,0,0,nan,500,fresh
190115,0,0,0,0,0,0,6,0,0,4,19,1,7,0,nan,nan,nan,nan,1,nan,nan,1,1,1,1.167,nan,nan,nan,nan,nan,0,nan,nan,0,0,0,-0.067,nan,500,fresh
191185,0,0,0,0,0,0,7,0,0,4,19,1,6,0,nan,nan,nan,nan,1.167,nan,nan,1,1,1,1,nan,nan,nan,nan,nan,-0.067,nan,nan,0,0,0,0,nan,500,fresh
192255,0,0,0,0,0,0,7,0,0,4,19,1,7,0,nan,nan,nan,nan,1.167,nan,nan,1,1,1,1.167,nan,nan,nan,nan,nan,-0.067,nan,nan,0,0,0,-0.067,nan,500,fresh
193324,0,0,0,0,0,0,7,0,0,4,19,1,7,0,nan,nan,nan,nan,1.167,nan,nan,1,1,1,1.167,nan,nan,nan,nan,nan,-0.067,nan,nan,0,0,0,-0.067,nan,500,fresh
194394,0,0,0,0,0,0,7,0,0,4,19,1,7,0,nan,nan,nan,nan,1.167,nan,nan,1,1,1,1.167,nan,nan,nan,nan,nan,-0.067,nan,nan,0,0,0,-0.067,nan,500,fresh
195464,0,0,0,0,0,0,7,0,0,4,19,1,7,0,nan,nan,nan,nan,1.167,nan,nan,1,1,1,1.167,nan,nan,nan,nan,nan,-0.067,nan,nan,0,0,0,-0.067,nan,500,fresh
196534,0,0,0,0,0,0,7,0,0,4,19,1,7,0,nan,nan,nan,nan,1.167,nan,nan,1,1,1,1.167,nan,nan,nan,nan,nan,-0.067,nan,nan,0,0,0,-0.067,nan,500,fresh
197604,0,0,0,0,0,0,7,0,0,4,19,1,7,0,nan,nan,nan,nan,1.167,nan,nan,1,1,1,1.167,nan,nan,nan,nan,nan,-0.067,nan,nan,0,0,0,-0.067,nan,500,fresh
198673,0,0,0,0,0,0,7,0,0,4,19,1,7,0,nan,nan,nan,nan,1.167,nan,nan,1,1,1,1.167,nan,nan,nan,nan,nan,-0.067,nan,nan,0,0,0,-0.067,nan,500,fresh
199741,0,0,0,0,0,0,6,0,0,4,19,1,7,0,nan,nan,nan,nan,1,nan,nan,1,1,1,1.167,nan,nan,nan,nan,nan,0,nan,nan,0,0,0,-0.067,nan,500,fresh
200810,0,0,0,0,0,0,7,0,0,4,19,1,7,0,nan,nan,nan,nan,1.167,nan,nan,1,1,1,1.167,nan,nan,nan,nan,nan,-0.067,nan,nan,0,0,0,-0.067,nan,500,fresh
201880,0,0,0,0,0,0,7,0,0,4,19,1,7,0,nan,nan,nan,nan,1.167,nan,nan,1,1,1,1.167,nan,nan,nan,nan,nan,-0.067,nan,nan,0,0,0,-0.067,nan,500,fresh
202950,0,0,0,0,0,0,7,0,0,4,19,1,7,0,nan,nan,nan,nan,1.167,nan,nan,1,1,1,1.167,nan,nan,nan,nan,nan,-0.067,nan,nan,0,0,0,-0.067,nan,500,fresh
204019,0,0,0,0,0,0,7,0,0,4,19,1,7,0,nan,nan,nan,nan,1.167,nan,nan,1,1,1,1.167,nan,nan,nan,nan,nan,-0.067,nan,nan,0,0,0,-0.067,nan,500,fresh
205089,0,0,0,0,0,0,7,0,0,4,19,1,6,0,nan,nan,nan,nan,1.167,nan,nan,1,1,1,1,nan,nan,nan,nan,nan,-0.067,nan,nan,0,0,0,0,nan,500,fresh
206159,0,0,0,0,0,0,7,0,0,4,19,1,7,0,nan,nan,nan,nan,1.167,nan,nan,1,1,1,1.167,nan,nan,nan,nan,nan,-0.067,nan,nan,0,0,0,-0.067,nan,500,fresh
207228,0,0,0,0,0,0,7,0,0,4,19,1,7,0,nan,nan,nan,nan,1.167,nan,nan,1,1,1,1.167,nan,nan,nan,nan,nan,-0.067,nan,nan,0,0,0,-0.067,nan,500,fresh
208298,0,0,0,0,0,0,7,0,0,4,19,1,6,0,nan,nan,nan,nan,1.167,nan,nan,1,1,1,1,nan,nan,nan,nan,nan,-0.067,nan,nan,0,0,0,0,nan,500,fresh
209368,0,0,0,0,0,0,7,0,0,4,19,1,7,0,nan,nan,nan,nan,1.167,nan,nan,1,1,1,1.167,nan,nan,nan,nan,nan,-0.067,nan,nan,0,0,0,-0.067,nan,500,fresh
210437,0,0,0,0,0,0,7,0,0,4,19,1,7,0,nan,nan,nan,nan,1.167,nan,nan,1,1,1,1.167,nan,nan,nan,nan,nan,-0.067,nan,nan,0,0,0,-0.067,nan,500,fresh
211507,0,0,0,0,0,0,6,0,0,4,19,1,7,0,nan,nan,nan,nan,1,nan,nan,1,1,1,1.167,nan,nan,nan,nan,nan,0,nan,nan,0,0,0,-0.067,nan,500,fresh
212576,0,0,0,0,0,0,6,0,0,4,19,1,7,0,nan,nan,nan,nan,1,nan,nan,1,1,1,1.167,nan,nan,nan,nan,nan,0,nan,nan,0,0,0,-0.067,nan,500,fresh
213644,0,0,0,0,0,0,7,0,0,4,19,1,6,0,nan,nan,nan,nan,1.167,nan,nan,1,1,1,1,nan,nan,nan,nan,nan,-0.067,nan,nan,0,0,0,0,nan,500,fresh
214713,0,0,0,0,0,0,7,0,0,4,19,1,7,0,nan,nan,nan,nan,1.167,nan,nan,1,1,1,1.167,nan,nan,nan,nan,nan,-0.067,nan,nan,0,0,0,-0.067,nan,500,fresh
215783,0,0,0,0,0,0,7,0,0,4,19,1,7,0,nan,nan,nan,nan,1.167,nan,nan,1,1,1,1.167,nan,nan,nan,nan,nan,-0.067,nan,nan,0,0,0,-0.067,nan,500,fresh
216853,0,0,0,0,0,0,7,0,0,4,19,1,7,0,nan,nan,nan,nan,1.167,nan,nan,1,1,1,1.167,nan,nan,nan,nan,nan,-0.067,nan,nan,0,0,0,-0.067,nan,500,fresh
217921,0,0,0,0,0,0,7,0,0,4,19,1,6,0,nan,nan,nan,nan,1.167,nan,nan,1,1,1,1,nan,nan,nan,nan,nan,-0.067,nan,nan,0,0,0,0,nan,500,fresh
218990,0,0,0,0,0,0,7,0,0,4,19,1,7,0,nan,nan,nan,nan,1.167,nan,nan,1,1,1,1.167,nan,nan,nan,nan,nan,-0.067,nan,nan,0,0,0,-0.067,nan,500,fresh
220060,0,0,0,0,0,0,6,0,0,4,19,1,7,0,nan,nan,nan,nan,1,nan,nan,1,1,1,1.167,nan,nan,nan,nan,nan,0,nan,nan,0,0,0,-0.067,nan,500,fresh
221130,0,0,0,0,0,0,7,0,0,4,19,1,7,0,nan,nan,nan,nan,1.167,nan,nan,1,1,1,1.167,nan,nan,nan,nan,nan,-0.067,nan,nan,0,0,0,-0.067,nan,500,fresh
222198,0,0,0,0,0,0,7,0,0,4,19,1,7,0,nan,nan,nan,nan,1.167,nan,nan,1,1,1,1.167,nan,nan,nan,nan,nan,-0.067,nan,nan,0,0,0,-0.067,nan,500,fresh
223267,0,0,0,0,0,0,7,0,0,4,19,1,7,0,nan,nan,nan,nan,1.167,nan,nan,1,1,1,1.167,nan,nan,nan,nan,nan,-0.067,nan,nan,0,0,0,-0.067,nan,500,fresh
224337,0,0,0,0,0,0,6,0,0,4,19,1,7,0,nan,nan,nan,nan,1,nan,nan,1,1,1,1.167,nan,nan,nan,nan,nan,0,nan,nan,0,0,0,-0.067,nan,500,fresh
225406,0,0,0,0,0,0,6,0,0,4,19,1,7,0,nan,nan,nan,nan,1,nan,nan,1,1,1,1.167,nan,nan,nan,nan,nan,0,nan,nan,0,0,0,-0.067,nan,500,fresh
226475,0,0,0,0,0,0,7,0,0,4,19,1,7,0,nan,nan,nan,nan,1.167,nan,nan,1,1,1,1.167,nan,nan,nan,nan,nan,-0.067,nan,nan,0,0,0,-0.067,nan,500,fresh
227544,0,0,0,0,0,0,6,0,0,4,19,1,7,0,nan,nan,nan,nan,1,nan,nan,1,1,1,1.167,nan,nan,nan,nan,nan,0,nan,nan,0,0,0,-0.067,nan,500,fresh
228614,0,0,0,0,0,0,7,0,0,4,19,1,7,0,nan,nan,nan,nan,1.167,nan,nan,1,1,1,1.167,nan,nan,nan,nan,nan,-0.067,nan,nan,0,0,0,-0.067,nan,500,fresh
229683,0,0,0,0,0,0,7,0,0,3,19,1,7,0,nan,nan,nan,nan,1.167,nan,nan,0.75,1,1,1.167,nan,nan,nan,nan,nan,-0.067,nan,nan,0.125,0,0,-0.067,nan,500,fresh
230752,0,0,0,0,0,0,6,0,0,4,19,1,6,0,nan,nan,nan,nan,1,nan,nan,1,1,1,1,nan,nan,nan,nan,nan,0,nan,nan,0,0,0,0,nan,500,fresh
231822,0,0,0,0,0,0,7,0,0,4,19,1,7,0,nan,nan,nan,nan,1.167,nan,nan,1,1,1,1.167,nan,nan,nan,nan,nan,-0.067,nan,nan,0,0,0,-0.067,nan,500,fresh
232892,0,0,0,0,0,0,7,0,0,4,19,1,7,0,nan,nan,nan,nan,1.167,nan,nan,1,1,1,1.167,nan,nan,nan,nan,nan,-0.067,nan,nan,0,0,0,-0.067,nan,500,fresh
233962,0,0,0,0,0,0,6,0,0,4,19,1,7,0,nan,nan,nan,nan,1,nan,nan,1,1,1,1.167,nan,nan,nan,nan,nan,0,nan,nan,0,0,0,-0.067,nan,500,fresh
235031,0,0,0,0,0,0,6,0,0,4,19,1,7,0,nan,nan,nan,nan,1,nan,nan,1,1,1,1.167,nan,nan,nan,nan,nan,0,nan,nan,0,0,0,-0.067,nan,500,fresh
236100,0,0,0,0,0,0,7,0,0,4,19,1,6,0,nan,nan,nan,nan,1.167,nan,nan,1,1,1,1,nan,nan,nan,nan,nan,-0.067,nan,nan,0,0,0,0,nan,500,fresh
237170,0,0,0,0,0,0,7,0,0,4,19,1,7,0,nan,nan,nan,nan,1.167,nan,nan,1,1,1,1.167,nan,nan,nan,nan,nan,-0.067,nan,nan,0,0,0,-0.067,nan,500,fresh
238240,0,0,0,0,0,0,7,0,0,4,19,1,7,0,nan,nan,nan,nan,1.167,nan,nan,1,1,1,1.167,nan,nan,nan,nan,nan,-0.067,nan,nan,0,0,0,-0.067,nan,500,fresh
239309,0,0,0,0,0,0,7,0,0,4,19,1,6,0,nan,nan,nan,nan,1.167,nan,nan,1,1,1,1,nan,nan,nan,nan,nan,-0.067,nan,nan,0,0,0,0,nan,500,fresh
240379,0,0,0,0,0,0,7,0,0,4,19,1,7,0,nan,nan,nan,nan,1.167,nan,nan,1,1,1,1.167,nan,nan,nan,nan,nan,-0.067,nan,nan,0,0,0,-0.067,nan,500,fresh
241449,0,0,0,0,0,0,7,0,0,4,19,1,6,0,nan,nan,nan,nan,1.167,nan,nan,1,1,1,1,nan,nan,nan,nan,nan,-0.067,nan,nan,0,0,0,0,nan,500,fresh
242519,0,0,0,0,0,0,7,0,0,4,19,1,7,0,nan,nan,nan,nan,1.167,nan,nan,1,1,1,1.167,nan,nan,nan,nan,nan,-0.067,nan,nan,0,0,0,-0.067,nan,500,fresh
243588,0,0,0,0,0,0,7,0,0,4,19,1,6,0,nan,nan,nan,nan,1.167,nan,nan,1,1,1,1,nan,nan,nan,nan,nan,-0.067,nan,nan,0,0,0,0,nan,500,fresh
244657,0,0,0,0,0,0,7,0,0,4,19,1,7,0,nan,nan,nan,nan,1.167,nan,nan,1,1,1,1.167,nan,nan,nan,nan,nan,-0.067,nan,nan,0,0,0,-0.067,nan,500,fresh
245727,0,0,0,0,0,0,7,0,0,4,19,1,7,0,nan,nan,nan,nan,1.167,nan,nan,1,1,1,1.167,nan,nan,nan,nan,nan,-0.067,nan,nan,0,0,0,-0.067,nan,500,fresh
246795,0,0,0,0,0,0,7,0,0,4,19,1,7,0,nan,nan,nan,nan,1.167,nan,nan,1,1,1,1.167,nan,nan,nan,nan,nan,-0.067,nan,nan,0,0,0,-0.067,nan,500,fresh
247864,0,0,0,0,0,0,7,0,0,4,19,1,7,0,nan,nan,nan,nan,1.167,nan,nan,1,1,1,1.167,nan,nan,nan,nan,nan,-0.067,nan,nan,0,0,0,-0.067,nan,500,fresh
248934,0,0,0,0,0,0,7,0,0,4,19,1,7,0,nan,nan,nan,nan,1.167,nan,nan,1,1,1,1.167,nan,nan,nan,nan,nan,-0.067,nan,nan,0,0,0,-0.067,nan,500,fresh
250004,0,0,0,0,0,0,6,0,0,4,19,1,7,0,nan,nan,nan,nan,1,nan,nan,1,1,1,1.167,nan,nan,nan,nan,nan,0,nan,nan,0,0,0,-0.067,nan,500,fresh
251073,0,0,0,0,0,0,7,0,0,4,19,1,7,0,nan,nan,nan,nan,1.167,nan,nan,1,1,1,1.167,nan,nan,nan,nan,nan,-0.067,nan,nan,0,0,0,-0.067,nan,500,fresh
252142,0,0,0,0,0,0,7,0,0,4,19,1,7,0,nan,nan,nan,nan,1.167,nan,nan,1,1,1,1.167,nan,nan,nan,nan,nan,-0.067,nan,nan,0,0,0,-0.067,nan,500,fresh
253212,0,0,0,0,0,0,7,0,0,4,19,1,7,0,nan,nan,nan,nan,1.167,nan,nan,1,1,1,1.167,nan,nan,nan,nan,nan,-0.067,nan,nan,0,0,0,-0.067,nan,500,fresh
254280,0,0,0,0,0,0,7,0,0,4,19,1,6,0,nan,nan,nan,nan,1.167,nan,nan,1,1,1,1,nan,nan,nan,nan,nan,-0.067,nan,nan,0,0,0,0,nan,500,fresh
255350,0,0,0,0,0,0,7,0,0,4,19,1,7,0,nan,nan,nan,nan,1.167,nan,nan,1,1,1,1.167,nan,nan,nan,nan,nan,-0.067,nan,nan,0,0,0,-0.067,nan,500,fresh
256419,0,0,0,0,0,0,7,0,0,4,19,1,7,0,nan,nan,nan,nan,1.167,nan,nan,1,1,1,1.167,nan,nan,nan,nan,nan,-0.067,nan,nan,0,0,0,-0.067,nan,500,fresh
257489,0,0,0,0,0,0,7,0,0,4,19,1,7,0,nan,nan,nan,nan,1.167,nan,nan,1,1,1,1.167,nan,nan,nan,nan,nan,-0.067,nan,nan,0,0,0,-0.067,nan,500,fresh
258559,0,0,0,0,0,0,7,0,0,4,19,1,7,0,nan,nan,nan,nan,1.167,nan,nan,1,1,1,1.167,nan,nan,nan,nan,nan,-0.067,nan,nan,0,0,0,-0.067,nan,500,fresh
259627,0,0,0,0,0,0,7,0,0,4,19,1,7,0,nan,nan,nan,nan,1.167,nan,nan,1,1,1,1.167,nan,nan,nan,nan,nan,-0.067,nan,nan,0,0,0,-0.067,nan,500,fresh
260695,0,0,0,0,0,0,7,0,0,4,19,1,7,0,nan,nan,nan,nan,1.167,nan,nan,1,1,1,1.167,nan,nan,nan,nan,nan,-0.067,nan,nan,0,0,0,-0.067,nan,500,fresh
261765,0,0,0,0,0,0,7,0,0,4,19,1,7,0,nan,nan,nan,nan,1.167,nan,nan,1,1,1,1.167,nan,nan,nan,nan,nan,-0.067,nan,nan,0,0,0,-0.067,nan,500,fresh
262834,0,0,0,0,0,0,7,0,0,4,19,1,7,0,nan,nan,nan,nan,1.167,nan,nan,1,1,1,1.167,nan,nan,nan,nan,nan,-0.067,nan,nan,0,0,0,-0.067,nan,500,fresh
263904,0,0,0,0,0,0,7,0,0,4,19,1,7,0,nan,nan,nan,nan,1.167,nan,nan,1,1,1,1.167,nan,nan,nan,nan,nan,-0.067,nan,nan,0,0,0,-0.067,nan,500,fresh
264974,0,0,0,0,0,0,6,0,0,4,19,1,6,0,nan,nan,nan,nan,1,nan,nan,1,1,1,1,nan,nan,nan,nan,nan,0,nan,nan,0,0,0,0,nan,500,fresh
266042,0,0,0,0,0,0,7,0,0,4,19,1,7,0,nan,nan,nan,nan,1.167,nan,nan,1,1,1,1.167,nan,nan,nan,nan,nan,-0.067,nan,nan,0,0,0,-0.067,nan,500,fresh
267111,0,0,0,0,0,0,7,0,0,4,19,1,7,0,nan,nan,nan,nan,1.167,nan,nan,1,1,1,1.167,nan,nan,nan,nan,nan,-0.067,nan,nan,0,0,0,-0.067,nan,500,fresh
268181,0,0,0,0,0,0,7,0,0,4,19,1,7,0,nan,nan,nan,nan,1.167,nan,nan,1,1,1,1.167,nan,nan,nan,nan,nan,-0.067,nan,nan,0,0,0,-0.067,nan,500,fresh
269251,0,0,0,0,0,0,7,0,0,4,19,1,7,0,nan,nan,nan,nan,1.167,nan,nan,1,1,1,1.167,nan,nan,nan,nan,nan,-0.067,nan,nan,0,0,0,-0.067,nan,500,fresh
270321,0,0,0,0,0,0,6,0,0,4,19,1,7,0,nan,nan,nan,nan,1,nan,nan,1,1,1,1.167,nan,nan,nan,nan,nan,0,nan,nan,0,0,0,-0.067,nan,500,fresh
271390,0,0,0,0,0,0,7,0,0,4,19,1,7,0,nan,nan,nan,nan,1.167,nan,nan,1,1,1,1.167,nan,nan,nan,nan,nan,-0.067,nan,nan,0,0,0,-0.067,nan,500,fresh
272459,0,0,0,0,0,0,7,0,0,4,19,1,6,0,nan,nan,nan,nan,1.167,nan,nan,1,1,1,1,nan,nan,nan,nan,nan,-0.067,nan,nan,0,0,0,0,nan,500,fresh
273528,0,0,0,0,0,0,7,0,0,4,19,1,6,0,nan,nan,nan,nan,1.167,nan,nan,1,1,1,1,nan,nan,nan,nan,nan,-0.067,nan,nan,0,0,0,0,nan,500,fresh
274597,0,0,0,0,0,0,7,0,0,4,19,1,7,0,nan,nan,nan,nan,1.167,nan,nan,1,1,1,1.167,nan,nan,nan,nan,nan,-0.067,nan,nan,0,0,0,-0.067,nan,500,fresh
275667,0,0,0,0,0,0,7,0,0,4,19,1,7,0,nan,nan,nan,nan,1.167,nan,nan,1,1,1,1.167,nan,nan,nan,nan,nan,-0.067,nan,nan,0,0,0,-0.067,nan,500,fresh
276737,0,0,0,0,0,0,6,0,0,4,19,1,7,0,nan,nan,nan,nan,1,nan,nan,1,1,1,1.167,nan,nan,nan,nan,nan,0,nan,nan,0,0,0,-0.067,nan,500,fresh
277806,0,0,0,0,0,0,7,0,0,4,19,1,7,0,nan,nan,nan,nan,1.167,nan,nan,1,1,1,1.167,nan,nan,nan,nan,nan,-0.067,nan,nan,0,0,0,-0.067,nan,500,fresh
278875,0,0,0,0,0,0,6,0,0,4,19,1,6,0,nan,nan,nan,nan,1,nan,nan,1,1,1,1,nan,nan,nan,nan,nan,0,nan,nan,0,0,0,0,nan,500,fresh
279945,0,0,0,0,0,0,7,0,0,4,19,1,7,0,nan,nan,nan,nan,1.167,nan,nan,1,1,1,1.167,nan,nan,nan,nan,nan,-0.067,nan,nan,0,0,0,-0.067,nan,500,fresh
281015,0,0,0,0,0,0,6,0,0,4,19,1,7,0,nan,nan,nan,nan,1,nan,nan,1,1,1,1.167,nan,nan,nan,nan,nan,0,nan,nan,0,0,0,-0.067,nan,500,fresh
282084,0,0,0,0,0,0,7,0,0,4,19,1,7,0,nan,nan,nan,nan,1.167,nan,nan,1,1,1,1.167,nan,nan,nan,nan,nan,-0.067,nan,nan,0,0,0,-0.067,nan,500,fresh
283153,0,0,0,0,0,0,7,0,0,4,19,1,7,0,nan,nan,nan,nan,1.167,nan,nan,1,1,1,1.167,nan,nan,nan,nan,nan,-0.067,nan,nan,0,0,0,-0.067,nan,500,fresh
284222,0,0,0,0,0,0,6,0,0,4,19,1,7,0,nan,nan,nan,nan,1,nan,nan,1,1,1,1.167,nan,nan,nan,nan,nan,0,nan,nan,0,0,0,-0.067,nan,500,fresh
285292,0,0,0,0,0,0,7,0,0,4,19,1,7,0,nan,nan,nan,nan,1.167,nan,nan,1,1,1,1.167,nan,nan,nan,nan,nan,-0.067,nan,nan,0,0,0,-0.067,nan,500,fresh
286361,0,0,0,0,0,0,7,0,0,4,19,1,7,0,nan,nan,nan,nan,1.167,nan,nan,1,1,1,1.167,nan,nan,nan,nan,nan,-0.067,nan,nan,0,0,0,-0.067,nan,500,fresh
287430,0,0,0,0,0,0,7,0,0,4,19,1,7,0,nan,nan,nan,nan,1.167,nan,nan,1,1,1,1.167,nan,nan,nan,nan,nan,-0.067,nan,nan,0,0,0,-0.067,nan,500,fresh
288499,0,0,0,0,0,0,6,0,0,4,19,1,7,0,nan,nan,nan,nan,1,nan,nan,1,1,1,1.167,nan,nan,nan,nan,nan,0,nan,nan,0,0,0,-0.067,nan,500,fresh
289569,0,0,0,0,0,0,7,0,0,4,19,1,7,0,nan,nan,nan,nan,1.167,nan,nan,1,1,1,1.167,nan,nan,nan,nan,nan,-0.067,nan,nan,0,0,0,-0.067,nan,500,fresh
290639,0,0,0,0,0,0,7,0,0,4,19,1,7,0,nan,nan,nan,nan,1.167,nan,nan,1,1,1,1.167,nan,nan,nan,nan,nan,-0.067,nan,nan,0,0,0,-0.067,nan,500,fresh
291709,0,0,0,0,0,0,6,0,0,4,19,1,7,0,nan,nan,nan,nan,1,nan,nan,1,1,1,1.167,nan,nan,nan,nan,nan,0,nan,nan,0,0,0,-0.067,nan,500,fresh
292779,0,0,0,0,0,0,7,0,0,4,19,1,7,0,nan,nan,nan,nan,1.167,nan,nan,1,1,1,1.167,nan,nan,nan,nan,nan,-0.067,nan,nan,0,0,0,-0.067,nan,500,fresh
293848,0,0,0,0,0,0,7,0,0,4,19,1,7,0,nan,nan,nan,nan,1.167,nan,nan,1,1,1,1.167,nan,nan,nan,nan,nan,-0.067,nan,nan,0,0,0,-0.067,nan,500,fresh
294918,0,0,0,0,0,0,7,0,0,4,19,1,7,0,nan,nan,nan,nan,1.167,nan,nan,1,1,1,1.167,nan,nan,nan,nan,nan,-0.067,nan,nan,0,0,0,-0.067,nan,500,fresh
295987,0,0,0,0,0,0,6,0,0,4,19,1,7,0,nan,nan,nan,nan,1,nan,nan,1,1,1,1.167,nan,nan,nan,nan,nan,0,nan,nan,0,0,0,-0.067,nan,500,fresh
297057,0,0,0,0,0,0,7,0,0,4,19,1,6,0,nan,nan,nan,nan,1.167,nan,nan,1,1,1,1,nan,nan,nan,nan,nan,-0.067,nan,nan,0,0,0,0,nan,500,fresh
298126,0,0,0,0,0,0,7,0,0,4,19,1,6,0,nan,nan,nan,nan,1.167,nan,nan,1,1,1,1,nan,nan,nan,nan,nan,-0.067,nan,nan,0,0,0,0,nan,500,fresh
299195,0,0,0,0,0,0,7,0,0,4,19,1,7,0,nan,nan,nan,nan,1.167,nan,nan,1,1,1,1.167,nan,nan,nan,nan,nan,-0.067,nan,nan,0,0,0,-0.067,nan,500,fresh
300265,0,0,0,0,0,0,7,0,0,4,19,1,6,0,nan,nan,nan,nan,1.167,nan,nan,1,1,1,1,nan,nan,nan,nan,nan,-0.067,nan,nan,0,0,0,0,nan,500,fresh
301335,0,0,0,0,0,0,7,0,0,4,19,1,7,0,nan,nan,nan,nan,1.167,nan,nan,1,1,1,1.167,nan,nan,nan,nan,nan,-0.067,nan,nan,0,0,0,-0.067,nan,500,fresh
302405,0,0,0,0,0,0,7,0,0,4,19,1,7,0,nan,nan,nan,nan,1.167,nan,nan,1,1,1,1.167,nan,nan,nan,nan,nan,-0.067,nan,nan,0,0,0,-0.067,nan,500,fresh
303475,0,0,0,0,0,0,7,0,0,4,19,1,7,0,nan,nan,nan,nan,1.167,nan,nan,1,1,1,1.167,nan,nan,nan,nan,nan,-0.067,nan,nan,0,0,0,-0.067,nan,500,fresh
304544,0,0,0,0,0,0,6,0,0,4,19,1,7,0,nan,nan,nan,nan,1,nan,nan,1,1,1,1.167,nan,nan,nan,nan,nan,0,nan,nan,0,0,0,-0.067,nan,500,fresh
305613,0,0,0,0,0,0,6,0,0,4,19,1,7,0,nan,nan,nan,nan,1,nan,nan,1,1,1,1.167,nan,nan,nan,nan,nan,0,nan,nan,0,0,0,-0.067,nan,500,fresh
306683,0,0,0,0,0,0,7,0,0,4,19,1,7,0,nan,nan,nan,nan,1.167,nan,nan,1,1,1,1.167,nan,nan,nan,nan,nan,-0.067,nan,nan,0,0,0,-0.067,nan,500,fresh
307752,0,0,0,0,0,0,7,0,0,3,19,1,7,0,nan,nan,nan,nan,1.167,nan,nan,0.75,1,1,1.167,nan,nan,nan,nan,nan,-0.067,nan,nan,0.125,0,0,-0.067,nan,500,fresh
308821,0,0,0,0,0,0,7,0,0,4,19,1,7,0,nan,nan,nan,nan,1.167,nan,nan,1,1,1,1.167,nan,nan,nan,nan,nan,-0.067,nan,nan,0,0,0,-0.067,nan,500,fresh
309891,0,0,0,0,0,0,7,0,0,4,19,1,6,0,nan,nan,nan,nan,1.167,nan,nan,1,1,1,1,nan,nan,nan,nan,nan,-0.067,nan,nan,0,0,0,0,nan,500,fresh
310960,0,0,0,0,0,0,7,0,0,4,19,1,7,0,nan,nan,nan,nan,1.167,nan,nan,1,1,1,1.167,nan,nan,nan,nan,nan,-0.067,nan,nan,0,0,0,-0.067,nan,500,fresh
312029,0,0,0,0,0,0,7,0,0,4,19,1,6,0,nan,nan,nan,nan,1.167,nan,nan,1,1,1,1,nan,nan,nan,nan,nan,-0.067,nan,nan,0,0,0,0,nan,500,fresh
313098,0,0,0,0,0,0,7,0,0,4,19,1,7,0,nan,nan,nan,nan,1.167,nan,nan,1,1,1,1.167,nan,nan,nan,nan,nan,-0.067,nan,nan,0,0,0,-0.067,nan,500,fresh
323795,0,0,0,0,0,0,7,0,0,4,19,1,7,0,nan,nan,nan,nan,1.167,nan,nan,1,1,1,1.167,nan,nan,nan,nan,nan,-0.067,nan,nan,0,0,0,-0.067,nan,500,fresh
324865,0,0,0,0,0,0,7,0,0,4,19,1,7,0,nan,nan,nan,nan,1.167,nan,nan,1,1,1,1.167,nan,nan,nan,nan,nan,-0.067,nan,nan,0,0,0,-0.067,nan,500,fresh
325934,0,0,0,0,0,0,7,0,0,4,19,1,7,0,nan,nan,nan,nan,1.167,nan,nan,1,1,1,1.167,nan,nan,nan,nan,nan,-0.067,nan,nan,0,0,0,-0.067,nan,500,fresh
327004,0,0,0,0,0,0,7,0,0,4,19,1,7,0,nan,nan,nan,nan,1.167,nan,nan,1,1,1,1.167,nan,nan,nan,nan,nan,-0.067,nan,nan,0,0,0,-0.067,nan,500,fresh
347322,0,0,0,0,0,0,7,0,0,4,20,1,7,0,nan,nan,nan,nan,1.167,nan,nan,1,1.053,1,1.167,nan,nan,nan,nan,nan,-0.067,nan,nan,0,-0.022,0,-0.067,nan,500,fresh
348392,0,0,0,0,0,0,7,0,0,4,20,1,7,0,nan,nan,nan,nan,1.167,nan,nan,1,1.053,1,1.167,nan,nan,nan,nan,nan,-0.067,nan,nan,0,-0.022,0,-0.067,nan,500,fresh
349461,0,0,0,0,0,0,7,0,0,4,19,1,7,0,nan,nan,nan,nan,1.167,nan,nan,1,1,1,1.167,nan,nan,nan,nan,nan,-0.067,nan,nan,0,0,0,-0.067,nan,500,fresh
350530,0,0,0,0,0,0,7,0,0,4,20,1,7,0,nan,nan,nan,nan,1.167,nan,nan,1,1.053,1,1.167,nan,nan,nan,nan,nan,-0.067,nan,nan,0,-0.022,0,-0.067,nan,500,fresh
351600,0,0,0,0,0,0,7,0,0,4,20,1,7,0,nan,nan,nan,nan,1.167,nan,nan,1,1.053,1,1.167,nan,nan,nan,nan,nan,-0.067,nan,nan,0,-0.022,0,-0.067,nan,500,fresh
352669,0,0,0,0,0,0,7,0,0,4,20,1,7,0,nan,nan,nan,nan,1.167,nan,nan,1,1.053,1,1.167,nan,nan,nan,nan,nan,-0.067,nan,nan,0,-0.022,0,-0.067,nan,500,fresh
353738,0,0,0,0,0,0,7,0,0,4,20,1,7,0,nan,nan,nan,nan,1.167,nan,nan,1,1.053,1,1.167,nan,nan,nan,nan,nan,-0.067,nan,nan,0,-0.022,0,-0.067,nan,500,fresh
354807,0,0,0,0,0,0,7,0,0,4,20,1,7,0,nan,nan,nan,nan,1.167,nan,nan,1,1.053,1,1.167,nan,nan,nan,nan,nan,-0.067,nan,nan,0,-0.022,0,-0.067,nan,500,fresh
355876,0,0,0,0,0,0,7,0,0,4,20,1,7,0,nan,nan,nan,nan,1.167,nan,nan,1,1.053,1,1.167,nan,nan,nan,nan,nan,-0.067,nan,nan,0,-0.022,0,-0.067,nan,500,fresh
356945,0,0,0,0,0,0,7,0,0,4,20,1,7,0,nan,nan,nan,nan,1.167,nan,nan,1,1.053,1,1.167,nan,nan,nan,nan,nan,-0.067,nan,nan,0,-0.022,0,-0.067,nan,500,fresh
358014,0,0,0,0,0,0,7,0,0,4,20,1,7,0,nan,nan,nan,nan,1.167,nan,nan,1,1.053,1,1.167,nan,nan,nan,nan,nan,-0.067,nan,nan,0,-0.022,0,-0.067,nan,500,fresh
359084,0,0,0,0,0,0,7,0,0,4,20,1,7,0,nan,nan,nan,nan,1.167,nan,nan,1,1.053,1,1.167,nan,nan,nan,nan,nan,-0.067,nan,nan,0,-0.022,0,-0.067,nan,500,fresh
360154,0,0,0,0,0,0,7,0,0,4,20,1,7,0,nan,nan,nan,nan,1.167,nan,nan,1,1.053,1,1.167,nan,nan,nan,nan,nan,-0.067,nan,nan,0,-0.022,0,-0.067,nan,500,fresh
361224,0,0,0,0,0,0,7,0,0,4,20,1,7,0,nan,nan,nan,nan,1.167,nan,nan,1,1.053,1,1.167,nan,nan,nan,nan,nan,-0.067,nan,nan,0,-0.022,0,-0.067,nan,500,fresh
362294,0,0,0,0,0,0,7,0,0,4,19,1,7,0,nan,nan,nan,nan,1.167,nan,nan,1,1,1,1.167,nan,nan,nan,nan,nan,-0.067,nan,nan,0,0,0,-0.067,nan,500,fresh
363364,0,0,0,0,0,0,7,0,0,4,20,1,7,0,nan,nan,nan,nan,1.167,nan,nan,1,1.053,1,1.167,nan,nan,nan,nan,nan,-0.067,nan,nan,0,-0.022,0,-0.067,nan,500,fresh
364434,0,0,0,0,0,0,7,0,0,4,20,1,7,0,nan,nan,nan,nan,1.167,nan,nan,1,1.053,1,1.167,nan,nan,nan,nan,nan,-0.067,nan,nan,0,-0.022,0,-0.067,nan,500,fresh
365504,0,0,0,0,0,0,7,0,0,4,20,1,7,0,nan,nan,nan,nan,1.167,nan,nan,1,1.053,1,1.167,nan,nan,nan,nan,nan,-0.067,nan,nan,0,-0.022,0,-0.067,nan,500,fresh
366574,0,0,0,0,0,0,7,0,0,4,20,1,7,0,nan,nan,nan,nan,1.167,nan,nan,1,1.053,1,1.167,nan,nan,nan,nan,nan,-0.067,nan,nan,0,-0.022,0,-0.067,nan,500,fresh
367643,0,0,0,0,0,0,7,0,0,4,20,1,7,0,nan,nan,nan,nan,1.167,nan,nan,1,1.053,1,1.167,nan,nan,nan,nan,nan,-0.067,nan,nan,0,-0.022,0,-0.067,nan,500,fresh
368713,0,0,0,0,0,0,7,0,0,4,20,1,7,0,nan,nan,nan,nan,1.167,nan,nan,1,1.053,1,1.167,nan,nan,nan,nan,nan,-0.067,nan,nan,0,-0.022,0,-0.067,nan,500,fresh
369783,0,0,0,0,0,0,7,0,0,4,20,1,7,0,nan,nan,nan,nan,1.167,nan,nan,1,1.053,1,1.167,nan,nan,nan,nan,nan,-0.067,nan,nan,0,-0.022,0,-0.067,nan,500,fresh
370852,0,0,0,0,0,0,7,0,0,4,20,1,7,0,nan,nan,nan,nan,1.167,nan,nan,1,1.053,1,1.167,nan,nan,nan,nan,nan,-0.067,nan,nan,0,-0.022,0,-0.067,nan,500,fresh
371922,0,0,0,0,0,0,7,0,0,4,20,1,7,0,nan,nan,nan,nan,1.167,nan,nan,1,1.053,1,1.167,nan,nan,nan,nan,nan,-0.067,nan,nan,0,-0.022,0,-0.067,nan,500,fresh
372991,0,0,0,0,0,0,7,0,0,4,20,1,7,0,nan,nan,nan,nan,1.167,nan,nan,1,1.053,1,1.167,nan,nan,nan,nan,nan,-0.067,nan,nan,0,-0.022,0,-0.067,nan,500,fresh
374059,0,0,0,0,0,0,7,0,0,4,19,1,7,0,nan,nan,nan,nan,1.167,nan,nan,1,1,1,1.167,nan,nan,nan,nan,nan,-0.067,nan,nan,0,0,0,-0.067,nan,500,fresh
375127,0,0,0,0,0,0,7,0,0,4,20,1,7,0,nan,nan,nan,nan,1.167,nan,nan,1,1.053,1,1.167,nan,nan,nan,nan,nan,-0.067,nan,nan,0,-0.022,0,-0.067,nan,500,fresh
376197,0,0,0,0,0,0,7,0,0,4,20,1,7,0,nan,nan,nan,nan,1.167,nan,nan,1,1.053,1,1.167,nan,nan,nan,nan,nan,-0.067,nan,nan,0,-0.022,0,-0.067,nan,500,fresh
377265,0,0,0,0,0,0,7,0,0,4,19,1,7,0,nan,nan,nan,nan,1.167,nan,nan,1,1,1,1.167,nan,nan,nan,nan,nan,-0.067,nan,nan,0,0,0,-0.067,nan,500,fresh
378333,0,0,0,0,0,0,7,0,0,4,20,1,7,0,nan,nan,nan,nan,1.167,nan,nan,1,1.053,1,1.167,nan,nan,nan,nan,nan,-0.067,nan,nan,0,-0.022,0,-0.067,nan,500,fresh
379403,0,0,0,0,0,0,7,0,0,4,20,1,7,0,nan,nan,nan,nan,1.167,nan,nan,1,1.053,1,1.167,nan,nan,nan,nan,nan,-0.067,nan,nan,0,-0.022,0,-0.067,nan,500,fresh
380473,0,0,0,0,0,0,7,0,0,4,20,1,7,0,nan,nan,nan,nan,1.167,nan,nan,1,1.053,1,1.167,nan,nan,nan,nan,nan,-0.067,nan,nan,0,-0.022,0,-0.067,nan,500,fresh
381542,0,0,0,0,0,0,7,0,0,4,20,1,7,0,nan,nan,nan,nan,1.167,nan,nan,1,1.053,1,1.167,nan,nan,nan,nan,nan,-0.067,nan,nan,0,-0.022,0,-0.067,nan,500,fresh
382612,0,0,0,0,0,0,7,0,0,4,20,1,7,0,nan,nan,nan,nan,1.167,nan,nan,1,1.053,1,1.167,nan,nan,nan,nan,nan,-0.067,nan,nan,0,-0.022,0,-0.067,nan,500,fresh
383681,0,0,0,0,0,0,7,0,0,4,19,1,7,0,nan,nan,nan,nan,1.167,nan,nan,1,1,1,1.167,nan,nan,nan,nan,nan,-0.067,nan,nan,0,0,0,-0.067,nan,500,fresh
384750,0,0,0,0,0,0,7,0,0,4,20,1,7,0,nan,nan,nan,nan,1.167,nan,nan,1,1.053,1,1.167,nan,nan,nan,nan,nan,-0.067,nan,nan,0,-0.022,0,-0.067,nan,500,fresh
385819,0,0,0,0,0,0,7,0,0,4,20,1,7,0,nan,nan,nan,nan,1.167,nan,nan,1,1.053,1,1.167,nan,nan,nan,nan,nan,-0.067,nan,nan,0,-0.022,0,-0.067,nan,500,fresh
386889,0,0,0,0,0,0,6,0,0,4,19,1,7,0,nan,nan,nan,nan,1,nan,nan,1,1,1,1.167,nan,nan,nan,nan,nan,0,nan,nan,0,0,0,-0.067,nan,500,fresh
387957,0,0,0,0,0,0,7,0,0,4,20,1,7,0,nan,nan,nan,nan,1.167,nan,nan,1,1.053,1,1.167,nan,nan,nan,nan,nan,-0.067,nan,nan,0,-0.022,0,-0.067,nan,500,fresh
389027,0,0,0,0,0,0,7,0,0,4,20,1,7,0,nan,nan,nan,nan,1.167,nan,nan,1,1.053,1,1.167,nan,nan,nan,nan,nan,-0.067,nan,nan,0,-0.022,0,-0.067,nan,500,fresh
390096,0,0,0,0,0,0,7,0,0,4,20,1,7,0,nan,nan,nan,nan,1.167,nan,nan,1,1.053,1,1.167,nan,nan,nan,nan,nan,-0.067,nan,nan,0,-0.022,0,-0.067,nan,500,fresh
391165,0,0,0,0,0,0,7,0,0,4,20,1,7,0,nan,nan,nan,nan,1.167,nan,nan,1,1.053,1,1.167,nan,nan,nan,nan,nan,-0.067,nan,nan,0,-0.022,0,-0.067,nan,500,fresh
392235,0,0,0,0,0,0,7,0,0,4,19,1,7,0,nan,nan,nan,nan,1.167,nan,nan,1,1,1,1.167,nan,nan,nan,nan,nan,-0.067,nan,nan,0,0,0,-0.067,nan,500,fresh
393304,0,0,0,0,0,0,7,0,0,4,19,1,7,0,nan,nan,nan,nan,1.167,nan,nan,1,1,1,1.167,nan,nan,nan,nan,nan,-0.067,nan,nan,0,0,0,-0.067,nan,500,fresh
394373,0,0,0,0,0,0,7,0,0,4,19,1,7,0,nan,nan,nan,nan,1.167,nan,nan,1,1,1,1.167,nan,nan,nan,nan,nan,-0.067,nan,nan,0,0,0,-0.067,nan,500,fresh
395443,0,0,0,0,0,0,7,0,0,4,19,1,7,0,nan,nan,nan,nan,1.167,nan,nan,1,1,1,1.167,nan,nan,nan,nan,nan,-0.067,nan,nan,0,0,0,-0.067,nan,500,fresh
396513,0,0,0,0,0,0,7,0,0,4,19,1,7,0,nan,nan,nan,nan,1.167,nan,nan,1,1,1,1.167,nan,nan,nan,nan,nan,-0.067,nan,nan,0,0,0,-0.067,nan,500,fresh
397582,0,0,0,0,0,0,7,0,0,4,20,1,7,0,nan,nan,nan,nan,1.167,nan,nan,1,1.053,1,1.167,nan,nan,nan,nan,nan,-0.067,nan,nan,0,-0.022,0,-0.067,nan,500,fresh
398651,0,0,0,0,0,0,7,0,0,4,19,1,7,0,nan,nan,nan,nan,1.167,nan,nan,1,1,1,1.167,nan,nan,nan,nan,nan,-0.067,nan,nan,0,0,0,-0.067,nan,500,fresh
399720,0,0,0,0,0,0,7,0,0,4,20,1,7,0,nan,nan,nan,nan,1.167,nan,nan,1,1.053,1,1.167,nan,nan,nan,nan,nan,-0.067,nan,nan,0,-0.022,0,-0.067,nan,500,fresh
400789,0,0,0,0,0,0,7,0,0,4,20,1,7,0,nan,nan,nan,nan,1.167,nan,nan,1,1.053,1,1.167,nan,nan,nan,nan,nan,-0.067,nan,nan,0,-0.022,0,-0.067,nan,500,fresh
401859,0,0,0,0,0,0,7,0,0,4,19,1,7,0,nan,nan,nan,nan,1.167,nan,nan,1,1,1,1.167,nan,nan,nan,nan,nan,-0.067,nan,nan,0,0,0,-0.067,nan,500,fresh
402928,0,0,0,0,0,0,7,0,0,4,20,1,7,0,nan,nan,nan,nan,1.167,nan,nan,1,1.053,1,1.167,nan,nan,nan,nan,nan,-0.067,nan,nan,0,-0.022,0,-0.067,nan,500,fresh
403997,0,0,0,0,0,0,7,0,0,4,19,1,7,0,nan,nan,nan,nan,1.167,nan,nan,1,1,1,1.167,nan,nan,nan,nan,nan,-0.067,nan,nan,0,0,0,-0.067,nan,500,fresh
405067,0,0,0,0,0,0,7,0,0,4,19,1,7,0,nan,nan,nan,nan,1.167,nan,nan,1,1,1,1.167,nan,nan,nan,nan,nan,-0.067,nan,nan,0,0,0,-0.067,nan,500,fresh
406136,0,0,0,0,0,0,6,0,0,4,19,1,7,0,nan,nan,nan,nan,1,nan,nan,1,1,1,1.167,nan,nan,nan,nan,nan,0,nan,nan,0,0,0,-0.067,nan,500,fresh
407206,0,0,0,0,0,0,7,0,0,4,19,1,7,0,nan,nan,nan,nan,1.167,nan,nan,1,1,1,1.167,nan,nan,nan,nan,nan,-0.067,nan,nan,0,0,0,-0.067,nan,500,fresh
408276,0,0,0,0,0,0,7,0,0,4,19,1,7,0,nan,nan,nan,nan,1.167,nan,nan,1,1,1,1.167,nan,nan,nan,nan,nan,-0.067,nan,nan,0,0,0,-0.067,nan,500,fresh
409345,0,0,0,0,0,0,7,0,0,4,19,1,7,0,nan,nan,nan,nan,1.167,nan,nan,1,1,1,1.167,nan,nan,nan,nan,nan,-0.067,nan,nan,0,0,0,-0.067,nan,500,fresh
410415,0,0,0,0,0,0,7,0,0,4,19,1,7,0,nan,nan,nan,nan,1.167,nan,nan,1,1,1,1.167,nan,nan,nan,nan,nan,-0.067,nan,nan,0,0,0,-0.067,nan,500,fresh
411485,0,0,0,0,0,0,7,0,0,4,19,1,7,0,nan,nan,nan,nan,1.167,nan,nan,1,1,1,1.167,nan,nan,nan,nan,nan,-0.067,nan,nan,0,0,0,-0.067,nan,500,fresh
412555,0,0,0,0,0,0,7,0,0,4,19,1,7,0,nan,nan,nan,nan,1.167,nan,nan,1,1,1,1.167,nan,nan,nan,nan,nan,-0.067,nan,nan,0,0,0,-0.067,nan,500,fresh
413625,0,0,0,0,0,0,7,0,0,4,19,1,7,0,nan,nan,nan,nan,1.167,nan,nan,1,1,1,1.167,nan,nan,nan,nan,nan,-0.067,nan,nan,0,0,0,-0.067,nan,500,fresh
414694,0,0,0,0,0,0,7,0,0,4,19,1,7,0,nan,nan,nan,nan,1.167,nan,nan,1,1,1,1.167,nan,nan,nan,nan,nan,-0.067,nan,nan,0,0,0,-0.067,nan,500,fresh
415763,0,0,0,0,0,0,7,0,0,4,19,1,7,0,nan,nan,nan,nan,1.167,nan,nan,1,1,1,1.167,nan,nan,nan,nan,nan,-0.067,nan,nan,0,0,0,-0.067,nan,500,fresh
416832,0,0,0,0,0,0,7,0,0,4,19,1,7,0,nan,nan,nan,nan,1.167,nan,nan,1,1,1,1.167,nan,nan,nan,nan,nan,-0.067,nan,nan,0,0,0,-0.067,nan,500,fresh
417901,0,0,0,0,0,0,7,0,0,4,19,1,7,0,nan,nan,nan,nan,1.167,nan,nan,1,1,1,1.167,nan,nan,nan,nan,nan,-0.067,nan,nan,0,0,0,-0.067,nan,500,fresh
418971,0,0,0,0,0,0,7,0,0,4,19,1,7,0,nan,nan,nan,nan,1.167,nan,nan,1,1,1,1.167,nan,nan,nan,nan,nan,-0.067,nan,nan,0,0,0,-0.067,nan,500,fresh
420041,0,0,0,0,0,0,7,0,0,4,19,1,7,0,nan,nan,nan,nan,1.167,nan,nan,1,1,1,1.167,nan,nan,nan,nan,nan,-0.067,nan,nan,0,0,0,-0.067,nan,500,fresh
421111,0,0,0,0,0,0,7,0,0,4,19,1,7,0,nan,nan,nan,nan,1.167,nan,nan,1,1,1,1.167,nan,nan,nan,nan,nan,-0.067,nan,nan,0,0,0,-0.067,nan,500,fresh
422181,0,0,0,0,0,0,7,0,0,4,20,1,7,0,nan,nan,nan,nan,1.167,nan,nan,1,1.053,1,1.167,nan,nan,nan,nan,nan,-0.067,nan,nan,0,-0.022,0,-0.067,nan,500,fresh
423250,0,0,0,0,0,0,7,0,0,4,19,1,7,0,nan,nan,nan,nan,1.167,nan,nan,1,1,1,1.167,nan,nan,nan,nan,nan,-0.067,nan,nan,0,0,0,-0.067,nan,500,fresh
424319,0,0,0,0,0,0,7,0,0,4,19,1,7,0,nan,nan,nan,nan,1.167,nan,nan,1,1,1,1.167,nan,nan,nan,nan,nan,-0.067,nan,nan,0,0,0,-0.067,nan,500,fresh
425389,0,0,0,0,0,0,7,0,0,4,19,1,7,0,nan,nan,nan,nan,1.167,nan,nan,1,1,1,1.167,nan,nan,nan,nan,nan,-0.067,nan,nan,0,0,0,-0.067,nan,500,fresh
426457,0,0,0,0,0,0,7,0,0,4,20,1,7,0,nan,nan,nan,nan,1.167,nan,nan,1,1.053,1,1.167,nan,nan,nan,nan,nan,-0.067,nan,nan,0,-0.022,0,-0.067,nan,500,fresh
427527,0,0,0,0,0,0,7,0,0,4,19,1,7,0,nan,nan,nan,nan,1.167,nan,nan,1,1,1,1.167,nan,nan,nan,nan,nan,-0.067,nan,nan,0,0,0,-0.067,nan,500,fresh
428597,0,0,0,0,0,0,7,0,0,4,19,1,7,0,nan,nan,nan,nan,1.167,nan,nan,1,1,1,1.167,nan,nan,nan,nan,nan,-0.067,nan,nan,0,0,0,-0.067,nan,500,fresh
429666,0,0,0,0,0,0,7,0,0,4,19,1,7,0,nan,nan,nan,nan,1.167,nan,nan,1,1,1,1.167,nan,nan,nan,nan,nan,-0.067,nan,nan,0,0,0,-0.067,nan,500,fresh
430736,0,0,0,0,0,0,7,0,0,4,19,1,7,0,nan,nan,nan,nan,1.167,nan,nan,1,1,1,1.167,nan,nan,nan,nan,nan,-0.067,nan,nan,0,0,0,-0.067,nan,500,fresh
431806,0,0,0,0,0,0,7,0,0,4,19,1,7,0,nan,nan,nan,nan,1.167,nan,nan,1,1,1,1.167,nan,nan,nan,nan,nan,-0.067,nan,nan,0,0,0,-0.067,nan,500,fresh
432875,0,0,0,0,0,0,7,0,0,4,19,1,7,0,nan,nan,nan,nan,1.167,nan,nan,1,1,1,1.167,nan,nan,nan,nan,nan,-0.067,nan,nan,0,0,0,-0.067,nan,500,fresh
433945,0,0,0,0,0,0,7,0,0,4,19,1,7,0,nan,nan,nan,nan,1.167,nan,nan,1,1,1,1.167,nan,nan,nan,nan,nan,-0.067,nan,nan,0,0,0,-0.067,nan,500,fresh
435015,0,0,0,0,0,0,7,0,0,4,19,1,7,0,nan,nan,nan,nan,1.167,nan,nan,1,1,1,1.167,nan,nan,nan,nan,nan,-0.067,nan,nan,0,0,0,-0.067,nan,500,fresh
436085,0,0,0,0,0,0,7,0,0,4,19,1,7,0,nan,nan,nan,nan,1.167,nan,nan,1,1,1,1.167,nan,nan,nan,nan,nan,-0.067,nan,nan,0,0,0,-0.067,nan,500,fresh
437154,0,0,0,0,0,0,7,0,0,4,19,1,7,0,nan,nan,nan,nan,1.167,nan,nan,1,1,1,1.167,nan,nan,nan,nan,nan,-0.067,nan,nan,0,0,0,-0.067,nan,500,fresh
438224,0,0,0,0,0,0,7,0,0,4,19,1,7,0,nan,nan,nan,nan,1.167,nan,nan,1,1,1,1.167,nan,nan,nan,nan,nan,-0.067,nan,nan,0,0,0,-0.067,nan,500,fresh
50008,0,0,0,0,0,0,7,0,0,4,19,1,7,0,nan,nan,nan,nan,1.167,nan,nan,1,1,1,1.167,nan,nan,nan,nan,nan,-0.067,nan,nan,0,0,0,-0.067,nan,500,fresh
51077,0,0,0,0,0,0,6,0,0,4,19,1,7,0,nan,nan,nan,nan,1,nan,nan,1,1,1,1.167,nan,nan,nan,nan,nan,0,nan,nan,0,0,0,-0.067,nan,500,fresh
52146,0,0,0,0,0,0,7,0,0,4,19,1,7,0,nan,nan,nan,nan,1.167,nan,nan,1,1,1,1.167,nan,nan,nan,nan,nan,-0.067,nan,nan,0,0,0,-0.067,nan,500,fresh
53216,0,0,0,0,0,0,7,0,0,4,19,1,6,0,nan,nan,nan,nan,1.167,nan,nan,1,1,1,1,nan,nan,nan,nan,nan,-0.067,nan,nan,0,0,0,0,nan,500,fresh
54285,0,0,0,0,0,0,7,0,0,4,19,1,7,0,nan,nan,nan,nan,1.167,nan,nan,1,1,1,1.167,nan,nan,nan,nan,nan,-0.067,nan,nan,0,0,0,-0.067,nan,500,fresh
55355,0,0,0,0,0,0,7,0,0,4,19,1,6,0,nan,nan,nan,nan,1.167,nan,nan,1,1,1,1,nan,nan,nan,nan,nan,-0.067,nan,nan,0,0,0,0,nan,500,fresh
56425,0,0,0,0,0,0,7,0,0,4,19,1,7,0,nan,nan,nan,nan,1.167,nan,nan,1,1,1,1.167,nan,nan,nan,nan,nan,-0.067,nan,nan,0,0,0,-0.067,nan,500,fresh
57495,0,0,0,0,0,0,7,0,0,4,19,1,7,0,nan,nan,nan,nan,1.167,nan,nan,1,1,1,1.167,nan,nan,nan,nan,nan,-0.067,nan,nan,0,0,0,-0.067,nan,500,fresh
58564,0,0,0,0,0,0,7,0,0,4,19,1,7,0,nan,nan,nan,nan,1.167,nan,nan,1,1,1,1.167,nan,nan,nan,nan,nan,-0.067,nan,nan,0,0,0,-0.067,nan,500,fresh
59634,0,0,0,0,0,0,7,0,0,4,19,1,7,0,nan,nan,nan,nan,1.167,nan,nan,1,1,1,1.167,nan,nan,nan,nan,nan,-0.067,nan,nan,0,0,0,-0.067,nan,500,fresh
60704,0,0,0,0,0,0,7,0,0,4,19,1,7,0,nan,nan,nan,nan,1.167,nan,nan,1,1,1,1.167,nan,nan,nan,nan,nan,-0.067,nan,nan,0,0,0,-0.067,nan,500,fresh
61774,0,0,0,0,0,0,7,0,0,4,19,1,7,0,nan,nan,nan,nan,1.167,nan,nan,1,1,1,1.167,nan,nan,nan,nan,nan,-0.067,nan,nan,0,0,0,-0.067,nan,500,fresh
62844,0,0,0,0,0,0,6,0,0,4,19,1,7,0,nan,nan,nan,nan,1,nan,nan,1,1,1,1.167,nan,nan,nan,nan,nan,0,nan,nan,0,0,0,-0.067,nan,500,fresh
63913,0,0,0,0,0,0,7,0,0,4,19,1,7,0,nan,nan,nan,nan,1.167,nan,nan,1,1,1,1.167,nan,nan,nan,nan,nan,-0.067,nan,nan,0,0,0,-0.067,nan,500,fresh
64983,0,0,0,0,0,0,7,0,0,4,19,1,7,0,nan,nan,nan,nan,1.167,nan,nan,1,1,1,1.167,nan,nan,nan,nan,nan,-0.067,nan,nan,0,0,0,-0.067,nan,500,fresh
66053,0,0,0,0,0,0,7,0,0,4,19,1,7,0,nan,nan,nan,nan,1.167,nan,nan,1,1,1,1.167,nan,nan,nan,nan,nan,-0.067,nan,nan,0,0,0,-0.067,nan,500,fresh
67123,0,0,0,0,0,0,7,0,0,4,19,1,7,0,nan,nan,nan,nan,1.167,nan,nan,1,1,1,1.167,nan,nan,nan,nan,nan,-0.067,nan,nan,0,0,0,-0.067,nan,500,fresh
68193,0,0,0,0,0,0,7,0,0,4,19,1,7,0,nan,nan,nan,nan,1.167,nan,nan,1,1,1,1.167,nan,nan,nan,nan,nan,-0.067,nan,nan,0,0,0,-0.067,nan,500,fresh
69263,0,0,0,0,0,0,7,0,0,4,19,1,7,0,nan,nan,nan,nan,1.167,nan,nan,1,1,1,1.167,nan,nan,nan,nan,nan,-0.067,nan,nan,0,0,0,-0.067,nan,500,fresh
70333,0,0,0,0,0,0,7,0,0,4,19,1,7,0,nan,nan,nan,nan,1.167,nan,nan,1,1,1,1.167,nan,nan,nan,nan,nan,-0.067,nan,nan,0,0,0,-0.067,nan,500,fresh
71403,0,0,0,0,0,0,7,0,0,4,19,1,7,0,nan,nan,nan,nan,1.167,nan,nan,1,1,1,1.167,nan,nan,nan,nan,nan,-0.067,nan,nan,0,0,0,-0.067,nan,500,fresh
72473,0,0,0,0,0,0,6,0,0,4,19,1,7,0,nan,nan,nan,nan,1,nan,nan,1,1,1,1.167,nan,nan,nan,nan,nan,0,nan,nan,0,0,0,-0.067,nan,500,fresh
73542,0,0,0,0,0,0,7,0,0,4,19,1,6,0,nan,nan,nan,nan,1.167,nan,nan,1,1,1,1,nan,nan,nan,nan,nan,-0.067,nan,nan,0,0,0,0,nan,500,fresh
74611,0,0,0,0,0,0,7,0,0,4,19,1,7,0,nan,nan,nan,nan,1.167,nan,nan,1,1,1,1.167,nan,nan,nan,nan,nan,-0.067,nan,nan,0,0,0,-0.067,nan,500,fresh
75681,0,0,0,0,0,0,7,0,0,4,19,1,7,0,nan,nan,nan,nan,1.167,nan,nan,1,1,1,1.167,nan,nan,nan,nan,nan,-0.067,nan,nan,0,0,0,-0.067,nan,500,fresh
76751,0,0,0,0,0,0,7,0,0,4,19,1,7,0,nan,nan,nan,nan,1.167,nan,nan,1,1,1,1.167,nan,nan,nan,nan,nan,-0.067,nan,nan,0,0,0,-0.067,nan,500,fresh
77821,0,0,0,0,0,0,7,0,0,4,19,1,7,0,nan,nan,nan,nan,1.167,nan,nan,1,1,1,1.167,nan,nan,nan,nan,nan,-0.067,nan,nan,0,0,0,-0.067,nan,500,fresh
78891,0,0,0,0,0,0,7,0,0,4,19,1,7,0,nan,nan,nan,nan,1.167,nan,nan,1,1,1,1.167,nan,nan,nan,nan,nan,-0.067,nan,nan,0,0,0,-0.067,nan,500,fresh
79960,0,0,0,0,0,0,7,0,0,4,19,1,6,0,nan,nan,nan,nan,1.167,nan,nan,1,1,1,1,nan,nan,nan,nan,nan,-0.067,nan,nan,0,0,0,0,nan,500,fresh
81030,0,0,0,0,0,0,6,0,0,4,19,1,7,0,nan,nan,nan,nan,1,nan,nan,1,1,1,1.167,nan,nan,nan,nan,nan,0,nan,nan,0,0,0,-0.067,nan,500,fresh
82099,0,0,0,0,0,0,7,0,0,4,19,1,7,0,nan,nan,nan,nan,1.167,nan,nan,1,1,1,1.167,nan,nan,nan,nan,nan,-0.067,nan,nan,0,0,0,-0.067,nan,500,fresh
83168,0,0,0,0,0,0,7,0,0,4,19,1,7,0,nan,nan,nan,nan,1.167,nan,nan,1,1,1,1.167,nan,nan,nan,nan,nan,-0.067,nan,nan,0,0,0,-0.067,nan,500,fresh
84238,0,0,0,0,0,0,7,0,0,4,19,1,6,0,nan,nan,nan,nan,1.167,nan,nan,1,1,1,1,nan,nan,nan,nan,nan,-0.067,nan,nan,0,0,0,0,nan,500,fresh
85308,0,0,0,0,0,0,7,0,0,4,19,1,7,0,nan,nan,nan,nan,1.167,nan,nan,1,1,1,1.167,nan,nan,nan,nan,nan,-0.067,nan,nan,0,0,0,-0.067,nan,500,fresh
86377,0,0,0,0,0,0,7,0,0,4,19,1,7,0,nan,nan,nan,nan,1.167,nan,nan,1,1,1,1.167,nan,nan,nan,nan,nan,-0.067,nan,nan,0,0,0,-0.067,nan,500,fresh
87447,0,0,0,0,0,0,7,0,0,4,19,1,7,0,nan,nan,nan,nan,1.167,nan,nan,1,1,1,1.167,nan,nan,nan,nan,nan,-0.067,nan,nan,0,0,0,-0.067,nan,500,fresh
88516,0,0,0,0,0,0,6,0,0,4,19,1,7,0,nan,nan,nan,nan,1,nan,nan,1,1,1,1.167,nan,nan,nan,nan,nan,0,nan,nan,0,0,0,-0.067,nan,500,fresh
89586,0,0,0,0,0,0,7,0,0,4,19,1,7,0,nan,nan,nan,nan,1.167,nan,nan,1,1,1,1.167,nan,nan,nan,nan,nan,-0.067,nan,nan,0,0,0,-0.067,nan,500,fresh
90655,0,0,0,0,0,0,7,0,0,4,19,1,7,0,nan,nan,nan,nan,1.167,nan,nan,1,1,1,1.167,nan,nan,nan,nan,nan,-0.067,nan,nan,0,0,0,-0.067,nan,500,fresh
91723,0,0,0,0,0,0,7,0,0,4,19,1,7,0,nan,nan,nan,nan,1.167,nan,nan,1,1,1,1.167,nan,nan,nan,nan,nan,-0.067,nan,nan,0,0,0,-0.067,nan,500,fresh
92792,0,0,0,0,0,0,7,0,0,4,19,1,7,0,nan,nan,nan,nan,1.167,nan,nan,1,1,1,1.167,nan,nan,nan,nan,nan,-0.067,nan,nan,0,0,0,-0.067,nan,500,fresh
93862,0,0,0,0,0,0,6,0,0,4,19,1,7,0,nan,nan,nan,nan,1,nan,nan,1,1,1,1.167,nan,nan,nan,nan,nan,0,nan,nan,0,0,0,-0.067,nan,500,fresh
94931,0,0,0,0,0,0,7,0,0,4,19,1,7,0,nan,nan,nan,nan,1.167,nan,nan,1,1,1,1.167,nan,nan,nan,nan,nan,-0.067,nan,nan,0,0,0,-0.067,nan,500,fresh
96000,0,0,0,0,0,0,7,0,0,4,19,1,7,0,nan,nan,nan,nan,1.167,nan,nan,1,1,1,1.167,nan,nan,nan,nan,nan,-0.067,nan,nan,0,0,0,-0.067,nan,500,fresh
97069,0,0,0,0,0,0,7,0,0,4,19,1,7,0,nan,nan,nan,nan,1.167,nan,nan,1,1,1,1.167,nan,nan,nan,nan,nan,-0.067,nan,nan,0,0,0,-0.067,nan,500,fresh
98138,0,0,0,0,0,0,7,0,0,4,19,1,7,0,nan,nan,nan,nan,1.167,nan,nan,1,1,1,1.167,nan,nan,nan,nan,nan,-0.067,nan,nan,0,0,0,-0.067,nan,500,fresh
99207,0,0,0,0,0,0,7,0,0,4,19,1,7,0,nan,nan,nan,nan,1.167,nan,nan,1,1,1,1.167,nan,nan,nan,nan,nan,-0.067,nan,nan,0,0,0,-0.067,nan,500,fresh
100276,0,0,0,0,0,0,7,0,0,4,19,1,7,0,nan,nan,nan,nan,1.167,nan,nan,1,1,1,1.167,nan,nan,nan,nan,nan,-0.067,nan,nan,0,0,0,-0.067,nan,500,fresh
101346,0,0,0,0,0,0,7,0,0,4,19,1,7,0,nan,nan,nan,nan,1.167,nan,nan,1,1,1,1.167,nan,nan,nan,nan,nan,-0.067,nan,nan,0,0,0,-0.067,nan,500,fresh
102416,0,0,0,0,0,0,7,0,0,4,19,1,7,0,nan,nan,nan,nan,1.167,nan,nan,1,1,1,1.167,nan,nan,nan,nan,nan,-0.067,nan,nan,0,0,0,-0.067,nan,500,fresh
103485,0,0,0,0,0,0,7,0,0,3,19,1,7,0,nan,nan,nan,nan,1.167,nan,nan,0.75,1,1,1.167,nan,nan,nan,nan,nan,-0.067,nan,nan,0.125,0,0,-0.067,nan,500,fresh
104555,0,0,0,0,0,0,6,0,0,4,19,1,7,0,nan,nan,nan,nan,1,nan,nan,1,1,1,1.167,nan,nan,nan,nan,nan,0,nan,nan,0,0,0,-0.067,nan,500,fresh
105625,0,0,0,0,0,0,7,0,0,4,19,1,7,0,nan,nan,nan,nan,1.167,nan,nan,1,1,1,1.167,nan,nan,nan,nan,nan,-0.067,nan,nan,0,0,0,-0.067,nan,500,fresh
106694,0,0,0,0,0,0,7,0,0,4,19,1,7,0,nan,nan,nan,nan,1.167,nan,nan,1,1,1,1.167,nan,nan,nan,nan,nan,-0.067,nan,nan,0,0,0,-0.067,nan,500,fresh
107763,0,0,0,0,0,0,7,0,0,4,19,1,7,0,nan,nan,nan,nan,1.167,nan,nan,1,1,1,1.167,nan,nan,nan,nan,nan,-0.067,nan,nan,0,0,0,-0.067,nan,500,fresh
108833,0,0,0,0,0,0,7,0,0,4,19,1,7,0,nan,nan,nan,nan,1.167,nan,nan,1,1,1,1.167,nan,nan,nan,nan,nan,-0.067,nan,nan,0,0,0,-0.067,nan,500,fresh
109903,0,0,0,0,0,0,7,0,0,4,19,1,7,0,nan,nan,nan,nan,1.167,nan,nan,1,1,1,1.167,nan,nan,nan,nan,nan,-0.067,nan,nan,0,0,0,-0.067,nan,500,fresh
110971,0,0,0,0,0,0,7,0,0,4,19,1,7,0,nan,nan,nan,nan,1.167,nan,nan,1,1,1,1.167,nan,nan,nan,nan,nan,-0.067,nan,nan,0,0,0,-0.067,nan,500,fresh
112041,0,0,0,0,0,0,7,0,0,4,19,1,7,0,nan,nan,nan,nan,1.167,nan,nan,1,1,1,1.167,nan,nan,nan,nan,nan,-0.067,nan,nan,0,0,0,-0.067,nan,500,fresh
113111,0,0,0,0,0,0,7,0,0,4,19,1,7,0,nan,nan,nan,nan,1.167,nan,nan,1,1,1,1.167,nan,nan,nan,nan,nan,-0.067,nan,nan,0,0,0,-0.067,nan,500,fresh
114180,0,0,0,0,0,0,7,0,0,4,19,1,7,0,nan,nan,nan,nan,1.167,nan,nan,1,1,1,1.167,nan,nan,nan,nan,nan,-0.067,nan,nan,0,0,0,-0.067,nan,500,fresh
115250,0,0,0,0,0,0,7,0,0,4,19,1,7,0,nan,nan,nan,nan,1.167,nan,nan,1,1,1,1.167,nan,nan,nan,nan,nan,-0.067,nan,nan,0,0,0,-0.067,nan,500,fresh
116319,0,0,0,0,0,0,7,0,0,4,19,1,7,0,nan,nan,nan,nan,1.167,nan,nan,1,1,1,1.167,nan,nan,nan,nan,nan,-0.067,nan,nan,0,0,0,-0.067,nan,500,fresh
117388,0,0,0,0,0,0,7,0,0,4,19,1,7,0,nan,nan,nan,nan,1.167,nan,nan,1,1,1,1.167,nan,nan,nan,nan,nan,-0.067,nan,nan,0,0,0,-0.067,nan,500,fresh
118457,0,0,0,0,0,0,7,0,0,4,19,1,7,0,nan,nan,nan,nan,1.167,nan,nan,1,1,1,1.167,nan,nan,nan,nan,nan,-0.067,nan,nan,0,0,0,-0.067,nan,500,fresh
119526,0,0,0,0,0,0,7,0,0,4,19,1,7,0,nan,nan,nan,nan,1.167,nan,nan,1,1,1,1.167,nan,nan,nan,nan,nan,-0.067,nan,nan,0,0,0,-0.067,nan,500,fresh
120596,0,0,0,0,0,0,7,0,0,4,19,1,7,0,nan,nan,nan,nan,1.167,nan,nan,1,1,1,1.167,nan,nan,nan,nan,nan,-0.067,nan,nan,0,0,0,-0.067,nan,500,fresh
121664,0,0,0,0,0,0,7,0,0,4,19,1,7,0,nan,nan,nan,nan,1.167,nan,nan,1,1,1,1.167,nan,nan,nan,nan,nan,-0.067,nan,nan,0,0,0,-0.067,nan,500,fresh
122733,0,0,0,0,0,0,6,0,0,4,19,1,7,0,nan,nan,nan,nan,1,nan,nan,1,1,1,1.167,nan,nan,nan,nan,nan,0,nan,nan,0,0,0,-0.067,nan,500,fresh
123803,0,0,0,0,0,0,7,0,0,4,19,1,7,0,nan,nan,nan,nan,1.167,nan,nan,1,1,1,1.167,nan,nan,nan,nan,nan,-0.067,nan,nan,0,0,0,-0.067,nan,500,fresh
124872,0,0,0,0,0,0,7,0,0,4,19,1,7,0,nan,nan,nan,nan,1.167,nan,nan,1,1,1,1.167,nan,nan,nan,nan,nan,-0.067,nan,nan,0,0,0,-0.067,nan,500,fresh
125941,0,0,0,0,0,0,7,0,0,4,19,1,7,0,nan,nan,nan,nan,1.167,nan,nan,1,1,1,1.167,nan,nan,nan,nan,nan,-0.067,nan,nan,0,0,0,-0.067,nan,500,fresh
127011,0,0,0,0,0,0,7,0,0,4,19,1,7,0,nan,nan,nan,nan,1.167,nan,nan,1,1,1,1.167,nan,nan,nan,nan,nan,-0.067,nan,nan,0,0,0,-0.067,nan,500,fresh
128081,0,0,0,0,0,0,7,0,0,4,19,1,7,0,nan,nan,nan,nan,1.167,nan,nan,1,1,1,1.167,nan,nan,nan,nan,nan,-0.067,nan,nan,0,0,0,-0.067,nan,500,fresh
129149,0,0,0,0,0,0,7,0,0,4,19,1,7,0,nan,nan,nan,nan,1.167,nan,nan,1,1,1,1.167,nan,nan,nan,nan,nan,-0.067,nan,nan,0,0,0,-0.067,nan,500,fresh
130219,0,0,0,0,0,0,7,0,0,4,19,1,7,0,nan,nan,nan,nan,1.167,nan,nan,1,1,1,1.167,nan,nan,nan,nan,nan,-0.067,nan,nan,0,0,0,-0.067,nan,500,fresh
131289,0,0,0,0,0,0,7,0,0,4,19,1,7,0,nan,nan,nan,nan,1.167,nan,nan,1,1,1,1.167,nan,nan,nan,nan,nan,-0.067,nan,nan,0,0,0,-0.067,nan,500,fresh
132359,0,0,0,0,0,0,7,0,0,4,19,1,6,0,nan,nan,nan,nan,1.167,nan,nan,1,1,1,1,nan,nan,nan,nan,nan,-0.067,nan,nan,0,0,0,0,nan,500,fresh
133429,0,0,0,0,0,0,7,0,0,4,19,1,7,0,nan,nan,nan,nan,1.167,nan,nan,1,1,1,1.167,nan,nan,nan,nan,nan,-0.067,nan,nan,0,0,0,-0.067,nan,500,fresh
134497,0,0,0,0,0,0,7,0,0,4,19,1,7,0,nan,nan,nan,nan,1.167,nan,nan,1,1,1,1.167,nan,nan,nan,nan,nan,-0.067,nan,nan,0,0,0,-0.067,nan,500,fresh
135567,0,0,0,0,0,0,7,0,0,4,19,1,7,0,nan,nan,nan,nan,1.167,nan,nan,1,1,1,1.167,nan,nan,nan,nan,nan,-0.067,nan,nan,0,0,0,-0.067,nan,500,fresh
136637,0,0,0,0,0,0,7,0,0,4,19,1,7,0,nan,nan,nan,nan,1.167,nan,nan,1,1,1,1.167,nan,nan,nan,nan,nan,-0.067,nan,nan,0,0,0,-0.067,nan,500,fresh
137707,0,0,0,0,0,0,7,0,0,4,19,1,7,0,nan,nan,nan,nan,1.167,nan,nan,1,1,1,1.167,nan,nan,nan,nan,nan,-0.067,nan,nan,0,0,0,-0.067,nan,500,fresh
138776,0,0,0,0,0,0,7,0,0,4,19,1,7,0,nan,nan,nan,nan,1.167,nan,nan,1,1,1,1.167,nan,nan,nan,nan,nan,-0.067,nan,nan,0,0,0,-0.067,nan,500,fresh
139845,0,0,0,0,0,0,7,0,0,4,19,1,7,0,nan,nan,nan,nan,1.167,nan,nan,1,1,1,1.167,nan,nan,nan,nan,nan,-0.067,nan,nan,0,0,0,-0.067,nan,500,fresh
140915,0,0,0,0,0,0,7,0,0,4,19,1,7,0,nan,nan,nan,nan,1.167,nan,nan,1,1,1,1.167,nan,nan,nan,nan,nan,-0.067,nan,nan,0,0,0,-0.067,nan,500,fresh
141984,0,0,0,0,0,0,7,0,0,4,19,1,7,0,nan,nan,nan,nan,1.167,nan,nan,1,1,1,1.167,nan,nan,nan,nan,nan,-0.067,nan,nan,0,0,0,-0.067,nan,500,fresh
143054,0,0,0,0,0,0,7,0,0,4,19,1,7,0,nan,nan,nan,nan,1.167,nan,nan,1,1,1,1.167,nan,nan,nan,nan,nan,-0.067,nan,nan,0,0,0,-0.067,nan,500,fresh
144124,0,0,0,0,0,0,7,0,0,4,19,1,7,0,nan,nan,nan,nan,1.167,nan,nan,1,1,1,1.167,nan,nan,nan,nan,nan,-0.067,nan,nan,0,0,0,-0.067,nan,500,fresh
145194,0,0,0,0,0,0,7,0,0,4,19,1,7,0,nan,nan,nan,nan,1.167,nan,nan,1,1,1,1.167,nan,nan,nan,nan,nan,-0.067,nan,nan,0,0,0,-0.067,nan,500,fresh
146264,0,0,0,0,0,0,7,0,0,4,19,1,7,0,nan,nan,nan,nan,1.167,nan,nan,1,1,1,1.167,nan,nan,nan,nan,nan,-0.067,nan,nan,0,0,0,-0.067,nan,500,fresh
147332,0,0,0,0,0,0,7,0,0,4,19,1,7,0,nan,nan,nan,nan,1.167,nan,nan,1,1,1,1.167,nan,nan,nan,nan,nan,-0.067,nan,nan,0,0,0,-0.067,nan,500,fresh
148402,0,0,0,0,0,0,7,0,0,4,19,1,7,0,nan,nan,nan,nan,1.167,nan,nan,1,1,1,1.167,nan,nan,nan,nan,nan,-0.067,nan,nan,0,0,0,-0.067,nan,500,fresh
149471,0,0,0,0,0,0,7,0,0,4,19,1,7,0,nan,nan,nan,nan,1.167,nan,nan,1,1,1,1.167,nan,nan,nan,nan,nan,-0.067,nan,nan,0,0,0,-0.067,nan,500,fresh
150541,0,0,0,0,0,0,7,0,0,4,19,1,7,0,nan,nan,nan,nan,1.167,nan,nan,1,1,1,1.167,nan,nan,nan,nan,nan,-0.067,nan,nan,0,0,0,-0.067,nan,500,fresh
151611,0,0,0,0,0,0,7,0,0,4,19,1,7,0,nan,nan,nan,nan,1.167,nan,nan,1,1,1,1.167,nan,nan,nan,nan,nan,-0.067,nan,nan,0,0,0,-0.067,nan,500,fresh
152680,0,0,0,0,0,0,7,0,0,4,19,1,7,0,nan,nan,nan,nan,1.167,nan,nan,1,1,1,1.167,nan,nan,nan,nan,nan,-0.067,nan,nan,0,0,0,-0.067,nan,500,fresh
153750,0,0,0,0,0,0,7,0,0,4,19,1,7,0,nan,nan,nan,nan,1.167,nan,nan,1,1,1,1.167,nan,nan,nan,nan,nan,-0.067,nan,nan,0,0,0,-0.067,nan,500,fresh
154820,0,0,0,0,0,0,7,0,0,4,19,1,7,0,nan,nan,nan,nan,1.167,nan,nan,1,1,1,1.167,nan,nan,nan,nan,nan,-0.067,nan,nan,0,0,0,-0.067,nan,500,fresh
155890,0,0,0,0,0,0,7,0,0,4,19,1,7,0,nan,nan,nan,nan,1.167,nan,nan,1,1,1,1.167,nan,nan,nan,nan,nan,-0.067,nan,nan,0,0,0,-0.067,nan,500,fresh
156960,0,0,0,0,0,0,7,0,0,4,19,1,7,0,nan,nan,nan,nan,1.167,nan,nan,1,1,1,1.167,nan,nan,nan,nan,nan,-0.067,nan,nan,0,0,0,-0.067,nan,500,fresh
158030,0,0,0,0,0,0,7,0,0,4,19,1,7,0,nan,nan,nan,nan,1.167,nan,nan,1,1,1,1.167,nan,nan,nan,nan,nan,-0.067,nan,nan,0,0,0,-0.067,nan,500,fresh
159100,0,0,0,0,0,0,7,0,0,4,19,1,6,0,nan,nan,nan,nan,1.167,nan,nan,1,1,1,1,nan,nan,nan,nan,nan,-0.067,nan,nan,0,0,0,0,nan,500,fresh
160168,0,0,0,0,0,0,7,0,0,4,19,1,7,0,nan,nan,nan,nan,1.167,nan,nan,1,1,1,1.167,nan,nan,nan,nan,nan,-0.067,nan,nan,0,0,0,-0.067,nan,500,fresh
161237,0,0,0,0,0,0,7,0,0,4,19,1,7,0,nan,nan,nan,nan,1.167,nan,nan,1,1,1,1.167,nan,nan,nan,nan,nan,-0.067,nan,nan,0,0,0,-0.067,nan,500,fresh
162306,0,0,0,0,0,0,7,0,0,4,19,1,7,0,nan,nan,nan,nan,1.167,nan,nan,1,1,1,1.167,nan,nan,nan,nan,nan,-0.067,nan,nan,0,0,0,-0.067,nan,500,fresh
163376,0,0,0,0,0,0,7,0,0,4,19,1,7,0,nan,nan,nan,nan,1.167,nan,nan,1,1,1,1.167,nan,nan,nan,nan,nan,-0.067,nan,nan,0,0,0,-0.067,nan,500,fresh
164444,0,0,0,0,0,0,7,0,0,4,19,1,7,0,nan,nan,nan,nan,1.167,nan,nan,1,1,1,1.167,nan,nan,nan,nan,nan,-0.067,nan,nan,0,0,0,-0.067,nan,500,fresh
165513,0,0,0,0,0,0,7,0,0,4,19,1,7,0,nan,nan,nan,nan,1.167,nan,nan,1,1,1,1.167,nan,nan,nan,nan,nan,-0.067,nan,nan,0,0,0,-0.067,nan,500,fresh
166583,0,0,0,0,0,0,7,0,0,4,19,1,7,0,nan,nan,nan,nan,1.167,nan,nan,1,1,1,1.167,nan,nan,nan,nan,nan,-0.067,nan,nan,0,0,0,-0.067,nan,500,fresh
167652,0,0,0,0,0,0,7,0,0,4,19,1,7,0,nan,nan,nan,nan,1.167,nan,nan,1,1,1,1.167,nan,nan,nan,nan,nan,-0.067,nan,nan,0,0,0,-0.067,nan,500,fresh
168722,0,0,0,0,0,0,7,0,0,4,19,1,7,0,nan,nan,nan,nan,1.167,nan,nan,1,1,1,1.167,nan,nan,nan,nan,nan,-0.067,nan,nan,0,0,0,-0.067,nan,500,fresh
169792,0,0,0,0,0,0,7,0,0,4,19,1,7,0,nan,nan,nan,nan,1.167,nan,nan,1,1,1,1.167,nan,nan,nan,nan,nan,-0.067,nan,nan,0,0,0,-0.067,nan,500,fresh
170862,0,0,0,0,0,0,7,0,0,4,19,1,7,0,nan,nan,nan,nan,1.167,nan,nan,1,1,1,1.167,nan,nan,nan,nan,nan,-0.067,nan,nan,0,0,0,-0.067,nan,500,fresh
171932,0,0,0,0,0,0,6,0,0,4,19,1,7,0,nan,nan,nan,nan,1,nan,nan,1,1,1,1.167,nan,nan,nan,nan,nan,0,nan,nan,0,0,0,-0.067,nan,500,fresh
173002,0,0,0,0,0,0,7,0,0,4,19,1,7,0,nan,nan,nan,nan,1.167,nan,nan,1,1,1,1.167,nan,nan,nan,nan,nan,-0.067,nan,nan,0,0,0,-0.067,nan,500,fresh
174072,0,0,0,0,0,0,7,0,0,4,19,1,7,0,nan,nan,nan,nan,1.167,nan,nan,1,1,1,1.167,nan,nan,nan,nan,nan,-0.067,nan,nan,0,0,0,-0.067,nan,500,fresh
175140,0,0,0,0,0,0,6,0,0,4,19,1,7,0,nan,nan,nan,nan,1,nan,nan,1,1,1,1.167,nan,nan,nan,nan,nan,0,nan,nan,0,0,0,-0.067,nan,500,fresh
176210,0,0,0,0,0,0,7,0,0,4,19,1,7,0,nan,nan,nan,nan,1.167,nan,nan,1,1,1,1.167,nan,nan,nan,nan,nan,-0.067,nan,nan,0,0,0,-0.067,nan,500,fresh
177280,0,0,0,0,0,0,7,0,0,4,19,1,7,0,nan,nan,nan,nan,1.167,nan,nan,1,1,1,1.167,nan,nan,nan,nan,nan,-0.067,nan,nan,0,0,0,-0.067,nan,500,fresh
178350,0,0,0,0,0,0,6,0,0,4,19,1,7,0,nan,nan,nan,nan,1,nan,nan,1,1,1,1.167,nan,nan,nan,nan,nan,0,nan,nan,0,0,0,-0.067,nan,500,fresh
179419,0,0,0,0,0,0,7,0,0,4,19,1,7,0,nan,nan,nan,nan,1.167,nan,nan,1,1,1,1.167,nan,nan,nan,nan,nan,-0.067,nan,nan,0,0,0,-0.067,nan,500,fresh
180488,0,0,0,0,0,0,7,0,0,4,19,1,7,0,nan,nan,nan,nan,1.167,nan,nan,1,1,1,1.167,nan,nan,nan,nan,nan,-0.067,nan,nan,0,0,0,-0.067,nan,500,fresh
181557,0,0,0,0,0,0,7,0,0,4,19,1,7,0,nan,nan,nan,nan,1.167,nan,nan,1,1,1,1.167,nan,nan,nan,nan,nan,-0.067,nan,nan,0,0,0,-0.067,nan,500,fresh
182627,0,0,0,0,0,0,7,0,0,4,19,1,7,0,nan,nan,nan,nan,1.167,nan,nan,1,1,1,1.167,nan,nan,nan,nan,nan,-0.067,nan,nan,0,0,0,-0.067,nan,500,fresh
183697,0,0,0,0,0,0,7,0,0,4,19,1,7,0,nan,nan,nan,nan,1.167,nan,nan,1,1,1,1.167,nan,nan,nan,nan,nan,-0.067,nan,nan,0,0,0,-0.067,nan,500,fresh
184766,0,0,0,0,0,0,7,0,0,4,19,1,7,0,nan,nan,nan,nan,1.167,nan,nan,1,1,1,1.167,nan,nan,nan,nan,nan,-0.067,nan,nan,0,0,0,-0.067,nan,500,fresh
185836,0,0,0,0,0,0,7,0,0,4,19,1,7,0,nan,nan,nan,nan,1.167,nan,nan,1,1,1,1.167,nan,nan,nan,nan,nan,-0.067,nan,nan,0,0,0,-0.067,nan,500,fresh
186906,0,0,0,0,0,0,7,0,0,4,19,1,7,0,nan,nan,nan,nan,1.167,nan,nan,1,1,1,1.167,nan,nan,nan,nan,nan,-0.067,nan,nan,0,0,0,-0.067,nan,500,fresh
187976,0,0,0,0,0,0,7,0,0,4,19,1,6,0,nan,nan,nan,nan,1.167,nan,nan,1,1,1,1,nan,nan,nan,nan,nan,-0.067,nan,nan,0,0,0,0,nan,500,fresh
189046,0,0,0,0,0,0,7,0,0,4,19,1,6,0,nan,nan,nan,nan,1.167,nan,nan,1,1,1,1,nan,nan,nan,nan,nan,-0.067,nan,nan,0,0,0,0,nan,500,fresh
190115,0,0,0,0,0,0,6,0,0,4,19,1,7,0,nan,nan,nan,nan,1,nan,nan,1,1,1,1.167,nan,nan,nan,nan,nan,0,nan,nan,0,0,0,-0.067,nan,500,fresh
191185,0,0,0,0,0,0,7,0,0,4,19,1,6,0,nan,nan,nan,nan,1.167,nan,nan,1,1,1,1,nan,nan,nan,nan,nan,-0.067,nan,nan,0,0,0,0,nan,500,fresh
192255,0,0,0,0,0,0,7,0,0,4,19,1,7,0,nan,nan,nan,nan,1.167,nan,nan,1,1,1,1.167,nan,nan,nan,nan,nan,-0.067,nan,nan,0,0,0,-0.067,nan,500,fresh
193324,0,0,0,0,0,0,7,0,0,4,19,1,7,0,nan,nan,nan,nan,1.167,nan,nan,1,1,1,1.167,nan,nan,nan,nan,nan,-0.067,nan,nan,0,0,0,-0.067,nan,500,fresh
194394,0,0,0,0,0,0,7,0,0,4,19,1,7,0,nan,nan,nan,nan,1.167,nan,nan,1,1,1,1.167,nan,nan,nan,nan,nan,-0.067,nan,nan,0,0,0,-0.067,nan,500,fresh
195464,0,0,0,0,0,0,7,0,0,4,19,1,7,0,nan,nan,nan,nan,1.167,nan,nan,1,1,1,1.167,nan,nan,nan,nan,nan,-0.067,nan,nan,0,0,0,-0.067,nan,500,fresh
196534,0,0,0,0,0,0,7,0,0,4,19,1,7,0,nan,nan,nan,nan,1.167,nan,nan,1,1,1,1.167,nan,nan,nan,nan,nan,-0.067,nan,nan,0,0,0,-0.067,nan,500,fresh
197604,0,0,0,0,0,0,7,0,0,4,19,1,7,0,nan,nan,nan,nan,1.167,nan,nan,1,1,1,1.167,nan,nan,nan,nan,nan,-0.067,nan,nan,0,0,0,-0.067,nan,500,fresh
198673,0,0,0,0,0,0,7,0,0,4,19,1,7,0,nan,nan,nan,nan,1.167,nan,nan,1,1,1,1.167,nan,nan,nan,nan,nan,-0.067,nan,nan,0,0,0,-0.067,nan,500,fresh
199741,0,0,0,0,0,0,6,0,0,4,19,1,7,0,nan,nan,nan,nan,1,nan,nan,1,1,1,1.167,nan,nan,nan,nan,nan,0,nan,nan,0,0,0,-0.067,nan,500,fresh
200810,0,0,0,0,0,0,7,0,0,4,19,1,7,0,nan,nan,nan,nan,1.167,nan,nan,1,1,1,1.167,nan,nan,nan,nan,nan,-0.067,nan,nan,0,0,0,-0.067,nan,500,fresh
201880,0,0,0,0,0,0,7,0,0,4,19,1,7,0,nan,nan,nan,nan,1.167,nan,nan,1,1,1,1.167,nan,nan,nan,nan,nan,-0.067,nan,nan,0,0,0,-0.067,nan,500,fresh
202950,0,0,0,0,0,0,7,0,0,4,19,1,7,0,nan,nan,nan,nan,1.167,nan,nan,1,1,1,1.167,nan,nan,nan,nan,nan,-0.067,nan,nan,0,0,0,-0.067,nan,500,fresh
204019,0,0,0,0,0,0,7,0,0,4,19,1,7,0,nan,nan,nan,nan,1.167,nan,nan,1,1,1,1.167,nan,nan,nan,nan,nan,-0.067,nan,nan,0,0,0,-0.067,nan,500,fresh
205089,0,0,0,0,0,0,7,0,0,4,19,1,6,0,nan,nan,nan,nan,1.167,nan,nan,1,1,1,1,nan,nan,nan,nan,nan,-0.067,nan,nan,0,0,0,0,nan,500,fresh
206159,0,0,0,0,0,0,7,0,0,4,19,1,7,0,nan,nan,nan,nan,1.167,nan,nan,1,1,1,1.167,nan,nan,nan,nan,nan,-0.067,nan,nan,0,0,0,-0.067,nan,500,fresh
207228,0,0,0,0,0,0,7,0,0,4,19,1,7,0,nan,nan,nan,nan,1.167,nan,nan,1,1,1,1.167,nan,nan,nan,nan,nan,-0.067,nan,nan,0,0,0,-0.067,nan,500,fresh
208298,0,0,0,0,0,0,7,0,0,4,19,1,6,0,nan,nan,nan,nan,1.167,nan,nan,1,1,1,1,nan,nan,nan,nan,nan,-0.067,nan,nan,0,0,0,0,nan,500,fresh
209368,0,0,0,0,0,0,7,0,0,4,19,1,7,0,nan,nan,nan,nan,1.167,nan,nan,1,1,1,1.167,nan,nan,nan,nan,nan,-0.067,nan,nan,0,0,0,-0.067,nan,500,fresh
210437,0,0,0,0,0,0,7,0,0,4,19,1,7,0,nan,nan,nan,nan,1.167,nan,nan,1,1,1,1.167,nan,nan,nan,nan,nan,-0.067,nan,nan,0,0,0,-0.067,nan,500,fresh
211507,0,0,0,0,0,0,6,0,0,4,19,1,7,0,nan,nan,nan,nan,1,nan,nan,1,1,1,1.167,nan,nan,nan,nan,nan,0,nan,nan,0,0,0,-0.067,nan,500,fresh
212576,0,0,0,0,0,0,6,0,0,4,19,1,7,0,nan,nan,nan,nan,1,nan,nan,1,1,1,1.167,nan,nan,nan,nan,nan,0,nan,nan,0,0,0,-0.067,nan,500,fresh
213644,0,0,0,0,0,0,7,0,0,4,19,1,6,0,nan,nan,nan,nan,1.167,nan,nan,1,1,1,1,nan,nan,nan,nan,nan,-0.067,nan,nan,0,0,0,0,nan,500,fresh
214713,0,0,0,0,0,0,7,0,0,4,19,1,7,0,nan,nan,nan,nan,1.167,nan,nan,1,1,1,1.167,nan,nan,nan,nan,nan,-0.067,nan,nan,0,0,0,-0.067,nan,500,fresh
215783,0,0,0,0,0,0,7,0,0,4,19,1,7,0,nan,nan,nan,nan,1.167,nan,nan,1,1,1,1.167,nan,nan,nan,nan,nan,-0.067,nan,nan,0,0,0,-0.067,nan,500,fresh
216853,0,0,0,0,0,0,7,0,0,4,19,1,7,0,nan,nan,nan,nan,1.167,nan,nan,1,1,1,1.167,nan,nan,nan,nan,nan,-0.067,nan,nan,0,0,0,-0.067,nan,500,fresh
217921,0,0,0,0,0,0,7,0,0,4,19,1,6,0,nan,nan,nan,nan,1.167,nan,nan,1,1,1,1,nan,nan,nan,nan,nan,-0.067,nan,nan,0,0,0,0,nan,500,fresh
218990,0,0,0,0,0,0,7,0,0,4,19,1,7,0,nan,nan,nan,nan,1.167,nan,nan,1,1,1,1.167,nan,nan,nan,nan,nan,-0.067,nan,nan,0,0,0,-0.067,nan,500,fresh
220060,0,0,0,0,0,0,6,0,0,4,19,1,7,0,nan,nan,nan,nan,1,nan,nan,1,1,1,1.167,nan,nan,nan,nan,nan,0,nan,nan,0,0,0,-0.067,nan,500,fresh
221130,0,0,0,0,0,0,7,0,0,4,19,1,7,0,nan,nan,nan,nan,1.167,nan,nan,1,1,1,1.167,nan,nan,nan,nan,nan,-0.067,nan,nan,0,0,0,-0.067,nan,500,fresh
222198,0,0,0,0,0,0,7,0,0,4,19,1,7,0,nan,nan,nan,nan,1.167,nan,nan,1,1,1,1.167,nan,nan,nan,nan,nan,-0.067,nan,nan,0,0,0,-0.067,nan,500,fresh
223267,0,0,0,0,0,0,7,0,0,4,19,1,7,0,nan,nan,nan,nan,1.167,nan,nan,1,1,1,1.167,nan,nan,nan,nan,nan,-0.067,nan,nan,0,0,0,-0.067,nan,500,fresh
224337,0,0,0,0,0,0,6,0,0,4,19,1,7,0,nan,nan,nan,nan,1,nan,nan,1,1,1,1.167,nan,nan,nan,nan,nan,0,nan,nan,0,0,0,-0.067,nan,500,fresh
225406,0,0,0,0,0,0,6,0,0,4,19,1,7,0,nan,nan,nan,nan,1,nan,nan,1,1,1,1.167,nan,nan,nan,nan,nan,0,nan,nan,0,0,0,-0.067,nan,500,fresh
226475,0,0,0,0,0,0,7,0,0,4,19,1,7,0,nan,nan,nan,nan,1.167,nan,nan,1,1,1,1.167,nan,nan,nan,nan,nan,-0.067,nan,nan,0,0,0,-0.067,nan,500,fresh
227544,0,0,0,0,0,0,6,0,0,4,19,1,7,0,nan,nan,nan,nan,1,nan,nan,1,1,1,1.167,nan,nan,nan,nan,nan,0,nan,nan,0,0,0,-0.067,nan,500,fresh
228614,0,0,0,0,0,0,7,0,0,4,19,1,7,0,nan,nan,nan,nan,1.167,nan,nan,1,1,1,1.167,nan,nan,nan,nan,nan,-0.067,nan,nan,0,0,0,-0.067,nan,500,fresh
229683,0,0,0,0,0,0,7,0,0,3,19,1,7,0,nan,nan,nan,nan,1.167,nan,nan,0.75,1,1,1.167,nan,nan,nan,nan,nan,-0.067,nan,nan,0.125,0,0,-0.067,nan,500,fresh
230752,0,0,0,0,0,0,6,0,0,4,19,1,6,0,nan,nan,nan,nan,1,nan,nan,1,1,1,1,nan,nan,nan,nan,nan,0,nan,nan,0,0,0,0,nan,500,fresh
231822,0,0,0,0,0,0,7,0,0,4,19,1,7,0,nan,nan,nan,nan,1.167,nan,nan,1,1,1,1.167,nan,nan,nan,nan,nan,-0.067,nan,nan,0,0,0,-0.067,nan,500,fresh
232892,0,0,0,0,0,0,7,0,0,4,19,1,7,0,nan,nan,nan,nan,1.167,nan,nan,1,1,1,1.167,nan,nan,nan,nan,nan,-0.067,nan,nan,0,0,0,-0.067,nan,500,fresh
233962,0,0,0,0,0,0,6,0,0,4,19,1,7,0,nan,nan,nan,nan,1,nan,nan,1,1,1,1.167,nan,nan,nan,nan,nan,0,nan,nan,0,0,0,-0.067,nan,500,fresh
235031,0,0,0,0,0,0,6,0,0,4,19,1,7,0,nan,nan,nan,nan,1,nan,nan,1,1,1,1.167,nan,nan,nan,nan,nan,0,nan,nan,0,0,0,-0.067,nan,500,fresh
236100,0,0,0,0,0,0,7,0,0,4,19,1,6,0,nan,nan,nan,nan,1.167,nan,nan,1,1,1,1,nan,nan,nan,nan,nan,-0.067,nan,nan,0,0,0,0,nan,500,fresh
237170,0,0,0,0,0,0,7,0,0,4,19,1,7,0,nan,nan,nan,nan,1.167,nan,nan,1,1,1,1.167,nan,nan,nan,nan,nan,-0.067,nan,nan,0,0,0,-0.067,nan,500,fresh
238240,0,0,0,0,0,0,7,0,0,4,19,1,7,0,nan,nan,nan,nan,1.167,nan,nan,1,1,1,1.167,nan,nan,nan,nan,nan,-0.067,nan,nan,0,0,0,-0.067,nan,500,fresh
239309,0,0,0,0,0,0,7,0,0,4,19,1,6,0,nan,nan,nan,nan,1.167,nan,nan,1,1,1,1,nan,nan,nan,nan,nan,-0.067,nan,nan,0,0,0,0,nan,500,fresh
240379,0,0,0,0,0,0,7,0,0,4,19,1,7,0,nan,nan,nan,nan,1.167,nan,nan,1,1,1,1.167,nan,nan,nan,nan,nan,-0.067,nan,nan,0,0,0,-0.067,nan,500,fresh
241449,0,0,0,0,0,0,7,0,0,4,19,1,6,0,nan,nan,nan,nan,1.167,nan,nan,1,1,1,1,nan,nan,nan,nan,nan,-0.067,nan,nan,0,0,0,0,nan,500,fresh
242519,0,0,0,0,0,0,7,0,0,4,19,1,7,0,nan,nan,nan,nan,1.167,nan,nan,1,1,1,1.167,nan,nan,nan,nan,nan,-0.067,nan,nan,0,0,0,-0.067,nan,500,fresh
243588,0,0,0,0,0,0,7,0,0,4,19,1,6,0,nan,nan,nan,nan,1.167,nan,nan,1,1,1,1,nan,nan,nan,nan,nan,-0.067,nan,nan,0,0,0,0,nan,500,fresh
244657,0,0,0,0,0,0,7,0,0,4,19,1,7,0,nan,nan,nan,nan,1.167,nan,nan,1,1,1,1.167,nan,nan,nan,nan,nan,-0.067,nan,nan,0,0,0,-0.067,nan,500,fresh
245727,0,0,0,0,0,0,7,0,0,4,19,1,7,0,nan,nan,nan,nan,1.167,nan,nan,1,1,1,1.167,nan,nan,nan,nan,nan,-0.067,nan,nan,0,0,0,-0.067,nan,500,fresh
246795,0,0,0,0,0,0,7,0,0,4,19,1,7,0,nan,nan,nan,nan,1.167,nan,nan,1,1,1,1.167,nan,nan,nan,nan,nan,-0.067,nan,nan,0,0,0,-0.067,nan,500,fresh
247864,0,0,0,0,0,0,7,0,0,4,19,1,7,0,nan,nan,nan,nan,1.167,nan,nan,1,1,1,1.167,nan,nan,nan,nan,nan,-0.067,nan,nan,0,0,0,-0.067,nan,500,fresh
248934,0,0,0,0,0,0,7,0,0,4,19,1,7,0,nan,nan,nan,nan,1.167,nan,nan,1,1,1,1.167,nan,nan,nan,nan,nan,-0.067,nan,nan,0,0,0,-0.067,nan,500,fresh
250004,0,0,0,0,0,0,6,0,0,4,19,1,7,0,nan,nan,nan,nan,1,nan,nan,1,1,1,1.167,nan,nan,nan,nan,nan,0,nan,nan,0,0,0,-0.067,nan,500,fresh
251073,0,0,0,0,0,0,7,0,0,4,19,1,7,0,nan,nan,nan,nan,1.167,nan,nan,1,1,1,1.167,nan,nan,nan,nan,nan,-0.067,nan,nan,0,0,0,-0.067,nan,500,fresh
252142,0,0,0,0,0,0,7,0,0,4,19,1,7,0,nan,nan,nan,nan,1.167,nan,nan,1,1,1,1.167,nan,nan,nan,nan,nan,-0.067,nan,nan,0,0,0,-0.067,nan,500,fresh
253212,0,0,0,0,0,0,7,0,0,4,19,1,7,0,nan,nan,nan,nan,1.167,nan,nan,1,1,1,1.167,nan,nan,nan,nan,nan,-0.067,nan,nan,0,0,0,-0.067,nan,500,fresh
254280,0,0,0,0,0,0,7,0,0,4,19,1,6,0,nan,nan,nan,nan,1.167,nan,nan,1,1,1,1,nan,nan,nan,nan,nan,-0.067,nan,nan,0,0,0,0,nan,500,fresh
255350,0,0,0,0,0,0,7,0,0,4,19,1,7,0,nan,nan,nan,nan,1.167,nan,nan,1,1,1,1.167,nan,nan,nan,nan,nan,-0.067,nan,nan,0,0,0,-0.067,nan,500,fresh
256419,0,0,0,0,0,0,7,0,0,4,19,1,7,0,nan,nan,nan,nan,1.167,nan,nan,1,1,1,1.167,nan,nan,nan,nan,nan,-0.067,nan,nan,0,0,0,-0.067,nan,500,fresh
257489,0,0,0,0,0,0,7,0,0,4,19,1,7,0,nan,nan,nan,nan,1.167,nan,nan,1,1,1,1.167,nan,nan,nan,nan,nan,-0.067,nan,nan,0,0,0,-0.067,nan,500,fresh
258559,0,0,0,0,0,0,7,0,0,4,19,1,7,0,nan,nan,nan,nan,1.167,nan,nan,1,1,1,1.167,nan,nan,nan,nan,nan,-0.067,nan,nan,0,0,0,-0.067,nan,500,fresh
259627,0,0,0,0,0,0,7,0,0,4,19,1,7,0,nan,nan,nan,nan,1.167,nan,nan,1,1,1,1.167,nan,nan,nan,nan,nan,-0.067,nan,nan,0,0,0,-0.067,nan,500,fresh
260695,0,0,0,0,0,0,7,0,0,4,19,1,7,0,nan,nan,nan,nan,1.167,nan,nan,1,1,1,1.167,nan,nan,nan,nan,nan,-0.067,nan,nan,0,0,0,-0.067,nan,500,fresh
261765,0,0,0,0,0,0,7,0,0,4,19,1,7,0,nan,nan,nan,nan,1.167,nan,nan,1,1,1,1.167,nan,nan,nan,nan,nan,-0.067,nan,nan,0,0,0,-0.067,nan,500,fresh
262834,0,0,0,0,0,0,7,0,0,4,19,1,7,0,nan,nan,nan,nan,1.167,nan,nan,1,1,1,1.167,nan,nan,nan,nan,nan,-0.067,nan,nan,0,0,0,-0.067,nan,500,fresh
263904,0,0,0,0,0,0,7,0,0,4,19,1,7,0,nan,nan,nan,nan,1.167,nan,nan,1,1,1,1.167,nan,nan,nan,nan,nan,-0.067,nan,nan,0,0,0,-0.067,nan,500,fresh
264974,0,0,0,0,0,0,6,0,0,4,19,1,6,0,nan,nan,nan,nan,1,nan,nan,1,1,1,1,nan,nan,nan,nan,nan,0,nan,nan,0,0,0,0,nan,500,fresh
266042,0,0,0,0,0,0,7,0,0,4,19,1,7,0,nan,nan,nan,nan,1.167,nan,nan,1,1,1,1.167,nan,nan,nan,nan,nan,-0.067,nan,nan,0,0,0,-0.067,nan,500,fresh
267111,0,0,0,0,0,0,7,0,0,4,19,1,7,0,nan,nan,nan,nan,1.167,nan,nan,1,1,1,1.167,nan,nan,nan,nan,nan,-0.067,nan,nan,0,0,0,-0.067,nan,500,fresh
268181,0,0,0,0,0,0,7,0,0,4,19,1,7,0,nan,nan,nan,nan,1.167,nan,nan,1,1,1,1.167,nan,nan,nan,nan,nan,-0.067,nan,nan,0,0,0,-0.067,nan,500,fresh
269251,0,0,0,0,0,0,7,0,0,4,19,1,7,0,nan,nan,nan,nan,1.167,nan,nan,1,1,1,1.167,nan,nan,nan,nan,nan,-0.067,nan,nan,0,0,0,-0.067,nan,500,fresh
270321,0,0,0,0,0,0,6,0,0,4,19,1,7,0,nan,nan,nan,nan,1,nan,nan,1,1,1,1.167,nan,nan,nan,nan,nan,0,nan,nan,0,0,0,-0.067,nan,500,fresh
271390,0,0,0,0,0,0,7,0,0,4,19,1,7,0,nan,nan,nan,nan,1.167,nan,nan,1,1,1,1.167,nan,nan,nan,nan,nan,-0.067,nan,nan,0,0,0,-0.067,nan,500,fresh
272459,0,0,0,0,0,0,7,0,0,4,19,1,6,0,nan,nan,nan,nan,1.167,nan,nan,1,1,1,1,nan,nan,nan,nan,nan,-0.067,nan,nan,0,0,0,0,nan,500,fresh
273528,0,0,0,0,0,0,7,0,0,4,19,1,6,0,nan,nan,nan,nan,1.167,nan,nan,1,1,1,1,nan,nan,nan,nan,nan,-0.067,nan,nan,0,0,0,0,nan,500,fresh
274597,0,0,0,0,0,0,7,0,0,4,19,1,7,0,nan,nan,nan,nan,1.167,nan,nan,1,1,1,1.167,nan,nan,nan,nan,nan,-0.067,nan,nan,0,0,0,-0.067,nan,500,fresh
275667,0,0,0,0,0,0,7,0,0,4,19,1,7,0,nan,nan,nan,nan,1.167,nan,nan,1,1,1,1.167,nan,nan,nan,nan,nan,-0.067,nan,nan,0,0,0,-0.067,nan,500,fresh
276737,0,0,0,0,0,0,6,0,0,4,19,1,7,0,nan,nan,nan,nan,1,nan,nan,1,1,1,1.167,nan,nan,nan,nan,nan,0,nan,nan,0,0,0,-0.067,nan,500,fresh
277806,0,0,0,0,0,0,7,0,0,4,19,1,7,0,nan,nan,nan,nan,1.167,nan,nan,1,1,1,1.167,nan,nan,nan,nan,nan,-0.067,nan,nan,0,0,0,-0.067,nan,500,fresh
278875,0,0,0,0,0,0,6,0,0,4,19,1,6,0,nan,nan,nan,nan,1,nan,nan,1,1,1,1,nan,nan,nan,nan,nan,0,nan,nan,0,0,0,0,nan,500,fresh
279945,0,0,0,0,0,0,7,0,0,4,19,1,7,0,nan,nan,nan,nan,1.167,nan,nan,1,1,1,1.167,nan,nan,nan,nan,nan,-0.067,nan,nan,0,0,0,-0.067,nan,500,fresh
281015,0,0,0,0,0,0,6,0,0,4,19,1,7,0,nan,nan,nan,nan,1,nan,nan,1,1,1,1.167,nan,nan,nan,nan,nan,0,nan,nan,0,0,0,-0.067,nan,500,fresh
282084,0,0,0,0,0,0,7,0,0,4,19,1,7,0,nan,nan,nan,nan,1.167,nan,nan,1,1,1,1.167,nan,nan,nan,nan,nan,-0.067,nan,nan,0,0,0,-0.067,nan,500,fresh
283153,0,0,0,0,0,0,7,0,0,4,19,1,7,0,nan,nan,nan,nan,1.167,nan,nan,1,1,1,1.167,nan,nan,nan,nan,nan,-0.067,nan,nan,0,0,0,-0.067,nan,500,fresh
284222,0,0,0,0,0,0,6,0,0,4,19,1,7,0,nan,nan,nan,nan,1,nan,nan,1,1,1,1.167,nan,nan,nan,nan,nan,0,nan,nan,0,0,0,-0.067,nan,500,fresh
285292,0,0,0,0,0,0,7,0,0,4,19,1,7,0,nan,nan,nan,nan,1.167,nan,nan,1,1,1,1.167,nan,nan,nan,nan,nan,-0.067,nan,nan,0,0,0,-0.067,nan,500,fresh
286361,0,0,0,0,0,0,7,0,0,4,19,1,7,0,nan,nan,nan,nan,1.167,nan,nan,1,1,1,1.167,nan,nan,nan,nan,nan,-0.067,nan,nan,0,0,0,-0.067,nan,500,fresh
287430,0,0,0,0,0,0,7,0,0,4,19,1,7,0,nan,nan,nan,nan,1.167,nan,nan,1,1,1,1.167,nan,nan,nan,nan,nan,-0.067,nan,nan,0,0,0,-0.067,nan,500,fresh
288499,0,0,0,0,0,0,6,0,0,4,19,1,7,0,nan,nan,nan,nan,1,nan,nan,1,1,1,1.167,nan,nan,nan,nan,nan,0,nan,nan,0,0,0,-0.067,nan,500,fresh
289569,0,0,0,0,0,0,7,0,0,4,19,1,7,0,nan,nan,nan,nan,1.167,nan,nan,1,1,1,1.167,nan,nan,nan,nan,nan,-0.067,nan,nan,0,0,0,-0.067,nan,500,fresh
290639,0,0,0,0,0,0,7,0,0,4,19,1,7,0,nan,nan,nan,nan,1.167,nan,nan,1,1,1,1.167,nan,nan,nan,nan,nan,-0.067,nan,nan,0,0,0,-0.067,nan,500,fresh
291709,0,0,0,0,0,0,6,0,0,4,19,1,7,0,nan,nan,nan,nan,1,nan,nan,1,1,1,1.167,nan,nan,nan,nan,nan,0,nan,nan,0,0,0,-0.067,nan,500,fresh
292779,0,0,0,0,0,0,7,0,0,4,19,1,7,0,nan,nan,nan,nan,1.167,nan,nan,1,1,1,1.167,nan,nan,nan,nan,nan,-0.067,nan,nan,0,0,0,-0.067,nan,500,fresh
293848,0,0,0,0,0,0,7,0,0,4,19,1,7,0,nan,nan,nan,nan,1.167,nan,nan,1,1,1,1.167,nan,nan,nan,nan,nan,-0.067,nan,nan,0,0,0,-0.067,nan,500,fresh
294918,0,0,0,0,0,0,7,0,0,4,19,1,7,0,nan,nan,nan,nan,1.167,nan,nan,1,1,1,1.167,nan,nan,nan,nan,nan,-0.067,nan,nan,0,0,0,-0.067,nan,500,fresh
295987,0,0,0,0,0,0,6,0,0,4,19,1,7,0,nan,nan,nan,nan,1,nan,nan,1,1,1,1.167,nan,nan,nan,nan,nan,0,nan,nan,0,0,0,-0.067,nan,500,fresh
297057,0,0,0,0,0,0,7,0,0,4,19,1,6,0,nan,nan,nan,nan,1.167,nan,nan,1,1,1,1,nan,nan,nan,nan,nan,-0.067,nan,nan,0,0,0,0,nan,500,fresh
298126,0,0,0,0,0,0,7,0,0,4,19,1,6,0,nan,nan,nan,nan,1.167,nan,nan,1,1,1,1,nan,nan,nan,nan,nan,-0.067,nan,nan,0,0,0,0,nan,500,fresh
299195,0,0,0,0,0,0,7,0,0,4,19,1,7,0,nan,nan,nan,nan,1.167,nan,nan,1,1,1,1.167,nan,nan,nan,nan,nan,-0.067,nan,nan,0,0,0,-0.067,nan,500,fresh
300265,0,0,0,0,0,0,7,0,0,4,19,1,6,0,nan,nan,nan,nan,1.167,nan,nan,1,1,1,1,nan,nan,nan,nan,nan,-0.067,nan,nan,0,0,0,0,nan,500,fresh
301335,0,0,0,0,0,0,7,0,0,4,19,1,7,0,nan,nan,nan,nan,1.167,nan,nan,1,1,1,1.167,nan,nan,nan,nan,nan,-0.067,nan,nan,0,0,0,-0.067,nan,500,fresh
302405,0,0,0,0,0,0,7,0,0,4,19,1,7,0,nan,nan,nan,nan,1.167,nan,nan,1,1,1,1.167,nan,nan,nan,nan,nan,-0.067,nan,nan,0,0,0,-0.067,nan,500,fresh
303475,0,0,0,0,0,0,7,0,0,4,19,1,7,0,nan,nan,nan,nan,1.167,nan,nan,1,1,1,1.167,nan,nan,nan,nan,nan,-0.067,nan,nan,0,0,0,-0.067,nan,500,fresh
304544,0,0,0,0,0,0,6,0,0,4,19,1,7,0,nan,nan,nan,nan,1,nan,nan,1,1,1,1.167,nan,nan,nan,nan,nan,0,nan,nan,0,0,0,-0.067,nan,500,fresh
305613,0,0,0,0,0,0,6,0,0,4,19,1,7,0,nan,nan,nan,nan,1,nan,nan,1,1,1,1.167,nan,nan,nan,nan,nan,0,nan,nan,0,0,0,-0.067,nan,500,fresh
306683,0,0,0,0,0,0,7,0,0,4,19,1,7,0,nan,nan,nan,nan,1.167,nan,nan,1,1,1,1.167,nan,nan,nan,nan,nan,-0.067,nan,nan,0,0,0,-0.067,nan,500,fresh
307752,0,0,0,0,0,0,7,0,0,3,19,1,7,0,nan,nan,nan,nan,1.167,nan,nan,0.75,1,1,1.167,nan,nan,nan,nan,nan,-0.067,nan,nan,0.125,0,0,-0.067,nan,500,fresh
308821,0,0,0,0,0,0,7,0,0,4,19,1,7,0,nan,nan,nan,nan,1.167,nan,nan,1,1,1,1.167,nan,nan,nan,nan,nan,-0.067,nan,nan,0,0,0,-0.067,nan,500,fresh
309891,0,0,0,0,0,0,7,0,0,4,19,1,6,0,nan,nan,nan,nan,1.167,nan,nan,1,1,1,1,nan,nan,nan,nan,nan,-0.067,nan,nan,0,0,0,0,nan,500,fresh
310960,0,0,0,0,0,0,7,0,0,4,19,1,7,0,nan,nan,nan,nan,1.167,nan,nan,1,1,1,1.167,nan,nan,nan,nan,nan,-0.067,nan,nan,0,0,0,-0.067,nan,500,fresh
312029,0,0,0,0,0,0,7,0,0,4,19,1,6,0,nan,nan,nan,nan,1.167,nan,nan,1,1,1,1,nan,nan,nan,nan,nan,-0.067,nan,nan,0,0,0,0,nan,500,fresh
313098,0,0,0,0,0,0,7,0,0,4,19,1,7,0,nan,nan,nan,nan,1.167,nan,nan,1,1,1,1.167,nan,nan,nan,nan,nan,-0.067,nan,nan,0,0,0,-0.067,nan,500,fresh
323795,0,0,0,0,0,0,7,0,0,4,19,1,7,0,nan,nan,nan,nan,1.167,nan,nan,1,1,1,1.167,nan,nan,nan,nan,nan,-0.067,nan,nan,0,0,0,-0.067,nan,500,fresh
324865,0,0,0,0,0,0,7,0,0,4,19,1,7,0,nan,nan,nan,nan,1.167,nan,nan,1,1,1,1.167,nan,nan,nan,nan,nan,-0.067,nan,nan,0,0,0,-0.067,nan,500,fresh
325934,0,0,0,0,0,0,7,0,0,4,19,1,7,0,nan,nan,nan,nan,1.167,nan,nan,1,1,1,1.167,nan,nan,nan,nan,nan,-0.067,nan,nan,0,0,0,-0.067,nan,500,fresh
327004,0,0,0,0,0,0,7,0,0,4,19,1,7,0,nan,nan,nan,nan,1.167,nan,nan,1,1,1,1.167,nan,nan,nan,nan,nan,-0.067,nan,nan,0,0,0,-0.067,nan,500,fresh
347322,0,0,0,0,0,0,7,0,0,4,20,1,7,0,nan,nan,nan,nan,1.167,nan,nan,1,1.053,1,1.167,nan,nan,nan,nan,nan,-0.067,nan,nan,0,-0.022,0,-0.067,nan,500,fresh
348392,0,0,0,0,0,0,7,0,0,4,20,1,7,0,nan,nan,nan,nan,1.167,nan,nan,1,1.053,1,1.167,nan,nan,nan,nan,nan,-0.067,nan,nan,0,-0.022,0,-0.067,nan,500,fresh
349461,0,0,0,0,0,0,7,0,0,4,19,1,7,0,nan,nan,nan,nan,1.167,nan,nan,1,1,1,1.167,nan,nan,nan,nan,nan,-0.067,nan,nan,0,0,0,-0.067,nan,500,fresh
350530,0,0,0,0,0,0,7,0,0,4,20,1,7,0,nan,nan,nan,nan,1.167,nan,nan,1,1.053,1,1.167,nan,nan,nan,nan,nan,-0.067,nan,nan,0,-0.022,0,-0.067,nan,500,fresh
351600,0,0,0,0,0,0,7,0,0,4,20,1,7,0,nan,nan,nan,nan,1.167,nan,nan,1,1.053,1,1.167,nan,nan,nan,nan,nan,-0.067,nan,nan,0,-0.022,0,-0.067,nan,500,fresh
352669,0,0,0,0,0,0,7,0,0,4,20,1,7,0,nan,nan,nan,nan,1.167,nan,nan,1,1.053,1,1.167,nan,nan,nan,nan,nan,-0.067,nan,nan,0,-0.022,0,-0.067,nan,500,fresh
353738,0,0,0,0,0,0,7,0,0,4,20,1,7,0,nan,nan,nan,nan,1.167,nan,nan,1,1.053,1,1.167,nan,nan,nan,nan,nan,-0.067,nan,nan,0,-0.022,0,-0.067,nan,500,fresh
354807,0,0,0,0,0,0,7,0,0,4,20,1,7,0,nan,nan,nan,nan,1.167,nan,nan,1,1.053,1,1.167,nan,nan,nan,nan,nan,-0.067,nan,nan,0,-0.022,0,-0.067,nan,500,fresh
355876,0,0,0,0,0,0,7,0,0,4,20,1,7,0,nan,nan,nan,nan,1.167,nan,nan,1,1.053,1,1.167,nan,nan,nan,nan,nan,-0.067,nan,nan,0,-0.022,0,-0.067,nan,500,fresh
356945,0,0,0,0,0,0,7,0,0,4,20,1,7,0,nan,nan,nan,nan,1.167,nan,nan,1,1.053,1,1.167,nan,nan,nan,nan,nan,-0.067,nan,nan,0,-0.022,0,-0.067,nan,500,fresh
358014,0,0,0,0,0,0,7,0,0,4,20,1,7,0,nan,nan,nan,nan,1.167,nan,nan,1,1.053,1,1.167,nan,nan,nan,nan,nan,-0.067,nan,nan,0,-0.022,0,-0.067,nan,500,fresh
359084,0,0,0,0,0,0,7,0,0,4,20,1,7,0,nan,nan,nan,nan,1.167,nan,nan,1,1.053,1,1.167,nan,nan,nan,nan,nan,-0.067,nan,nan,0,-0.022,0,-0.067,nan,500,fresh
360154,0,0,0,0,0,0,7,0,0,4,20,1,7,0,nan,nan,nan,nan,1.167,nan,nan,1,1.053,1,1.167,nan,nan,nan,nan,nan,-0.067,nan,nan,0,-0.022,0,-0.067,nan,500,fresh
361224,0,0,0,0,0,0,7,0,0,4,20,1,7,0,nan,nan,nan,nan,1.167,nan,nan,1,1.053,1,1.167,nan,nan,nan,nan,nan,-0.067,nan,nan,0,-0.022,0,-0.067,nan,500,fresh
362294,0,0,0,0,0,0,7,0,0,4,19,1,7,0,nan,nan,nan,nan,1.167,nan,nan,1,1,1,1.167,nan,nan,nan,nan,nan,-0.067,nan,nan,0,0,0,-0.067,nan,500,fresh
363364,0,0,0,0,0,0,7,0,0,4,20,1,7,0,nan,nan,nan,nan,1.167,nan,nan,1,1.053,1,1.167,nan,nan,nan,nan,nan,-0.067,nan,nan,0,-0.022,0,-0.067,nan,500,fresh
364434,0,0,0,0,0,0,7,0,0,4,20,1,7,0,nan,nan,nan,nan,1.167,nan,nan,1,1.053,1,1.167,nan,nan,nan,nan,nan,-0.067,nan,nan,0,-0.022,0,-0.067,nan,500,fresh
365504,0,0,0,0,0,0,7,0,0,4,20,1,7,0,nan,nan,nan,nan,1.167,nan,nan,1,1.053,1,1.167,nan,nan,nan,nan,nan,-0.067,nan,nan,0,-0.022,0,-0.067,nan,500,fresh
366574,0,0,0,0,0,0,7,0,0,4,20,1,7,0,nan,nan,nan,nan,1.167,nan,nan,1,1.053,1,1.167,nan,nan,nan,nan,nan,-0.067,nan,nan,0,-0.022,0,-0.067,nan,500,fresh
367643,0,0,0,0,0,0,7,0,0,4,20,1,7,0,nan,nan,nan,nan,1.167,nan,nan,1,1.053,1,1.167,nan,nan,nan,nan,nan,-0.067,nan,nan,0,-0.022,0,-0.067,nan,500,fresh
368713,0,0,0,0,0,0,7,0,0,4,20,1,7,0,nan,nan,nan,nan,1.167,nan,nan,1,1.053,1,1.167,nan,nan,nan,nan,nan,-0.067,nan,nan,0,-0.022,0,-0.067,nan,500,fresh
369783,0,0,0,0,0,0,7,0,0,4,20,1,7,0,nan,nan,nan,nan,1.167,nan,nan,1,1.053,1,1.167,nan,nan,nan,nan,nan,-0.067,nan,nan,0,-0.022,0,-0.067,nan,500,fresh
370852,0,0,0,0,0,0,7,0,0,4,20,1,7,0,nan,nan,nan,nan,1.167,nan,nan,1,1.053,1,1.167,nan,nan,nan,nan,nan,-0.067,nan,nan,0,-0.022,0,-0.067,nan,500,fresh
371922,0,0,0,0,0,0,7,0,0,4,20,1,7,0,nan,nan,nan,nan,1.167,nan,nan,1,1.053,1,1.167,nan,nan,nan,nan,nan,-0.067,nan,nan,0,-0.022,0,-0.067,nan,500,fresh
372991,0,0,0,0,0,0,7,0,0,4,20,1,7,0,nan,nan,nan,nan,1.167,nan,nan,1,1.053,1,1.167,nan,nan,nan,nan,nan,-0.067,nan,nan,0,-0.022,0,-0.067,nan,500,fresh
374059,0,0,0,0,0,0,7,0,0,4,19,1,7,0,nan,nan,nan,nan,1.167,nan,nan,1,1,1,1.167,nan,nan,nan,nan,nan,-0.067,nan,nan,0,0,0,-0.067,nan,500,fresh
375127,0,0,0,0,0,0,7,0,0,4,20,1,7,0,nan,nan,nan,nan,1.167,nan,nan,1,1.053,1,1.167,nan,nan,nan,nan,nan,-0.067,nan,nan,0,-0.022,0,-0.067,nan,500,fresh
376197,0,0,0,0,0,0,7,0,0,4,20,1,7,0,nan,nan,nan,nan,1.167,nan,nan,1,1.053,1,1.167,nan,nan,nan,nan,nan,-0.067,nan,nan,0,-0.022,0,-0.067,nan,500,fresh
377265,0,0,0,0,0,0,7,0,0,4,19,1,7,0,nan,nan,nan,nan,1.167,nan,nan,1,1,1,1.167,nan,nan,nan,nan,nan,-0.067,nan,nan,0,0,0,-0.067,nan,500,fresh
378333,0,0,0,0,0,0,7,0,0,4,20,1,7,0,nan,nan,nan,nan,1.167,nan,nan,1,1.053,1,1.167,nan,nan,nan,nan,nan,-0.067,nan,nan,0,-0.022,0,-0.067,nan,500,fresh
379403,0,0,0,0,0,0,7,0,0,4,20,1,7,0,nan,nan,nan,nan,1.167,nan,nan,1,1.053,1,1.167,nan,nan,nan,nan,nan,-0.067,nan,nan,0,-0.022,0,-0.067,nan,500,fresh
380473,0,0,0,0,0,0,7,0,0,4,20,1,7,0,nan,nan,nan,nan,1.167,nan,nan,1,1.053,1,1.167,nan,nan,nan,nan,nan,-0.067,nan,nan,0,-0.022,0,-0.067,nan,500,fresh
381542,0,0,0,0,0,0,7,0,0,4,20,1,7,0,nan,nan,nan,nan,1.167,nan,nan,1,1.053,1,1.167,nan,nan,nan,nan,nan,-0.067,nan,nan,0,-0.022,0,-0.067,nan,500,fresh
382612,0,0,0,0,0,0,7,0,0,4,20,1,7,0,nan,nan,nan,nan,1.167,nan,nan,1,1.053,1,1.167,nan,nan,nan,nan,nan,-0.067,nan,nan,0,-0.022,0,-0.067,nan,500,fresh
383681,0,0,0,0,0,0,7,0,0,4,19,1,7,0,nan,nan,nan,nan,1.167,nan,nan,1,1,1,1.167,nan,nan,nan,nan,nan,-0.067,nan,nan,0,0,0,-0.067,nan,500,fresh
384750,0,0,0,0,0,0,7,0,0,4,20,1,7,0,nan,nan,nan,nan,1.167,nan,nan,1,1.053,1,1.167,nan,nan,nan,nan,nan,-0.067,nan,nan,0,-0.022,0,-0.067,nan,500,fresh
385819,0,0,0,0,0,0,7,0,0,4,20,1,7,0,nan,nan,nan,nan,1.167,nan,nan,1,1.053,1,1.167,nan,nan,nan,nan,nan,-0.067,nan,nan,0,-0.022,0,-0.067,nan,500,fresh
386889,0,0,0,0,0,0,6,0,0,4,19,1,7,0,nan,nan,nan,nan,1,nan,nan,1,1,1,1.167,nan,nan,nan,nan,nan,0,nan,nan,0,0,0,-0.067,nan,500,fresh
387957,0,0,0,0,0,0,7,0,0,4,20,1,7,0,nan,nan,nan,nan,1.167,nan,nan,1,1.053,1,1.167,nan,nan,nan,nan,nan,-0.067,nan,nan,0,-0.022,0,-0.067,nan,500,fresh
389027,0,0,0,0,0,0,7,0,0,4,20,1,7,0,nan,nan,nan,nan,1.167,nan,nan,1,1.053,1,1.167,nan,nan,nan,nan,nan,-0.067,nan,nan,0,-0.022,0,-0.067,nan,500,fresh
390096,0,0,0,0,0,0,7,0,0,4,20,1,7,0,nan,nan,nan,nan,1.167,nan,nan,1,1.053,1,1.167,nan,nan,nan,nan,nan,-0.067,nan,nan,0,-0.022,0,-0.067,nan,500,fresh
391165,0,0,0,0,0,0,7,0,0,4,20,1,7,0,nan,nan,nan,nan,1.167,nan,nan,1,1.053,1,1.167,nan,nan,nan,nan,nan,-0.067,nan,nan,0,-0.022,0,-0.067,nan,500,fresh
392235,0,0,0,0,0,0,7,0,0,4,19,1,7,0,nan,nan,nan,nan,1.167,nan,nan,1,1,1,1.167,nan,nan,nan,nan,nan,-0.067,nan,nan,0,0,0,-0.067,nan,500,fresh
393304,0,0,0,0,0,0,7,0,0,4,19,1,7,0,nan,nan,nan,nan,1.167,nan,nan,1,1,1,1.167,nan,nan,nan,nan,nan,-0.067,nan,nan,0,0,0,-0.067,nan,500,fresh
394373,0,0,0,0,0,0,7,0,0,4,19,1,7,0,nan,nan,nan,nan,1.167,nan,nan,1,1,1,1.167,nan,nan,nan,nan,nan,-0.067,nan,nan,0,0,0,-0.067,nan,500,fresh
395443,0,0,0,0,0,0,7,0,0,4,19,1,7,0,nan,nan,nan,nan,1.167,nan,nan,1,1,1,1.167,nan,nan,nan,nan,nan,-0.067,nan,nan,0,0,0,-0.067,nan,500,fresh
396513,0,0,0,0,0,0,7,0,0,4,19,1,7,0,nan,nan,nan,nan,1.167,nan,nan,1,1,1,1.167,nan,nan,nan,nan,nan,-0.067,nan,nan,0,0,0,-0.067,nan,500,fresh
397582,0,0,0,0,0,0,7,0,0,4,20,1,7,0,nan,nan,nan,nan,1.167,nan,nan,1,1.053,1,1.167,nan,nan,nan,nan,nan,-0.067,nan,nan,0,-0.022,0,-0.067,nan,500,fresh
398651,0,0,0,0,0,0,7,0,0,4,19,1,7,0,nan,nan,nan,nan,1.167,nan,nan,1,1,1,1.167,nan,nan,nan,nan,nan,-0.067,nan,nan,0,0,0,-0.067,nan,500,fresh
399720,0,0,0,0,0,0,7,0,0,4,20,1,7,0,nan,nan,nan,nan,1.167,nan,nan,1,1.053,1,1.167,nan,nan,nan,nan,nan,-0.067,nan,nan,0,-0.022,0,-0.067,nan,500,fresh
400789,0,0,0,0,0,0,7,0,0,4,20,1,7,0,nan,nan,nan,nan,1.167,nan,nan,1,1.053,1,1.167,nan,nan,nan,nan,nan,-0.067,nan,nan,0,-0.022,0,-0.067,nan,500,fresh
401859,0,0,0,0,0,0,7,0,0,4,19,1,7,0,nan,nan,nan,nan,1.167,nan,nan,1,1,1,1.167,nan,nan,nan,nan,nan,-0.067,nan,nan,0,0,0,-0.067,nan,500,fresh
402928,0,0,0,0,0,0,7,0,0,4,20,1,7,0,nan,nan,nan,nan,1.167,nan,nan,1,1.053,1,1.167,nan,nan,nan,nan,nan,-0.067,nan,nan,0,-0.022,0,-0.067,nan,500,fresh
403997,0,0,0,0,0,0,7,0,0,4,19,1,7,0,nan,nan,nan,nan,1.167,nan,nan,1,1,1,1.167,nan,nan,nan,nan,nan,-0.067,nan,nan,0,0,0,-0.067,nan,500,fresh
405067,0,0,0,0,0,0,7,0,0,4,19,1,7,0,nan,nan,nan,nan,1.167,nan,nan,1,1,1,1.167,nan,nan,nan,nan,nan,-0.067,nan,nan,0,0,0,-0.067,nan,500,fresh
406136,0,0,0,0,0,0,6,0,0,4,19,1,7,0,nan,nan,nan,nan,1,nan,nan,1,1,1,1.167,nan,nan,nan,nan,nan,0,nan,nan,0,0,0,-0.067,nan,500,fresh
407206,0,0,0,0,0,0,7,0,0,4,19,1,7,0,nan,nan,nan,nan,1.167,nan,nan,1,1,1,1.167,nan,nan,nan,nan,nan,-0.067,nan,nan,0,0,0,-0.067,nan,500,fresh
408276,0,0,0,0,0,0,7,0,0,4,19,1,7,0,nan,nan,nan,nan,1.167,nan,nan,1,1,1,1.167,nan,nan,nan,nan,nan,-0.067,nan,nan,0,0,0,-0.067,nan,500,fresh
409345,0,0,0,0,0,0,7,0,0,4,19,1,7,0,nan,nan,nan,nan,1.167,nan,nan,1,1,1,1.167,nan,nan,nan,nan,nan,-0.067,nan,nan,0,0,0,-0.067,nan,500,fresh
410415,0,0,0,0,0,0,7,0,0,4,19,1,7,0,nan,nan,nan,nan,1.167,nan,nan,1,1,1,1.167,nan,nan,nan,nan,nan,-0.067,nan,nan,0,0,0,-0.067,nan,500,fresh
411485,0,0,0,0,0,0,7,0,0,4,19,1,7,0,nan,nan,nan,nan,1.167,nan,nan,1,1,1,1.167,nan,nan,nan,nan,nan,-0.067,nan,nan,0,0,0,-0.067,nan,500,fresh
412555,0,0,0,0,0,0,7,0,0,4,19,1,7,0,nan,nan,nan,nan,1.167,nan,nan,1,1,1,1.167,nan,nan,nan,nan,nan,-0.067,nan,nan,0,0,0,-0.067,nan,500,fresh
413625,0,0,0,0,0,0,7,0,0,4,19,1,7,0,nan,nan,nan,nan,1.167,nan,nan,1,1,1,1.167,nan,nan,nan,nan,nan,-0.067,nan,nan,0,0,0,-0.067,nan,500,fresh
414694,0,0,0,0,0,0,7,0,0,4,19,1,7,0,nan,nan,nan,nan,1.167,nan,nan,1,1,1,1.167,nan,nan,nan,nan,nan,-0.067,nan,nan,0,0,0,-0.067,nan,500,fresh
415763,0,0,0,0,0,0,7,0,0,4,19,1,7,0,nan,nan,nan,nan,1.167,nan,nan,1,1,1,1.167,nan,nan,nan,nan,nan,-0.067,nan,nan,0,0,0,-0.067,nan,500,fresh
416832,0,0,0,0,0,0,7,0,0,4,19,1,7,0,nan,nan,nan,nan,1.167,nan,nan,1,1,1,1.167,nan,nan,nan,nan,nan,-0.067,nan,nan,0,0,0,-0.067,nan,500,fresh
417901,0,0,0,0,0,0,7,0,0,4,19,1,7,0,nan,nan,nan,nan,1.167,nan,nan,1,1,1,1.167,nan,nan,nan,nan,nan,-0.067,nan,nan,0,0,0,-0.067,nan,500,fresh
418971,0,0,0,0,0,0,7,0,0,4,19,1,7,0,nan,nan,nan,nan,1.167,nan,nan,1,1,1,1.167,nan,nan,nan,nan,nan,-0.067,nan,nan,0,0,0,-0.067,nan,500,fresh
420041,0,0,0,0,0,0,7,0,0,4,19,1,7,0,nan,nan,nan,nan,1.167,nan,nan,1,1,1,1.167,nan,nan,nan,nan,nan,-0.067,nan,nan,0,0,0,-0.067,nan,500,fresh
421111,0,0,0,0,0,0,7,0,0,4,19,1,7,0,nan,nan,nan,nan,1.167,nan,nan,1,1,1,1.167,nan,nan,nan,nan,nan,-0.067,nan,nan,0,0,0,-0.067,nan,500,fresh
422181,0,0,0,0,0,0,7,0,0,4,20,1,7,0,nan,nan,nan,nan,1.167,nan,nan,1,1.053,1,1.167,nan,nan,nan,nan,nan,-0.067,nan,nan,0,-0.022,0,-0.067,nan,500,fresh
423250,0,0,0,0,0,0,7,0,0,4,19,1,7,0,nan,nan,nan,nan,1.167,nan,nan,1,1,1,1.167,nan,nan,nan,nan,nan,-0.067,nan,nan,0,0,0,-0.067,nan,500,fresh
424319,0,0,0,0,0,0,7,0,0,4,19,1,7,0,nan,nan,nan,nan,1.167,nan,nan,1,1,1,1.167,nan,nan,nan,nan,nan,-0.067,nan,nan,0,0,0,-0.067,nan,500,fresh
425389,0,0,0,0,0,0,7,0,0,4,19,1,7,0,nan,nan,nan,nan,1.167,nan,nan,1,1,1,1.167,nan,nan,nan,nan,nan,-0.067,nan,nan,0,0,0,-0.067,nan,500,fresh
426457,0,0,0,0,0,0,7,0,0,4,20,1,7,0,nan,nan,nan,nan,1.167,nan,nan,1,1.053,1,1.167,nan,nan,nan,nan,nan,-0.067,nan,nan,0,-0.022,0,-0.067,nan,500,fresh
427527,0,0,0,0,0,0,7,0,0,4,19,1,7,0,nan,nan,nan,nan,1.167,nan,nan,1,1,1,1.167,nan,nan,nan,nan,nan,-0.067,nan,nan,0,0,0,-0.067,nan,500,fresh
428597,0,0,0,0,0,0,7,0,0,4,19,1,7,0,nan,nan,nan,nan,1.167,nan,nan,1,1,1,1.167,nan,nan,nan,nan,nan,-0.067,nan,nan,0,0,0,-0.067,nan,500,fresh
429666,0,0,0,0,0,0,7,0,0,4,19,1,7,0,nan,nan,nan,nan,1.167,nan,nan,1,1,1,1.167,nan,nan,nan,nan,nan,-0.067,nan,nan,0,0,0,-0.067,nan,500,fresh
430736,0,0,0,0,0,0,7,0,0,4,19,1,7,0,nan,nan,nan,nan,1.167,nan,nan,1,1,1,1.167,nan,nan,nan,nan,nan,-0.067,nan,nan,0,0,0,-0.067,nan,500,fresh
431806,0,0,0,0,0,0,7,0,0,4,19,1,7,0,nan,nan,nan,nan,1.167,nan,nan,1,1,1,1.167,nan,nan,nan,nan,nan,-0.067,nan,nan,0,0,0,-0.067,nan,500,fresh
432875,0,0,0,0,0,0,7,0,0,4,19,1,7,0,nan,nan,nan,nan,1.167,nan,nan,1,1,1,1.167,nan,nan,nan,nan,nan,-0.067,nan,nan,0,0,0,-0.067,nan,500,fresh
433945,0,0,0,0,0,0,7,0,0,4,19,1,7,0,nan,nan,nan,nan,1.167,nan,nan,1,1,1,1.167,nan,nan,nan,nan,nan,-0.067,nan,nan,0,0,0,-0.067,nan,500,fresh
435015,0,0,0,0,0,0,7,0,0,4,19,1,7,0,nan,nan,nan,nan,1.167,nan,nan,1,1,1,1.167,nan,nan,nan,nan,nan,-0.067,nan,nan,0,0,0,-0.067,nan,500,fresh
436085,0,0,0,0,0,0,7,0,0,4,19,1,7,0,nan,nan,nan,nan,1.167,nan,nan,1,1,1,1.167,nan,nan,nan,nan,nan,-0.067,nan,nan,0,0,0,-0.067,nan,500,fresh
437154,0,0,0,0,0,0,7,0,0,4,19,1,7,0,nan,nan,nan,nan,1.167,nan,nan,1,1,1,1.167,nan,nan,nan,nan,nan,-0.067,nan,nan,0,0,0,-0.067,nan,500,fresh
438224,0,0,0,0,0,0,7,0,0,4,19,1,7,0,nan,nan,nan,nan,1.167,nan,nan,1,1,1,1.167,nan,nan,nan,nan,nan,-0.067,nan,nan,0,0,0,-0.067,nan,500,fresh
50008,0,0,0,0,0,0,7,0,0,4,19,1,7,0,nan,nan,nan,nan,1.167,nan,nan,1,1,1,1.167,nan,nan,nan,nan,nan,-0.067,nan,nan,0,0,0,-0.067,nan,500,fresh
51077,0,0,0,0,0,0,6,0,0,4,19,1,7,0,nan,nan,nan,nan,1,nan,nan,1,1,1,1.167,nan,nan,nan,nan,nan,0,nan,nan,0,0,0,-0.067,nan,500,fresh
52146,0,0,0,0,0,0,7,0,0,4,19,1,7,0,nan,nan,nan,nan,1.167,nan,nan,1,1,1,1.167,nan,nan,nan,nan,nan,-0.067,nan,nan,0,0,0,-0.067,nan,500,fresh
53216,0,0,0,0,0,0,7,0,0,4,19,1,6,0,nan,nan,nan,nan,1.167,nan,nan,1,1,1,1,nan,nan,nan,nan,nan,-0.067,nan,nan,0,0,0,0,nan,500,fresh
54285,0,0,0,0,0,0,7,0,0,4,19,1,7,0,nan,nan,nan,nan,1.167,nan,nan,1,1,1,1.167,nan,nan,nan,nan,nan,-0.067,nan,nan,0,0,0,-0.067,nan,500,fresh
55355,0,0,0,0,0,0,7,0,0,4,19,1,6,0,nan,nan,nan,nan,1.167,nan,nan,1,1,1,1,nan,nan,nan,nan,nan,-0.067,nan,nan,0,0,0,0,nan,500,fresh
56425,0,0,0,0,0,0,7,0,0,4,19,1,7,0,nan,nan,nan,nan,1.167,nan,nan,1,1,1,1.167,nan,nan,nan,nan,nan,-0.067,nan,nan,0,0,0,-0.067,nan,500,fresh
57495,0,0,0,0,0,0,7,0,0,4,19,1,7,0,nan,nan,nan,nan,1.167,nan,nan,1,1,1,1.167,nan,nan,nan,nan,nan,-0.067,nan,nan,0,0,0,-0.067,nan,500,fresh
58564,0,0,0,0,0,0,7,0,0,4,19,1,7,0,nan,nan,nan,nan,1.167,nan,nan,1,1,1,1.167,nan,nan,nan,nan,nan,-0.067,nan,nan,0,0,0,-0.067,nan,500,fresh
59634,0,0,0,0,0,0,7,0,0,4,19,1,7,0,nan,nan,nan,nan,1.167,nan,nan,1,1,1,1.167,nan,nan,nan,nan,nan,-0.067,nan,nan,0,0,0,-0.067,nan,500,fresh
60704,0,0,0,0,0,0,7,0,0,4,19,1,7,0,nan,nan,nan,nan,1.167,nan,nan,1,1,1,1.167,nan,nan,nan,nan,nan,-0.067,nan,nan,0,0,0,-0.067,nan,500,fresh
61774,0,0,0,0,0,0,7,0,0,4,19,1,7,0,nan,nan,nan,nan,1.167,nan,nan,1,1,1,1.167,nan,nan,nan,nan,nan,-0.067,nan,nan,0,0,0,-0.067,nan,500,fresh
62844,0,0,0,0,0,0,6,0,0,4,19,1,7,0,nan,nan,nan,nan,1,nan,nan,1,1,1,1.167,nan,nan,nan,nan,nan,0,nan,nan,0,0,0,-0.067,nan,500,fresh
63913,0,0,0,0,0,0,7,0,0,4,19,1,7,0,nan,nan,nan,nan,1.167,nan,nan,1,1,1,1.167,nan,nan,nan,nan,nan,-0.067,nan,nan,0,0,0,-0.067,nan,500,fresh
64983,0,0,0,0,0,0,7,0,0,4,19,1,7,0,nan,nan,nan,nan,1.167,nan,nan,1,1,1,1.167,nan,nan,nan,nan,nan,-0.067,nan,nan,0,0,0,-0.067,nan,500,fresh
66053,0,0,0,0,0,0,7,0,0,4,19,1,7,0,nan,nan,nan,nan,1.167,nan,nan,1,1,1,1.167,nan,nan,nan,nan,nan,-0.067,nan,nan,0,0,0,-0.067,nan,500,fresh
67123,0,0,0,0,0,0,7,0,0,4,19,1,7,0,nan,nan,nan,nan,1.167,nan,nan,1,1,1,1.167,nan,nan,nan,nan,nan,-0.067,nan,nan,0,0,0,-0.067,nan,500,fresh
68193,0,0,0,0,0,0,7,0,0,4,19,1,7,0,nan,nan,nan,nan,1.167,nan,nan,1,1,1,1.167,nan,nan,nan,nan,nan,-0.067,nan,nan,0,0,0,-0.067,nan,500,fresh
69263,0,0,0,0,0,0,7,0,0,4,19,1,7,0,nan,nan,nan,nan,1.167,nan,nan,1,1,1,1.167,nan,nan,nan,nan,nan,-0.067,nan,nan,0,0,0,-0.067,nan,500,fresh
70333,0,0,0,0,0,0,7,0,0,4,19,1,7,0,nan,nan,nan,nan,1.167,nan,nan,1,1,1,1.167,nan,nan,nan,nan,nan,-0.067,nan,nan,0,0,0,-0.067,nan,500,fresh
71403,0,0,0,0,0,0,7,0,0,4,19,1,7,0,nan,nan,nan,nan,1.167,nan,nan,1,1,1,1.167,nan,nan,nan,nan,nan,-0.067,nan,nan,0,0,0,-0.067,nan,500,fresh
72473,0,0,0,0,0,0,6,0,0,4,19,1,7,0,nan,nan,nan,nan,1,nan,nan,1,1,1,1.167,nan,nan,nan,nan,nan,0,nan,nan,0,0,0,-0.067,nan,500,fresh
73542,0,0,0,0,0,0,7,0,0,4,19,1,6,0,nan,nan,nan,nan,1.167,nan,nan,1,1,1,1,nan,nan,nan,nan,nan,-0.067,nan,nan,0,0,0,0,nan,500,fresh
74611,0,0,0,0,0,0,7,0,0,4,19,1,7,0,nan,nan,nan,nan,1.167,nan,nan,1,1,1,1.167,nan,nan,nan,nan,nan,-0.067,nan,nan,0,0,0,-0.067,nan,500,fresh
75681,0,0,0,0,0,0,7,0,0,4,19,1,7,0,nan,nan,nan,nan,1.167,nan,nan,1,1,1,1.167,nan,nan,nan,nan,nan,-0.067,nan,nan,0,0,0,-0.067,nan,500,fresh
76751,0,0,0,0,0,0,7,0,0,4,19,1,7,0,nan,nan,nan,nan,1.167,nan,nan,1,1,1,1.167,nan,nan,nan,nan,nan,-0.067,nan,nan,0,0,0,-0.067,nan,500,fresh
77821,0,0,0,0,0,0,7,0,0,4,19,1,7,0,nan,nan,nan,nan,1.167,nan,nan,1,1,1,1.167,nan,nan,nan,nan,nan,-0.067,nan,nan,0,0,0,-0.067,nan,500,fresh
78891,0,0,0,0,0,0,7,0,0,4,19,1,7,0,nan,nan,nan,nan,1.167,nan,nan,1,1,1,1.167,nan,nan,nan,nan,nan,-0.067,nan,nan,0,0,0,-0.067,nan,500,fresh
79960,0,0,0,0,0,0,7,0,0,4,19,1,6,0,nan,nan,nan,nan,1.167,nan,nan,1,1,1,1,nan,nan,nan,nan,nan,-0.067,nan,nan,0,0,0,0,nan,500,fresh
81030,0,0,0,0,0,0,6,0,0,4,19,1,7,0,nan,nan,nan,nan,1,nan,nan,1,1,1,1.167,nan,nan,nan,nan,nan,0,nan,nan,0,0,0,-0.067,nan,500,fresh
82099,0,0,0,0,0,0,7,0,0,4,19,1,7,0,nan,nan,nan,nan,1.167,nan,nan,1,1,1,1.167,nan,nan,nan,nan,nan,-0.067,nan,nan,0,0,0,-0.067,nan,500,fresh
83168,0,0,0,0,0,0,7,0,0,4,19,1,7,0,nan,nan,nan,nan,1.167,nan,nan,1,1,1,1.167,nan,nan,nan,nan,nan,-0.067,nan,nan,0,0,0,-0.067,nan,500,fresh
84238,0,0,0,0,0,0,7,0,0,4,19,1,6,0,nan,nan,nan,nan,1.167,nan,nan,1,1,1,1,nan,nan,nan,nan,nan,-0.067,nan,nan,0,0,0,0,nan,500,fresh
85308,0,0,0,0,0,0,7,0,0,4,19,1,7,0,nan,nan,nan,nan,1.167,nan,nan,1,1,1,1.167,nan,nan,nan,nan,nan,-0.067,nan,nan,0,0,0,-0.067,nan,500,fresh
86377,0,0,0,0,0,0,7,0,0,4,19,1,7,0,nan,nan,nan,nan,1.167,nan,nan,1,1,1,1.167,nan,nan,nan,nan,nan,-0.067,nan,nan,0,0,0,-0.067,nan,500,fresh
87447,0,0,0,0,0,0,7,0,0,4,19,1,7,0,nan,nan,nan,nan,1.167,nan,nan,1,1,1,1.167,nan,nan,nan,nan,nan,-0.067,nan,nan,0,0,0,-0.067,nan,500,fresh
88516,0,0,0,0,0,0,6,0,0,4,19,1,7,0,nan,nan,nan,nan,1,nan,nan,1,1,1,1.167,nan,nan,nan,nan,nan,0,nan,nan,0,0,0,-0.067,nan,500,fresh
89586,0,0,0,0,0,0,7,0,0,4,19,1,7,0,nan,nan,nan,nan,1.167,nan,nan,1,1,1,1.167,nan,nan,nan,nan,nan,-0.067,nan,nan,0,0,0,-0.067,nan,500,fresh
90655,0,0,0,0,0,0,7,0,0,4,19,1,7,0,nan,nan,nan,nan,1.167,nan,nan,1,1,1,1.167,nan,nan,nan,nan,nan,-0.067,nan,nan,0,0,0,-0.067,nan,500,fresh
91723,0,0,0,0,0,0,7,0,0,4,19,1,7,0,nan,nan,nan,nan,1.167,nan,nan,1,1,1,1.167,nan,nan,nan,nan,nan,-0.067,nan,nan,0,0,0,-0.067,nan,500,fresh
92792,0,0,0,0,0,0,7,0,0,4,19,1,7,0,nan,nan,nan,nan,1.167,nan,nan,1,1,1,1.167,nan,nan,nan,nan,nan,-0.067,nan,nan,0,0,0,-0.067,nan,500,fresh
93862,0,0,0,0,0,0,6,0,0,4,19,1,7,0,nan,nan,nan,nan,1,nan,nan,1,1,1,1.167,nan,nan,nan,nan,nan,0,nan,nan,0,0,0,-0.067,nan,500,fresh
94931,0,0,0,0,0,0,7,0,0,4,19,1,7,0,nan,nan,nan,nan,1.167,nan,nan,1,1,1,1.167,nan,nan,nan,nan,nan,-0.067,nan,nan,0,0,0,-0.067,nan,500,fresh
96000,0,0,0,0,0,0,7,0,0,4,19,1,7,0,nan,nan,nan,nan,1.167,nan,nan,1,1,1,1.167,nan,nan,nan,nan,nan,-0.067,nan,nan,0,0,0,-0.067,nan,500,fresh
97069,0,0,0,0,0,0,7,0,0,4,19,1,7,0,nan,nan,nan,nan,1.167,nan,nan,1,1,1,1.167,nan,nan,nan,nan,nan,-0.067,nan,nan,0,0,0,-0.067,nan,500,fresh
98138,0,0,0,0,0,0,7,0,0,4,19,1,7,0,nan,nan,nan,nan,1.167,nan,nan,1,1,1,1.167,nan,nan,nan,nan,nan,-0.067,nan,nan,0,0,0,-0.067,nan,500,fresh
99207,0,0,0,0,0,0,7,0,0,4,19,1,7,0,nan,nan,nan,nan,1.167,nan,nan,1,1,1,1.167,nan,nan,nan,nan,nan,-0.067,nan,nan,0,0,0,-0.067,nan,500,fresh
100276,0,0,0,0,0,0,7,0,0,4,19,1,7,0,nan,nan,nan,nan,1.167,nan,nan,1,1,1,1.167,nan,nan,nan,nan,nan,-0.067,nan,nan,0,0,0,-0.067,nan,500,fresh
101346,0,0,0,0,0,0,7,0,0,4,19,1,7,0,nan,nan,nan,nan,1.167,nan,nan,1,1,1,1.167,nan,nan,nan,nan,nan,-0.067,nan,nan,0,0,0,-0.067,nan,500,fresh
102416,0,0,0,0,0,0,7,0,0,4,19,1,7,0,nan,nan,nan,nan,1.167,nan,nan,1,1,1,1.167,nan,nan,nan,nan,nan,-0.067,nan,nan,0,0,0,-0.067,nan,500,fresh
103485,0,0,0,0,0,0,7,0,0,3,19,1,7,0,nan,nan,nan,nan,1.167,nan,nan,0.75,1,1,1.167,nan,nan,nan,nan,nan,-0.067,nan,nan,0.125,0,0,-0.067,nan,500,fresh
104555,0,0,0,0,0,0,6,0,0,4,19,1,7,0,nan,nan,nan,nan,1,nan,nan,1,1,1,1.167,nan,nan,nan,nan,nan,0,nan,nan,0,0,0,-0.067,nan,500,fresh
105625,0,0,0,0,0,0,7,0,0,4,19,1,7,0,nan,nan,nan,nan,1.167,nan,nan,1,1,1,1.167,nan,nan,nan,nan,nan,-0.067,nan,nan,0,0,0,-0.067,nan,500,fresh
106694,0,0,0,0,0,0,7,0,0,4,19,1,7,0,nan,nan,nan,nan,1.167,nan,nan,1,1,1,1.167,nan,nan,nan,nan,nan,-0.067,nan,nan,0,0,0,-0.067,nan,500,fresh
107763,0,0,0,0,0,0,7,0,0,4,19,1,7,0,nan,nan,nan,nan,1.167,nan,nan,1,1,1,1.167,nan,nan,nan,nan,nan,-0.067,nan,nan,0,0,0,-0.067,nan,500,fresh
108833,0,0,0,0,0,0,7,0,0,4,19,1,7,0,nan,nan,nan,nan,1.167,nan,nan,1,1,1,1.167,nan,nan,nan,nan,nan,-0.067,nan,nan,0,0,0,-0.067,nan,500,fresh
109903,0,0,0,0,0,0,7,0,0,4,19,1,7,0,nan,nan,nan,nan,1.167,nan,nan,1,1,1,1.167,nan,nan,nan,nan,nan,-0.067,nan,nan,0,0,0,-0.067,nan,500,fresh
110971,0,0,0,0,0,0,7,0,0,4,19,1,7,0,nan,nan,nan,nan,1.167,nan,nan,1,1,1,1.167,nan,nan,nan,nan,nan,-0.067,nan,nan,0,0,0,-0.067,nan,500,fresh
112041,0,0,0,0,0,0,7,0,0,4,19,1,7,0,nan,nan,nan,nan,1.167,nan,nan,1,1,1,1.167,nan,nan,nan,nan,nan,-0.067,nan,nan,0,0,0,-0.067,nan,500,fresh
113111,0,0,0,0,0,0,7,0,0,4,19,1,7,0,nan,nan,nan,nan,1.167,nan,nan,1,1,1,1.167,nan,nan,nan,nan,nan,-0.067,nan,nan,0,0,0,-0.067,nan,500,fresh
114180,0,0,0,0,0,0,7,0,0,4,19,1,7,0,nan,nan,nan,nan,1.167,nan,nan,1,1,1,1.167,nan,nan,nan,nan,nan,-0.067,nan,nan,0,0,0,-0.067,nan,500,fresh
115250,0,0,0,0,0,0,7,0,0,4,19,1,7,0,nan,nan,nan,nan,1.167,nan,nan,1,1,1,1.167,nan,nan,nan,nan,nan,-0.067,nan,nan,0,0,0,-0.067,nan,500,fresh
116319,0,0,0,0,0,0,7,0,0,4,19,1,7,0,nan,nan,nan,nan,1.167,nan,nan,1,1,1,1.167,nan,nan,nan,nan,nan,-0.067,nan,nan,0,0,0,-0.067,nan,500,fresh
117388,0,0,0,0,0,0,7,0,0,4,19,1,7,0,nan,nan,nan,nan,1.167,nan,nan,1,1,1,1.167,nan,nan,nan,nan,nan,-0.067,nan,nan,0,0,0,-0.067,nan,500,fresh
118457,0,0,0,0,0,0,7,0,0,4,19,1,7,0,nan,nan,nan,nan,1.167,nan,nan,1,1,1,1.167,nan,nan,nan,nan,nan,-0.067,nan,nan,0,0,0,-0.067,nan,500,fresh
119526,0,0,0,0,0,0,7,0,0,4,19,1,7,0,nan,nan,nan,nan,1.167,nan,nan,1,1,1,1.167,nan,nan,nan,nan,nan,-0.067,nan,nan,0,0,0,-0.067,nan,500,fresh
120596,0,0,0,0,0,0,7,0,0,4,19,1,7,0,nan,nan,nan,nan,1.167,nan,nan,1,1,1,1.167,nan,nan,nan,nan,nan,-0.067,nan,nan,0,0,0,-0.067,nan,500,fresh
121664,0,0,0,0,0,0,7,0,0,4,19,1,7,0,nan,nan,nan,nan,1.167,nan,nan,1,1,1,1.167,nan,nan,nan,nan,nan,-0.067,nan,nan,0,0,0,-0.067,nan,500,fresh
122733,0,0,0,0,0,0,6,0,0,4,19,1,7,0,nan,nan,nan,nan,1,nan,nan,1,1,1,1.167,nan,nan,nan,nan,nan,0,nan,nan,0,0,0,-0.067,nan,500,fresh
123803,0,0,0,0,0,0,7,0,0,4,19,1,7,0,nan,nan,nan,nan,1.167,nan,nan,1,1,1,1.167,nan,nan,nan,nan,nan,-0.067,nan,nan,0,0,0,-0.067,nan,500,fresh
124872,0,0,0,0,0,0,7,0,0,4,19,1,7,0,nan,nan,nan,nan,1.167,nan,nan,1,1,1,1.167,nan,nan,nan,nan,nan,-0.067,nan,nan,0,0,0,-0.067,nan,500,fresh
125941,0,0,0,0,0,0,7,0,0,4,19,1,7,0,nan,nan,nan,nan,1.167,nan,nan,1,1,1,1.167,nan,nan,nan,nan,nan,-0.067,nan,nan,0,0,0,-0.067,nan,500,fresh
127011,0,0,0,0,0,0,7,0,0,4,19,1,7,0,nan,nan,nan,nan,1.167,nan,nan,1,1,1,1.167,nan,nan,nan,nan,nan,-0.067,nan,nan,0,0,0,-0.067,nan,500,fresh
128081,0,0,0,0,0,0,7,0,0,4,19,1,7,0,nan,nan,nan,nan,1.167,nan,nan,1,1,1,1.167,nan,nan,nan,nan,nan,-0.067,nan,nan,0,0,0,-0.067,nan,500,fresh
129149,0,0,0,0,0,0,7,0,0,4,19,1,7,0,nan,nan,nan,nan,1.167,nan,nan,1,1,1,1.167,nan,nan,nan,nan,nan,-0.067,nan,nan,0,0,0,-0.067,nan,500,fresh
130219,0,0,0,0,0,0,7,0,0,4,19,1,7,0,nan,nan,nan,nan,1.167,nan,nan,1,1,1,1.167,nan,nan,nan,nan,nan,-0.067,nan,nan,0,0,0,-0.067,nan,500,fresh
131289,0,0,0,0,0,0,7,0,0,4,19,1,7,0,nan,nan,nan,nan,1.167,nan,nan,1,1,1,1.167,nan,nan,nan,nan,nan,-0.067,nan,nan,0,0,0,-0.067,nan,500,fresh
132359,0,0,0,0,0,0,7,0,0,4,19,1,6,0,nan,nan,nan,nan,1.167,nan,nan,1,1,1,1,nan,nan,nan,nan,nan,-0.067,nan,nan,0,0,0,0,nan,500,fresh
133429,0,0,0,0,0,0,7,0,0,4,19,1,7,0,nan,nan,nan,nan,1.167,nan,nan,1,1,1,1.167,nan,nan,nan,nan,nan,-0.067,nan,nan,0,0,0,-0.067,nan,500,fresh
134497,0,0,0,0,0,0,7,0,0,4,19,1,7,0,nan,nan,nan,nan,1.167,nan,nan,1,1,1,1.167,nan,nan,nan,nan,nan,-0.067,nan,nan,0,0,0,-0.067,nan,500,fresh
135567,0,0,0,0,0,0,7,0,0,4,19,1,7,0,nan,nan,nan,nan,1.167,nan,nan,1,1,1,1.167,nan,nan,nan,nan,nan,-0.067,nan,nan,0,0,0,-0.067,nan,500,fresh
136637,0,0,0,0,0,0,7,0,0,4,19,1,7,0,nan,nan,nan,nan,1.167,nan,nan,1,1,1,1.167,nan,nan,nan,nan,nan,-0.067,nan,nan,0,0,0,-0.067,nan,500,fresh
137707,0,0,0,0,0,0,7,0,0,4,19,1,7,0,nan,nan,nan,nan,1.167,nan,nan,1,1,1,1.167,nan,nan,nan,nan,nan,-0.067,nan,nan,0,0,0,-0.067,nan,500,fresh
138776,0,0,0,0,0,0,7,0,0,4,19,1,7,0,nan,nan,nan,nan,1.167,nan,nan,1,1,1,1.167,nan,nan,nan,nan,nan,-0.067,nan,nan,0,0,0,-0.067,nan,500,fresh
139845,0,0,0,0,0,0,7,0,0,4,19,1,7,0,nan,nan,nan,nan,1.167,nan,nan,1,1,1,1.167,nan,nan,nan,nan,nan,-0.067,nan,nan,0,0,0,-0.067,nan,500,fresh
140915,0,0,0,0,0,0,7,0,0,4,19,1,7,0,nan,nan,nan,nan,1.167,nan,nan,1,1,1,1.167,nan,nan,nan,nan,nan,-0.067,nan,nan,0,0,0,-0.067,nan,500,fresh
141984,0,0,0,0,0,0,7,0,0,4,19,1,7,0,nan,nan,nan,nan,1.167,nan,nan,1,1,1,1.167,nan,nan,nan,nan,nan,-0.067,nan,nan,0,0,0,-0.067,nan,500,fresh
143054,0,0,0,0,0,0,7,0,0,4,19,1,7,0,nan,nan,nan,nan,1.167,nan,nan,1,1,1,1.167,nan,nan,nan,nan,nan,-0.067,nan,nan,0,0,0,-0.067,nan,500,fresh
144124,0,0,0,0,0,0,7,0,0,4,19,1,7,0,nan,nan,nan,nan,1.167,nan,nan,1,1,1,1.167,nan,nan,nan,nan,nan,-0.067,nan,nan,0,0,0,-0.067,nan,500,fresh
145194,0,0,0,0,0,0,7,0,0,4,19,1,7,0,nan,nan,nan,nan,1.167,nan,nan,1,1,1,1.167,nan,nan,nan,nan,nan,-0.067,nan,nan,0,0,0,-0.067,nan,500,fresh
146264,0,0,0,0,0,0,7,0,0,4,19,1,7,0,nan,nan,nan,nan,1.167,nan,nan,1,1,1,1.167,nan,nan,nan,nan,nan,-0.067,nan,nan,0,0,0,-0.067,nan,500,fresh
147332,0,0,0,0,0,0,7,0,0,4,19,1,7,0,nan,nan,nan,nan,1.167,nan,nan,1,1,1,1.167,nan,nan,nan,nan,nan,-0.067,nan,nan,0,0,0,-0.067,nan,500,fresh
148402,0,0,0,0,0,0,7,0,0,4,19,1,7,0,nan,nan,nan,nan,1.167,nan,nan,1,1,1,1.167,nan,nan,nan,nan,nan,-0.067,nan,nan,0,0,0,-0.067,nan,500,fresh
149471,0,0,0,0,0,0,7,0,0,4,19,1,7,0,nan,nan,nan,nan,1.167,nan,nan,1,1,1,1.167,nan,nan,nan,nan,nan,-0.067,nan,nan,0,0,0,-0.067,nan,500,fresh
150541,0,0,0,0,0,0,7,0,0,4,19,1,7,0,nan,nan,nan,nan,1.167,nan,nan,1,1,1,1.167,nan,nan,nan,nan,nan,-0.067,nan,nan,0,0,0,-0.067,nan,500,fresh
151611,0,0,0,0,0,0,7,0,0,4,19,1,7,0,nan,nan,nan,nan,1.167,nan,nan,1,1,1,1.167,nan,nan,nan,nan,nan,-0.067,nan,nan,0,0,0,-0.067,nan,500,fresh
152680,0,0,0,0,0,0,7,0,0,4,19,1,7,0,nan,nan,nan,nan,1.167,nan,nan,1,1,1,1.167,nan,nan,nan,nan,nan,-0.067,nan,nan,0,0,0,-0.067,nan,500,fresh
153750,0,0,0,0,0,0,7,0,0,4,19,1,7,0,nan,nan,nan,nan,1.167,nan,nan,1,1,1,1.167,nan,nan,nan,nan,nan,-0.067,nan,nan,0,0,0,-0.067,nan,500,fresh
154820,0,0,0,0,0,0,7,0,0,4,19,1,7,0,nan,nan,nan,nan,1.167,nan,nan,1,1,1,1.167,nan,nan,nan,nan,nan,-0.067,nan,nan,0,0,0,-0.067,nan,500,fresh
155890,0,0,0,0,0,0,7,0,0,4,19,1,7,0,nan,nan,nan,nan,1.167,nan,nan,1,1,1,1.167,nan,nan,nan,nan,nan,-0.067,nan,nan,0,0,0,-0.067,nan,500,fresh
156960,0,0,0,0,0,0,7,0,0,4,19,1,7,0,nan,nan,nan,nan,1.167,nan,nan,1,1,1,1.167,nan,nan,nan,nan,nan,-0.067,nan,nan,0,0,0,-0.067,nan,500,fresh
158030,0,0,0,0,0,0,7,0,0,4,19,1,7,0,nan,nan,nan,nan,1.167,nan,nan,1,1,1,1.167,nan,nan,nan,nan,nan,-0.067,nan,nan,0,0,0,-0.067,nan,500,fresh
159100,0,0,0,0,0,0,7,0,0,4,19,1,6,0,nan,nan,nan,nan,1.167,nan,nan,1,1,1,1,nan,nan,nan,nan,nan,-0.067,nan,nan,0,0,0,0,nan,500,fresh
160168,0,0,0,0,0,0,7,0,0,4,19,1,7,0,nan,nan,nan,nan,1.167,nan,nan,1,1,1,1.167,nan,nan,nan,nan,nan,-0.067,nan,nan,0,0,0,-0.067,nan,500,fresh
161237,0,0,0,0,0,0,7,0,0,4,19,1,7,0,nan,nan,nan,nan,1.167,nan,nan,1,1,1,1.167,nan,nan,nan,nan,nan,-0.067,nan,nan,0,0,0,-0.067,nan,500,fresh
162306,0,0,0,0,0,0,7,0,0,4,19,1,7,0,nan,nan,nan,nan,1.167,nan,nan,1,1,1,1.167,nan,nan,nan,nan,nan,-0.067,nan,nan,0,0,0,-0.067,nan,500,fresh
163376,0,0,0,0,0,0,7,0,0,4,19,1,7,0,nan,nan,nan,nan,1.167,nan,nan,1,1,1,1.167,nan,nan,nan,nan,nan,-0.067,nan,nan,0,0,0,-0.067,nan,500,fresh
164444,0,0,0,0,0,0,7,0,0,4,19,1,7,0,nan,nan,nan,nan,1.167,nan,nan,1,1,1,1.167,nan,nan,nan,nan,nan,-0.067,nan,nan,0,0,0,-0.067,nan,500,fresh
165513,0,0,0,0,0,0,7,0,0,4,19,1,7,0,nan,nan,nan,nan,1.167,nan,nan,1,1,1,1.167,nan,nan,nan,nan,nan,-0.067,nan,nan,0,0,0,-0.067,nan,500,fresh
166583,0,0,0,0,0,0,7,0,0,4,19,1,7,0,nan,nan,nan,nan,1.167,nan,nan,1,1,1,1.167,nan,nan,nan,nan,nan,-0.067,nan,nan,0,0,0,-0.067,nan,500,fresh
167652,0,0,0,0,0,0,7,0,0,4,19,1,7,0,nan,nan,nan,nan,1.167,nan,nan,1,1,1,1.167,nan,nan,nan,nan,nan,-0.067,nan,nan,0,0,0,-0.067,nan,500,fresh
168722,0,0,0,0,0,0,7,0,0,4,19,1,7,0,nan,nan,nan,nan,1.167,nan,nan,1,1,1,1.167,nan,nan,nan,nan,nan,-0.067,nan,nan,0,0,0,-0.067,nan,500,fresh
169792,0,0,0,0,0,0,7,0,0,4,19,1,7,0,nan,nan,nan,nan,1.167,nan,nan,1,1,1,1.167,nan,nan,nan,nan,nan,-0.067,nan,nan,0,0,0,-0.067,nan,500,fresh
170862,0,0,0,0,0,0,7,0,0,4,19,1,7,0,nan,nan,nan,nan,1.167,nan,nan,1,1,1,1.167,nan,nan,nan,nan,nan,-0.067,nan,nan,0,0,0,-0.067,nan,500,fresh
171932,0,0,0,0,0,0,6,0,0,4,19,1,7,0,nan,nan,nan,nan,1,nan,nan,1,1,1,1.167,nan,nan,nan,nan,nan,0,nan,nan,0,0,0,-0.067,nan,500,fresh
173002,0,0,0,0,0,0,7,0,0,4,19,1,7,0,nan,nan,nan,nan,1.167,nan,nan,1,1,1,1.167,nan,nan,nan,nan,nan,-0.067,nan,nan,0,0,0,-0.067,nan,500,fresh
174072,0,0,0,0,0,0,7,0,0,4,19,1,7,0,nan,nan,nan,nan,1.167,nan,nan,1,1,1,1.167,nan,nan,nan,nan,nan,-0.067,nan,nan,0,0,0,-0.067,nan,500,fresh
175140,0,0,0,0,0,0,6,0,0,4,19,1,7,0,nan,nan,nan,nan,1,nan,nan,1,1,1,1.167,nan,nan,nan,nan,nan,0,nan,nan,0,0,0,-0.067,nan,500,fresh
176210,0,0,0,0,0,0,7,0,0,4,19,1,7,0,nan,nan,nan,nan,1.167,nan,nan,1,1,1,1.167,nan,nan,nan,nan,nan,-0.067,nan,nan,0,0,0,-0.067,nan,500,fresh
177280,0,0,0,0,0,0,7,0,0,4,19,1,7,0,nan,nan,nan,nan,1.167,nan,nan,1,1,1,1.167,nan,nan,nan,nan,nan,-0.067,nan,nan,0,0,0,-0.067,nan,500,fresh
178350,0,0,0,0,0,0,6,0,0,4,19,1,7,0,nan,nan,nan,nan,1,nan,nan,1,1,1,1.167,nan,nan,nan,nan,nan,0,nan,nan,0,0,0,-0.067,nan,500,fresh
179419,0,0,0,0,0,0,7,0,0,4,19,1,7,0,nan,nan,nan,nan,1.167,nan,nan,1,1,1,1.167,nan,nan,nan,nan,nan,-0.067,nan,nan,0,0,0,-0.067,nan,500,fresh
180488,0,0,0,0,0,0,7,0,0,4,19,1,7,0,nan,nan,nan,nan,1.167,nan,nan,1,1,1,1.167,nan,nan,nan,nan,nan,-0.067,nan,nan,0,0,0,-0.067,nan,500,fresh
181557,0,0,0,0,0,0,7,0,0,4,19,1,7,0,nan,nan,nan,nan,1.167,nan,nan,1,1,1,1.167,nan,nan,nan,nan,nan,-0.067,nan,nan,0,0,0,-0.067,nan,500,fresh
182627,0,0,0,0,0,0,7,0,0,4,19,1,7,0,nan,nan,nan,nan,1.167,nan,nan,1,1,1,1.167,nan,nan,nan,nan,nan,-0.067,nan,nan,0,0,0,-0.067,nan,500,fresh
183697,0,0,0,0,0,0,7,0,0,4,19,1,7,0,nan,nan,nan,nan,1.167,nan,nan,1,1,1,1.167,nan,nan,nan,nan,nan,-0.067,nan,nan,0,0,0,-0.067,nan,500,fresh
184766,0,0,0,0,0,0,7,0,0,4,19,1,7,0,nan,nan,nan,nan,1.167,nan,nan,1,1,1,1.167,nan,nan,nan,nan,nan,-0.067,nan,nan,0,0,0,-0.067,nan,500,fresh
185836,0,0,0,0,0,0,7,0,0,4,19,1,7,0,nan,nan,nan,nan,1.167,nan,nan,1,1,1,1.167,nan,nan,nan,nan,nan,-0.067,nan,nan,0,0,0,-0.067,nan,500,fresh
186906,0,0,0,0,0,0,7,0,0,4,19,1,7,0,nan,nan,nan,nan,1.167,nan,nan,1,1,1,1.167,nan,nan,nan,nan,nan,-0.067,nan,nan,0,0,0,-0.067,nan,500,fresh
187976,0,0,0,0,0,0,7,0,0,4,19,1,6,0,nan,nan,nan,nan,1.167,nan,nan,1,1,1,1,nan,nan,nan,nan,nan,-0.067,nan,nan,0,0,0,0,nan,500,fresh
189046,0,0,0,0,0,0,7,0,0,4,19,1,6,0,nan,nan,nan,nan,1.167,nan,nan,1,1,1,1,nan,nan,nan,nan,nan,-0.067,nan,nan,0,0,0,0,nan,500,fresh
190115,0,0,0,0,0,0,6,0,0,4,19,1,7,0,nan,nan,nan,nan,1,nan,nan,1,1,1,1.167,nan,nan,nan,nan,nan,0,nan,nan,0,0,0,-0.067,nan,500,fresh
191185,0,0,0,0,0,0,7,0,0,4,19,1,6,0,nan,nan,nan,nan,1.167,nan,nan,1,1,1,1,nan,nan,nan,nan,nan,-0.067,nan,nan,0,0,0,0,nan,500,fresh
192255,0,0,0,0,0,0,7,0,0,4,19,1,7,0,nan,nan,nan,nan,1.167,nan,nan,1,1,1,1.167,nan,nan,nan,nan,nan,-0.067,nan,nan,0,0,0,-0.067,nan,500,fresh
193324,0,0,0,0,0,0,7,0,0,4,19,1,7,0,nan,nan,nan,nan,1.167,nan,nan,1,1,1,1.167,nan,nan,nan,nan,nan,-0.067,nan,nan,0,0,0,-0.067,nan,500,fresh
194394,0,0,0,0,0,0,7,0,0,4,19,1,7,0,nan,nan,nan,nan,1.167,nan,nan,1,1,1,1.167,nan,nan,nan,nan,nan,-0.067,nan,nan,0,0,0,-0.067,nan,500,fresh
195464,0,0,0,0,0,0,7,0,0,4,19,1,7,0,nan,nan,nan,nan,1.167,nan,nan,1,1,1,1.167,nan,nan,nan,nan,nan,-0.067,nan,nan,0,0,0,-0.067,nan,500,fresh
196534,0,0,0,0,0,0,7,0,0,4,19,1,7,0,nan,nan,nan,nan,1.167,nan,nan,1,1,1,1.167,nan,nan,nan,nan,nan,-0.067,nan,nan,0,0,0,-0.067,nan,500,fresh
197604,0,0,0,0,0,0,7,0,0,4,19,1,7,0,nan,nan,nan,nan,1.167,nan,nan,1,1,1,1.167,nan,nan,nan,nan,nan,-0.067,nan,nan,0,0,0,-0.067,nan,500,fresh
198673,0,0,0,0,0,0,7,0,0,4,19,1,7,0,nan,nan,nan,nan,1.167,nan,nan,1,1,1,1.167,nan,nan,nan,nan,nan,-0.067,nan,nan,0,0,0,-0.067,nan,500,fresh
199741,0,0,0,0,0,0,6,0,0,4,19,1,7,0,nan,nan,nan,nan,1,nan,nan,1,1,1,1.167,nan,nan,nan,nan,nan,0,nan,nan,0,0,0,-0.067,nan,500,fresh
200810,0,0,0,0,0,0,7,0,0,4,19,1,7,0,nan,nan,nan,nan,1.167,nan,nan,1,1,1,1.167,nan,nan,nan,nan,nan,-0.067,nan,nan,0,0,0,-0.067,nan,500,fresh
201880,0,0,0,0,0,0,7,0,0,4,19,1,7,0,nan,nan,nan,nan,1.167,nan,nan,1,1,1,1.167,nan,nan,nan,nan,nan,-0.067,nan,nan,0,0,0,-0.067,nan,500,fresh
202950,0,0,0,0,0,0,7,0,0,4,19,1,7,0,nan,nan,nan,nan,1.167,nan,nan,1,1,1,1.167,nan,nan,nan,nan,nan,-0.067,nan,nan,0,0,0,-0.067,nan,500,fresh
204019,0,0,0,0,0,0,7,0,0,4,19,1,7,0,nan,nan,nan,nan,1.167,nan,nan,1,1,1,1.167,nan,nan,nan,nan,nan,-0.067,nan,nan,0,0,0,-0.067,nan,500,fresh
205089,0,0,0,0,0,0,7,0,0,4,19,1,6,0,nan,nan,nan,nan,1.167,nan,nan,1,1,1,1,nan,nan,nan,nan,nan,-0.067,nan,nan,0,0,0,0,nan,500,fresh
206159,0,0,0,0,0,0,7,0,0,4,19,1,7,0,nan,nan,nan,nan,1.167,nan,nan,1,1,1,1.167,nan,nan,nan,nan,nan,-0.067,nan,nan,0,0,0,-0.067,nan,500,fresh
207228,0,0,0,0,0,0,7,0,0,4,19,1,7,0,nan,nan,nan,nan,1.167,nan,nan,1,1,1,1.167,nan,nan,nan,nan,nan,-0.067,nan,nan,0,0,0,-0.067,nan,500,fresh
208298,0,0,0,0,0,0,7,0,0,4,19,1,6,0,nan,nan,nan,nan,1.167,nan,nan,1,1,1,1,nan,nan,nan,nan,nan,-0.067,nan,nan,0,0,0,0,nan,500,fresh
209368,0,0,0,0,0,0,7,0,0,4,19,1,7,0,nan,nan,nan,nan,1.167,nan,nan,1,1,1,1.167,nan,nan,nan,nan,nan,-0.067,nan,nan,0,0,0,-0.067,nan,500,fresh
210437,0,0,0,0,0,0,7,0,0,4,19,1,7,0,nan,nan,nan,nan,1.167,nan,nan,1,1,1,1.167,nan,nan,nan,nan,nan,-0.067,nan,nan,0,0,0,-0.067,nan,500,fresh
211507,0,0,0,0,0,0,6,0,0,4,19,1,7,0,nan,nan,nan,nan,1,nan,nan,1,1,1,1.167,nan,nan,nan,nan,nan,0,nan,nan,0,0,0,-0.067,nan,500,fresh
212576,0,0,0,0,0,0,6,0,0,4,19,1,7,0,nan,nan,nan,nan,1,nan,nan,1,1,1,1.167,nan,nan,nan,nan,nan,0,nan,nan,0,0,0,-0.067,nan,500,fresh
213644,0,0,0,0,0,0,7,0,0,4,19,1,6,0,nan,nan,nan,nan,1.167,nan,nan,1,1,1,1,nan,nan,nan,nan,nan,-0.067,nan,nan,0,0,0,0,nan,500,fresh
214713,0,0,0,0,0,0,7,0,0,4,19,1,7,0,nan,nan,nan,nan,1.167,nan,nan,1,1,1,1.167,nan,nan,nan,nan,nan,-0.067,nan,nan,0,0,0,-0.067,nan,500,fresh
215783,0,0,0,0,0,0,7,0,0,4,19,1,7,0,nan,nan,nan,nan,1.167,nan,nan,1,1,1,1.167,nan,nan,nan,nan,nan,-0.067,nan,nan,0,0,0,-0.067,nan,500,fresh
216853,0,0,0,0,0,0,7,0,0,4,19,1,7,0,nan,nan,nan,nan,1.167,nan,nan,1,1,1,1.167,nan,nan,nan,nan,nan,-0.067,nan,nan,0,0,0,-0.067,nan,500,fresh
217921,0,0,0,0,0,0,7,0,0,4,19,1,6,0,nan,nan,nan,nan,1.167,nan,nan,1,1,1,1,nan,nan,nan,nan,nan,-0.067,nan,nan,0,0,0,0,nan,500,fresh
218990,0,0,0,0,0,0,7,0,0,4,19,1,7,0,nan,nan,nan,nan,1.167,nan,nan,1,1,1,1.167,nan,nan,nan,nan,nan,-0.067,nan,nan,0,0,0,-0.067,nan,500,fresh
220060,0,0,0,0,0,0,6,0,0,4,19,1,7,0,nan,nan,nan,nan,1,nan,nan,1,1,1,1.167,nan,nan,nan,nan,nan,0,nan,nan,0,0,0,-0.067,nan,500,fresh
221130,0,0,0,0,0,0,7,0,0,4,19,1,7,0,nan,nan,nan,nan,1.167,nan,nan,1,1,1,1.167,nan,nan,nan,nan,nan,-0.067,nan,nan,0,0,0,-0.067,nan,500,fresh
222198,0,0,0,0,0,0,7,0,0,4,19,1,7,0,nan,nan,nan,nan,1.167,nan,nan,1,1,1,1.167,nan,nan,nan,nan,nan,-0.067,nan,nan,0,0,0,-0.067,nan,500,fresh
223267,0,0,0,0,0,0,7,0,0,4,19,1,7,0,nan,nan,nan,nan,1.167,nan,nan,1,1,1,1.167,nan,nan,nan,nan,nan,-0.067,nan,nan,0,0,0,-0.067,nan,500,fresh
224337,0,0,0,0,0,0,6,0,0,4,19,1,7,0,nan,nan,nan,nan,1,nan,nan,1,1,1,1.167,nan,nan,nan,nan,nan,0,nan,nan,0,0,0,-0.067,nan,500,fresh
225406,0,0,0,0,0,0,6,0,0,4,19,1,7,0,nan,nan,nan,nan,1,nan,nan,1,1,1,1.167,nan,nan,nan,nan,nan,0,nan,nan,0,0,0,-0.067,nan,500,fresh
226475,0,0,0,0,0,0,7,0,0,4,19,1,7,0,nan,nan,nan,nan,1.167,nan,nan,1,1,1,1.167,nan,nan,nan,nan,nan,-0.067,nan,nan,0,0,0,-0.067,nan,500,fresh
227544,0,0,0,0,0,0,6,0,0,4,19,1,7,0,nan,nan,nan,nan,1,nan,nan,1,1,1,1.167,nan,nan,nan,nan,nan,0,nan,nan,0,0,0,-0.067,nan,500,fresh
228614,0,0,0,0,0,0,7,0,0,4,19,1,7,0,nan,nan,nan,nan,1.167,nan,nan,1,1,1,1.167,nan,nan,nan,nan,nan,-0.067,nan,nan,0,0,0,-0.067,nan,500,fresh
229683,0,0,0,0,0,0,7,0,0,3,19,1,7,0,nan,nan,nan,nan,1.167,nan,nan,0.75,1,1,1.167,nan,nan,nan,nan,nan,-0.067,nan,nan,0.125,0,0,-0.067,nan,500,fresh
230752,0,0,0,0,0,0,6,0,0,4,19,1,6,0,nan,nan,nan,nan,1,nan,nan,1,1,1,1,nan,nan,nan,nan,nan,0,nan,nan,0,0,0,0,nan,500,fresh
231822,0,0,0,0,0,0,7,0,0,4,19,1,7,0,nan,nan,nan,nan,1.167,nan,nan,1,1,1,1.167,nan,nan,nan,nan,nan,-0.067,nan,nan,0,0,0,-0.067,nan,500,fresh
232892,0,0,0,0,0,0,7,0,0,4,19,1,7,0,nan,nan,nan,nan,1.167,nan,nan,1,1,1,1.167,nan,nan,nan,nan,nan,-0.067,nan,nan,0,0,0,-0.067,nan,500,fresh
233962,0,0,0,0,0,0,6,0,0,4,19,1,7,0,nan,nan,nan,nan,1,nan,nan,1,1,1,1.167,nan,nan,nan,nan,nan,0,nan,nan,0,0,0,-0.067,nan,500,fresh
235031,0,0,0,0,0,0,6,0,0,4,19,1,7,0,nan,nan,nan,nan,1,nan,nan,1,1,1,1.167,nan,nan,nan,nan,nan,0,nan,nan,0,0,0,-0.067,nan,500,fresh
236100,0,0,0,0,0,0,7,0,0,4,19,1,6,0,nan,nan,nan,nan,1.167,nan,nan,1,1,1,1,nan,nan,nan,nan,nan,-0.067,nan,nan,0,0,0,0,nan,500,fresh
237170,0,0,0,0,0,0,7,0,0,4,19,1,7,0,nan,nan,nan,nan,1.167,nan,nan,1,1,1,1.167,nan,nan,nan,nan,nan,-0.067,nan,nan,0,0,0,-0.067,nan,500,fresh
238240,0,0,0,0,0,0,7,0,0,4,19,1,7,0,nan,nan,nan,nan,1.167,nan,nan,1,1,1,1.167,nan,nan,nan,nan,nan,-0.067,nan,nan,0,0,0,-0.067,nan,500,fresh
239309,0,0,0,0,0,0,7,0,0,4,19,1,6,0,nan,nan,nan,nan,1.167,nan,nan,1,1,1,1,nan,nan,nan,nan,nan,-0.067,nan,nan,0,0,0,0,nan,500,fresh
240379,0,0,0,0,0,0,7,0,0,4,19,1,7,0,nan,nan,nan,nan,1.167,nan,nan,1,1,1,1.167,nan,nan,nan,nan,nan,-0.067,nan,nan,0,0,0,-0.067,nan,500,fresh
241449,0,0,0,0,0,0,7,0,0,4,19,1,6,0,nan,nan,nan,nan,1.167,nan,nan,1,1,1,1,nan,nan,nan,nan,nan,-0.067,nan,nan,0,0,0,0,nan,500,fresh
242519,0,0,0,0,0,0,7,0,0,4,19,1,7,0,nan,nan,nan,nan,1.167,nan,nan,1,1,1,1.167,nan,nan,nan,nan,nan,-0.067,nan,nan,0,0,0,-0.067,nan,500,fresh
243588,0,0,0,0,0,0,7,0,0,4,19,1,6,0,nan,nan,nan,nan,1.167,nan,nan,1,1,1,1,nan,nan,nan,nan,nan,-0.067,nan,nan,0,0,0,0,nan,500,fresh
244657,0,0,0,0,0,0,7,0,0,4,19,1,7,0,nan,nan,nan,nan,1.167,nan,nan,1,1,1,1.167,nan,nan,nan,nan,nan,-0.067,nan,nan,0,0,0,-0.067,nan,500,fresh
245727,0,0,0,0,0,0,7,0,0,4,19,1,7,0,nan,nan,nan,nan,1.167,nan,nan,1,1,1,1.167,nan,nan,nan,nan,nan,-0.067,nan,nan,0,0,0,-0.067,nan,500,fresh
246795,0,0,0,0,0,0,7,0,0,4,19,1,7,0,nan,nan,nan,nan,1.167,nan,nan,1,1,1,1.167,nan,nan,nan,nan,nan,-0.067,nan,nan,0,0,0,-0.067,nan,500,fresh
247864,0,0,0,0,0,0,7,0,0,4,19,1,7,0,nan,nan,nan,nan,1.167,nan,nan,1,1,1,1.167,nan,nan,nan,nan,nan,-0.067,nan,nan,0,0,0,-0.067,nan,500,fresh
248934,0,0,0,0,0,0,7,0,0,4,19,1,7,0,nan,nan,nan,nan,1.167,nan,nan,1,1,1,1.167,nan,nan,nan,nan,nan,-0.067,nan,nan,0,0,0,-0.067,nan,500,fresh
250004,0,0,0,0,0,0,6,0,0,4,19,1,7,0,nan,nan,nan,nan,1,nan,nan,1,1,1,1.167,nan,nan,nan,nan,nan,0,nan,nan,0,0,0,-0.067,nan,500,fresh
251073,0,0,0,0,0,0,7,0,0,4,19,1,7,0,nan,nan,nan,nan,1.167,nan,nan,1,1,1,1.167,nan,nan,nan,nan,nan,-0.067,nan,nan,0,0,0,-0.067,nan,500,fresh
252142,0,0,0,0,0,0,7,0,0,4,19,1,7,0,nan,nan,nan,nan,1.167,nan,nan,1,1,1,1.167,nan,nan,nan,nan,nan,-0.067,nan,nan,0,0,0,-0.067,nan,500,fresh
253212,0,0,0,0,0,0,7,0,0,4,19,1,7,0,nan,nan,nan,nan,1.167,nan,nan,1,1,1,1.167,nan,nan,nan,nan,nan,-0.067,nan,nan,0,0,0,-0.067,nan,500,fresh
254280,0,0,0,0,0,0,7,0,0,4,19,1,6,0,nan,nan,nan,nan,1.167,nan,nan,1,1,1,1,nan,nan,nan,nan,nan,-0.067,nan,nan,0,0,0,0,nan,500,fresh
255350,0,0,0,0,0,0,7,0,0,4,19,1,7,0,nan,nan,nan,nan,1.167,nan,nan,1,1,1,1.167,nan,nan,nan,nan,nan,-0.067,nan,nan,0,0,0,-0.067,nan,500,fresh
256419,0,0,0,0,0,0,7,0,0,4,19,1,7,0,nan,nan,nan,nan,1.167,nan,nan,1,1,1,1.167,nan,nan,nan,nan,nan,-0.067,nan,nan,0,0,0,-0.067,nan,500,fresh
257489,0,0,0,0,0,0,7,0,0,4,19,1,7,0,nan,nan,nan,nan,1.167,nan,nan,1,1,1,1.167,nan,nan,nan,nan,nan,-0.067,nan,nan,0,0,0,-0.067,nan,500,fresh
258559,0,0,0,0,0,0,7,0,0,4,19,1,7,0,nan,nan,nan,nan,1.167,nan,nan,1,1,1,1.167,nan,nan,nan,nan,nan,-0.067,nan,nan,0,0,0,-0.067,nan,500,fresh
259627,0,0,0,0,0,0,7,0,0,4,19,1,7,0,nan,nan,nan,nan,1.167,nan,nan,1,1,1,1.167,nan,nan,nan,nan,nan,-0.067,nan,nan,0,0,0,-0.067,nan,500,fresh
260695,0,0,0,0,0,0,7,0,0,4,19,1,7,0,nan,nan,nan,nan,1.167,nan,nan,1,1,1,1.167,nan,nan,nan,nan,nan,-0.067,nan,nan,0,0,0,-0.067,nan,500,fresh
261765,0,0,0,0,0,0,7,0,0,4,19,1,7,0,nan,nan,nan,nan,1.167,nan,nan,1,1,1,1.167,nan,nan,nan,nan,nan,-0.067,nan,nan,0,0,0,-0.067,nan,500,fresh
262834,0,0,0,0,0,0,7,0,0,4,19,1,7,0,nan,nan,nan,nan,1.167,nan,nan,1,1,1,1.167,nan,nan,nan,nan,nan,-0.067,nan,nan,0,0,0,-0.067,nan,500,fresh
263904,0,0,0,0,0,0,7,0,0,4,19,1,7,0,nan,nan,nan,nan,1.167,nan,nan,1,1,1,1.167,nan,nan,nan,nan,nan,-0.067,nan,nan,0,0,0,-0.067,nan,500,fresh
264974,0,0,0,0,0,0,6,0,0,4,19,1,6,0,nan,nan,nan,nan,1,nan,nan,1,1,1,1,nan,nan,nan,nan,nan,0,nan,nan,0,0,0,0,nan,500,fresh
266042,0,0,0,0,0,0,7,0,0,4,19,1,7,0,nan,nan,nan,nan,1.167,nan,nan,1,1,1,1.167,nan,nan,nan,nan,nan,-0.067,nan,nan,0,0,0,-0.067,nan,500,fresh
267111,0,0,0,0,0,0,7,0,0,4,19,1,7,0,nan,nan,nan,nan,1.167,nan,nan,1,1,1,1.167,nan,nan,nan,nan,nan,-0.067,nan,nan,0,0,0,-0.067,nan,500,fresh
268181,0,0,0,0,0,0,7,0,0,4,19,1,7,0,nan,nan,nan,nan,1.167,nan,nan,1,1,1,1.167,nan,nan,nan,nan,nan,-0.067,nan,nan,0,0,0,-0.067,nan,500,fresh
269251,0,0,0,0,0,0,7,0,0,4,19,1,7,0,nan,nan,nan,nan,1.167,nan,nan,1,1,1,1.167,nan,nan,nan,nan,nan,-0.067,nan,nan,0,0,0,-0.067,nan,500,fresh
270321,0,0,0,0,0,0,6,0,0,4,19,1,7,0,nan,nan,nan,nan,1,nan,nan,1,1,1,1.167,nan,nan,nan,nan,nan,0,nan,nan,0,0,0,-0.067,nan,500,fresh
271390,0,0,0,0,0,0,7,0,0,4,19,1,7,0,nan,nan,nan,nan,1.167,nan,nan,1,1,1,1.167,nan,nan,nan,nan,nan,-0.067,nan,nan,0,0,0,-0.067,nan,500,fresh
272459,0,0,0,0,0,0,7,0,0,4,19,1,6,0,nan,nan,nan,nan,1.167,nan,nan,1,1,1,1,nan,nan,nan,nan,nan,-0.067,nan,nan,0,0,0,0,nan,500,fresh
273528,0,0,0,0,0,0,7,0,0,4,19,1,6,0,nan,nan,nan,nan,1.167,nan,nan,1,1,1,1,nan,nan,nan,nan,nan,-0.067,nan,nan,0,0,0,0,nan,500,fresh
274597,0,0,0,0,0,0,7,0,0,4,19,1,7,0,nan,nan,nan,nan,1.167,nan,nan,1,1,1,1.167,nan,nan,nan,nan,nan,-0.067,nan,nan,0,0,0,-0.067,nan,500,fresh
275667,0,0,0,0,0,0,7,0,0,4,19,1,7,0,nan,nan,nan,nan,1.167,nan,nan,1,1,1,1.167,nan,nan,nan,nan,nan,-0.067,nan,nan,0,0,0,-0.067,nan,500,fresh
276737,0,0,0,0,0,0,6,0,0,4,19,1,7,0,nan,nan,nan,nan,1,nan,nan,1,1,1,1.167,nan,nan,nan,nan,nan,0,nan,nan,0,0,0,-0.067,nan,500,fresh
277806,0,0,0,0,0,0,7,0,0,4,19,1,7,0,nan,nan,nan,nan,1.167,nan,nan,1,1,1,1.167,nan,nan,nan,nan,nan,-0.067,nan,nan,0,0,0,-0.067,nan,500,fresh
278875,0,0,0,0,0,0,6,0,0,4,19,1,6,0,nan,nan,nan,nan,1,nan,nan,1,1,1,1,nan,nan,nan,nan,nan,0,nan,nan,0,0,0,0,nan,500,fresh
279945,0,0,0,0,0,0,7,0,0,4,19,1,7,0,nan,nan,nan,nan,1.167,nan,nan,1,1,1,1.167,nan,nan,nan,nan,nan,-0.067,nan,nan,0,0,0,-0.067,nan,500,fresh
281015,0,0,0,0,0,0,6,0,0,4,19,1,7,0,nan,nan,nan,nan,1,nan,nan,1,1,1,1.167,nan,nan,nan,nan,nan,0,nan,nan,0,0,0,-0.067,nan,500,fresh
282084,0,0,0,0,0,0,7,0,0,4,19,1,7,0,nan,nan,nan,nan,1.167,nan,nan,1,1,1,1.167,nan,nan,nan,nan,nan,-0.067,nan,nan,0,0,0,-0.067,nan,500,fresh
283153,0,0,0,0,0,0,7,0,0,4,19,1,7,0,nan,nan,nan,nan,1.167,nan,nan,1,1,1,1.167,nan,nan,nan,nan,nan,-0.067,nan,nan,0,0,0,-0.067,nan,500,fresh
284222,0,0,0,0,0,0,6,0,0,4,19,1,7,0,nan,nan,nan,nan,1,nan,nan,1,1,1,1.167,nan,nan,nan,nan,nan,0,nan,nan,0,0,0,-0.067,nan,500,fresh
285292,0,0,0,0,0,0,7,0,0,4,19,1,7,0,nan,nan,nan,nan,1.167,nan,nan,1,1,1,1.167,nan,nan,nan,nan,nan,-0.067,nan,nan,0,0,0,-0.067,nan,500,fresh
286361,0,0,0,0,0,0,7,0,0,4,19,1,7,0,nan,nan,nan,nan,1.167,nan,nan,1,1,1,1.167,nan,nan,nan,nan,nan,-0.067,nan,nan,0,0,0,-0.067,nan,500,fresh
287430,0,0,0,0,0,0,7,0,0,4,19,1,7,0,nan,nan,nan,nan,1.167,nan,nan,1,1,1,1.167,nan,nan,nan,nan,nan,-0.067,nan,nan,0,0,0,-0.067,nan,500,fresh
288499,0,0,0,0,0,0,6,0,0,4,19,1,7,0,nan,nan,nan,nan,1,nan,nan,1,1,1,1.167,nan,nan,nan,nan,nan,0,nan,nan,0,0,0,-0.067,nan,500,fresh
289569,0,0,0,0,0,0,7,0,0,4,19,1,7,0,nan,nan,nan,nan,1.167,nan,nan,1,1,1,1.167,nan,nan,nan,nan,nan,-0.067,nan,nan,0,0,0,-0.067,nan,500,fresh
290639,0,0,0,0,0,0,7,0,0,4,19,1,7,0,nan,nan,nan,nan,1.167,nan,nan,1,1,1,1.167,nan,nan,nan,nan,nan,-0.067,nan,nan,0,0,0,-0.067,nan,500,fresh
291709,0,0,0,0,0,0,6,0,0,4,19,1,7,0,nan,nan,nan,nan,1,nan,nan,1,1,1,1.167,nan,nan,nan,nan,nan,0,nan,nan,0,0,0,-0.067,nan,500,fresh
292779,0,0,0,0,0,0,7,0,0,4,19,1,7,0,nan,nan,nan,nan,1.167,nan,nan,1,1,1,1.167,nan,nan,nan,nan,nan,-0.067,nan,nan,0,0,0,-0.067,nan,500,fresh
293848,0,0,0,0,0,0,7,0,0,4,19,1,7,0,nan,nan,nan,nan,1.167,nan,nan,1,1,1,1.167,nan,nan,nan,nan,nan,-0.067,nan,nan,0,0,0,-0.067,nan,500,fresh
294918,0,0,0,0,0,0,7,0,0,4,19,1,7,0,nan,nan,nan,nan,1.167,nan,nan,1,1,1,1.167,nan,nan,nan,nan,nan,-0.067,nan,nan,0,0,0,-0.067,nan,500,fresh
295987,0,0,0,0,0,0,6,0,0,4,19,1,7,0,nan,nan,nan,nan,1,nan,nan,1,1,1,1.167,nan,nan,nan,nan,nan,0,nan,nan,0,0,0,-0.067,nan,500,fresh
297057,0,0,0,0,0,0,7,0,0,4,19,1,6,0,nan,nan,nan,nan,1.167,nan,nan,1,1,1,1,nan,nan,nan,nan,nan,-0.067,nan,nan,0,0,0,0,nan,500,fresh
298126,0,0,0,0,0,0,7,0,0,4,19,1,6,0,nan,nan,nan,nan,1.167,nan,nan,1,1,1,1,nan,nan,nan,nan,nan,-0.067,nan,nan,0,0,0,0,nan,500,fresh
299195,0,0,0,0,0,0,7,0,0,4,19,1,7,0,nan,nan,nan,nan,1.167,nan,nan,1,1,1,1.167,nan,nan,nan,nan,nan,-0.067,nan,nan,0,0,0,-0.067,nan,500,fresh
300265,0,0,0,0,0,0,7,0,0,4,19,1,6,0,nan,nan,nan,nan,1.167,nan,nan,1,1,1,1,nan,nan,nan,nan,nan,-0.067,nan,nan,0,0,0,0,nan,500,fresh
301335,0,0,0,0,0,0,7,0,0,4,19,1,7,0,nan,nan,nan,nan,1.167,nan,nan,1,1,1,1.167,nan,nan,nan,nan,nan,-0.067,nan,nan,0,0,0,-0.067,nan,500,fresh
302405,0,0,0,0,0,0,7,0,0,4,19,1,7,0,nan,nan,nan,nan,1.167,nan,nan,1,1,1,1.167,nan,nan,nan,nan,nan,-0.067,nan,nan,0,0,0,-0.067,nan,500,fresh
303475,0,0,0,0,0,0,7,0,0,4,19,1,7,0,nan,nan,nan,nan,1.167,nan,nan,1,1,1,1.167,nan,nan,nan,nan,nan,-0.067,nan,nan,0,0,0,-0.067,nan,500,fresh
304544,0,0,0,0,0,0,6,0,0,4,19,1,7,0,nan,nan,nan,nan,1,nan,nan,1,1,1,1.167,nan,nan,nan,nan,nan,0,nan,nan,0,0,0,-0.067,nan,500,fresh
305613,0,0,0,0,0,0,6,0,0,4,19,1,7,0,nan,nan,nan,nan,1,nan,nan,1,1,1,1.167,nan,nan,nan,nan,nan,0,nan,nan,0,0,0,-0.067,nan,500,fresh
306683,0,0,0,0,0,0,7,0,0,4,19,1,7,0,nan,nan,nan,nan,1.167,nan,nan,1,1,1,1.167,nan,nan,nan,nan,nan,-0.067,nan,nan,0,0,0,-0.067,nan,500,fresh
307752,0,0,0,0,0,0,7,0,0,3,19,1,7,0,nan,nan,nan,nan,1.167,nan,nan,0.75,1,1,1.167,nan,nan,nan,nan,nan,-0.067,nan,nan,0.125,0,0,-0.067,nan,500,fresh
308821,0,0,0,0,0,0,7,0,0,4,19,1,7,0,nan,nan,nan,nan,1.167,nan,nan,1,1,1,1.167,nan,nan,nan,nan,nan,-0.067,nan,nan,0,0,0,-0.067,nan,500,fresh
309891,0,0,0,0,0,0,7,0,0,4,19,1,6,0,nan,nan,nan,nan,1.167,nan,nan,1,1,1,1,nan,nan,nan,nan,nan,-0.067,nan,nan,0,0,0,0,nan,500,fresh
310960,0,0,0,0,0,0,7,0,0,4,19,1,7,0,nan,nan,nan,nan,1.167,nan,nan,1,1,1,1.167,nan,nan,nan,nan,nan,-0.067,nan,nan,0,0,0,-0.067,nan,500,fresh
312029,0,0,0,0,0,0,7,0,0,4,19,1,6,0,nan,nan,nan,nan,1.167,nan,nan,1,1,1,1,nan,nan,nan,nan,nan,-0.067,nan,nan,0,0,0,0,nan,500,fresh
313098,0,0,0,0,0,0,7,0,0,4,19,1,7,0,nan,nan,nan,nan,1.167,nan,nan,1,1,1,1.167,nan,nan,nan,nan,nan,-0.067,nan,nan,0,0,0,-0.067,nan,500,fresh
323795,0,0,0,0,0,0,7,0,0,4,19,1,7,0,nan,nan,nan,nan,1.167,nan,nan,1,1,1,1.167,nan,nan,nan,nan,nan,-0.067,nan,nan,0,0,0,-0.067,nan,500,fresh
324865,0,0,0,0,0,0,7,0,0,4,19,1,7,0,nan,nan,nan,nan,1.167,nan,nan,1,1,1,1.167,nan,nan,nan,nan,nan,-0.067,nan,nan,0,0,0,-0.067,nan,500,fresh
325934,0,0,0,0,0,0,7,0,0,4,19,1,7,0,nan,nan,nan,nan,1.167,nan,nan,1,1,1,1.167,nan,nan,nan,nan,nan,-0.067,nan,nan,0,0,0,-0.067,nan,500,fresh
327004,0,0,0,0,0,0,7,0,0,4,19,1,7,0,nan,nan,nan,nan,1.167,nan,nan,1,1,1,1.167,nan,nan,nan,nan,nan,-0.067,nan,nan,0,0,0,-0.067,nan,500,fresh
347322,0,0,0,0,0,0,7,0,0,4,20,1,7,0,nan,nan,nan,nan,1.167,nan,nan,1,1.053,1,1.167,nan,nan,nan,nan,nan,-0.067,nan,nan,0,-0.022,0,-0.067,nan,500,fresh
348392,0,0,0,0,0,0,7,0,0,4,20,1,7,0,nan,nan,nan,nan,1.167,nan,nan,1,1.053,1,1.167,nan,nan,nan,nan,nan,-0.067,nan,nan,0,-0.022,0,-0.067,nan,500,fresh
349461,0,0,0,0,0,0,7,0,0,4,19,1,7,0,nan,nan,nan,nan,1.167,nan,nan,1,1,1,1.167,nan,nan,nan,nan,nan,-0.067,nan,nan,0,0,0,-0.067,nan,500,fresh
350530,0,0,0,0,0,0,7,0,0,4,20,1,7,0,nan,nan,nan,nan,1.167,nan,nan,1,1.053,1,1.167,nan,nan,nan,nan,nan,-0.067,nan,nan,0,-0.022,0,-0.067,nan,500,fresh
351600,0,0,0,0,0,0,7,0,0,4,20,1,7,0,nan,nan,nan,nan,1.167,nan,nan,1,1.053,1,1.167,nan,nan,nan,nan,nan,-0.067,nan,nan,0,-0.022,0,-0.067,nan,500,fresh
352669,0,0,0,0,0,0,7,0,0,4,20,1,7,0,nan,nan,nan,nan,1.167,nan,nan,1,1.053,1,1.167,nan,nan,nan,nan,nan,-0.067,nan,nan,0,-0.022,0,-0.067,nan,500,fresh
353738,0,0,0,0,0,0,7,0,0,4,20,1,7,0,nan,nan,nan,nan,1.167,nan,nan,1,1.053,1,1.167,nan,nan,nan,nan,nan,-0.067,nan,nan,0,-0.022,0,-0.067,nan,500,fresh
354807,0,0,0,0,0,0,7,0,0,4,20,1,7,0,nan,nan,nan,nan,1.167,nan,nan,1,1.053,1,1.167,nan,nan,nan,nan,nan,-0.067,nan,nan,0,-0.022,0,-0.067,nan,500,fresh
355876,0,0,0,0,0,0,7,0,0,4,20,1,7,0,nan,nan,nan,nan,1.167,nan,nan,1,1.053,1,1.167,nan,nan,nan,nan,nan,-0.067,nan,nan,0,-0.022,0,-0.067,nan,500,fresh
356945,0,0,0,0,0,0,7,0,0,4,20,1,7,0,nan,nan,nan,nan,1.167,nan,nan,1,1.053,1,1.167,nan,nan,nan,nan,nan,-0.067,nan,nan,0,-0.022,0,-0.067,nan,500,fresh
358014,0,0,0,0,0,0,7,0,0,4,20,1,7,0,nan,nan,nan,nan,1.167,nan,nan,1,1.053,1,1.167,nan,nan,nan,nan,nan,-0.067,nan,nan,0,-0.022,0,-0.067,nan,500,fresh
359084,0,0,0,0,0,0,7,0,0,4,20,1,7,0,nan,nan,nan,nan,1.167,nan,nan,1,1.053,1,1.167,nan,nan,nan,nan,nan,-0.067,nan,nan,0,-0.022,0,-0.067,nan,500,fresh
360154,0,0,0,0,0,0,7,0,0,4,20,1,7,0,nan,nan,nan,nan,1.167,nan,nan,1,1.053,1,1.167,nan,nan,nan,nan,nan,-0.067,nan,nan,0,-0.022,0,-0.067,nan,500,fresh
361224,0,0,0,0,0,0,7,0,0,4,20,1,7,0,nan,nan,nan,nan,1.167,nan,nan,1,1.053,1,1.167,nan,nan,nan,nan,nan,-0.067,nan,nan,0,-0.022,0,-0.067,nan,500,fresh
362294,0,0,0,0,0,0,7,0,0,4,19,1,7,0,nan,nan,nan,nan,1.167,nan,nan,1,1,1,1.167,nan,nan,nan,nan,nan,-0.067,nan,nan,0,0,0,-0.067,nan,500,fresh
363364,0,0,0,0,0,0,7,0,0,4,20,1,7,0,nan,nan,nan,nan,1.167,nan,nan,1,1.053,1,1.167,nan,nan,nan,nan,nan,-0.067,nan,nan,0,-0.022,0,-0.067,nan,500,fresh
364434,0,0,0,0,0,0,7,0,0,4,20,1,7,0,nan,nan,nan,nan,1.167,nan,nan,1,1.053,1,1.167,nan,nan,nan,nan,nan,-0.067,nan,nan,0,-0.022,0,-0.067,nan,500,fresh
365504,0,0,0,0,0,0,7,0,0,4,20,1,7,0,nan,nan,nan,nan,1.167,nan,nan,1,1.053,1,1.167,nan,nan,nan,nan,nan,-0.067,nan,nan,0,-0.022,0,-0.067,nan,500,fresh
366574,0,0,0,0,0,0,7,0,0,4,20,1,7,0,nan,nan,nan,nan,1.167,nan,nan,1,1.053,1,1.167,nan,nan,nan,nan,nan,-0.067,nan,nan,0,-0.022,0,-0.067,nan,500,fresh
367643,0,0,0,0,0,0,7,0,0,4,20,1,7,0,nan,nan,nan,nan,1.167,nan,nan,1,1.053,1,1.167,nan,nan,nan,nan,nan,-0.067,nan,nan,0,-0.022,0,-0.067,nan,500,fresh
368713,0,0,0,0,0,0,7,0,0,4,20,1,7,0,nan,nan,nan,nan,1.167,nan,nan,1,1.053,1,1.167,nan,nan,nan,nan,nan,-0.067,nan,nan,0,-0.022,0,-0.067,nan,500,fresh
369783,0,0,0,0,0,0,7,0,0,4,20,1,7,0,nan,nan,nan,nan,1.167,nan,nan,1,1.053,1,1.167,nan,nan,nan,nan,nan,-0.067,nan,nan,0,-0.022,0,-0.067,nan,500,fresh
370852,0,0,0,0,0,0,7,0,0,4,20,1,7,0,nan,nan,nan,nan,1.167,nan,nan,1,1.053,1,1.167,nan,nan,nan,nan,nan,-0.067,nan,nan,0,-0.022,0,-0.067,nan,500,fresh
371922,0,0,0,0,0,0,7,0,0,4,20,1,7,0,nan,nan,nan,nan,1.167,nan,nan,1,1.053,1,1.167,nan,nan,nan,nan,nan,-0.067,nan,nan,0,-0.022,0,-0.067,nan,500,fresh
372991,0,0,0,0,0,0,7,0,0,4,20,1,7,0,nan,nan,nan,nan,1.167,nan,nan,1,1.053,1,1.167,nan,nan,nan,nan,nan,-0.067,nan,nan,0,-0.022,0,-0.067,nan,500,fresh
374059,0,0,0,0,0,0,7,0,0,4,19,1,7,0,nan,nan,nan,nan,1.167,nan,nan,1,1,1,1.167,nan,nan,nan,nan,nan,-0.067,nan,nan,0,0,0,-0.067,nan,500,fresh
375127,0,0,0,0,0,0,7,0,0,4,20,1,7,0,nan,nan,nan,nan,1.167,nan,nan,1,1.053,1,1.167,nan,nan,nan,nan,nan,-0.067,nan,nan,0,-0.022,0,-0.067,nan,500,fresh
376197,0,0,0,0,0,0,7,0,0,4,20,1,7,0,nan,nan,nan,nan,1.167,nan,nan,1,1.053,1,1.167,nan,nan,nan,nan,nan,-0.067,nan,nan,0,-0.022,0,-0.067,nan,500,fresh
377265,0,0,0,0,0,0,7,0,0,4,19,1,7,0,nan,nan,nan,nan,1.167,nan,nan,1,1,1,1.167,nan,nan,nan,nan,nan,-0.067,nan,nan,0,0,0,-0.067,nan,500,fresh
378333,0,0,0,0,0,0,7,0,0,4,20,1,7,0,nan,nan,nan,nan,1.167,nan,nan,1,1.053,1,1.167,nan,nan,nan,nan,nan,-0.067,nan,nan,0,-0.022,0,-0.067,nan,500,fresh
379403,0,0,0,0,0,0,7,0,0,4,20,1,7,0,nan,nan,nan,nan,1.167,nan,nan,1,1.053,1,1.167,nan,nan,nan,nan,nan,-0.067,nan,nan,0,-0.022,0,-0.067,nan,500,fresh
380473,0,0,0,0,0,0,7,0,0,4,20,1,7,0,nan,nan,nan,nan,1.167,nan,nan,1,1.053,1,1.167,nan,nan,nan,nan,nan,-0.067,nan,nan,0,-0.022,0,-0.067,nan,500,fresh
381542,0,0,0,0,0,0,7,0,0,4,20,1,7,0,nan,nan,nan,nan,1.167,nan,nan,1,1.053,1,1.167,nan,nan,nan,nan,nan,-0.067,nan,nan,0,-0.022,0,-0.067,nan,500,fresh
382612,0,0,0,0,0,0,7,0,0,4,20,1,7,0,nan,nan,nan,nan,1.167,nan,nan,1,1.053,1,1.167,nan,nan,nan,nan,nan,-0.067,nan,nan,0,-0.022,0,-0.067,nan,500,fresh
383681,0,0,0,0,0,0,7,0,0,4,19,1,7,0,nan,nan,nan,nan,1.167,nan,nan,1,1,1,1.167,nan,nan,nan,nan,nan,-0.067,nan,nan,0,0,0,-0.067,nan,500,fresh
384750,0,0,0,0,0,0,7,0,0,4,20,1,7,0,nan,nan,nan,nan,1.167,nan,nan,1,1.053,1,1.167,nan,nan,nan,nan,nan,-0.067,nan,nan,0,-0.022,0,-0.067,nan,500,fresh
385819,0,0,0,0,0,0,7,0,0,4,20,1,7,0,nan,nan,nan,nan,1.167,nan,nan,1,1.053,1,1.167,nan,nan,nan,nan,nan,-0.067,nan,nan,0,-0.022,0,-0.067,nan,500,fresh
386889,0,0,0,0,0,0,6,0,0,4,19,1,7,0,nan,nan,nan,nan,1,nan,nan,1,1,1,1.167,nan,nan,nan,nan,nan,0,nan,nan,0,0,0,-0.067,nan,500,fresh
387957,0,0,0,0,0,0,7,0,0,4,20,1,7,0,nan,nan,nan,nan,1.167,nan,nan,1,1.053,1,1.167,nan,nan,nan,nan,nan,-0.067,nan,nan,0,-0.022,0,-0.067,nan,500,fresh
389027,0,0,0,0,0,0,7,0,0,4,20,1,7,0,nan,nan,nan,nan,1.167,nan,nan,1,1.053,1,1.167,nan,nan,nan,nan,nan,-0.067,nan,nan,0,-0.022,0,-0.067,nan,500,fresh
390096,0,0,0,0,0,0,7,0,0,4,20,1,7,0,nan,nan,nan,nan,1.167,nan,nan,1,1.053,1,1.167,nan,nan,nan,nan,nan,-0.067,nan,nan,0,-0.022,0,-0.067,nan,500,fresh
391165,0,0,0,0,0,0,7,0,0,4,20,1,7,0,nan,nan,nan,nan,1.167,nan,nan,1,1.053,1,1.167,nan,nan,nan,nan,nan,-0.067,nan,nan,0,-0.022,0,-0.067,nan,500,fresh
392235,0,0,0,0,0,0,7,0,0,4,19,1,7,0,nan,nan,nan,nan,1.167,nan,nan,1,1,1,1.167,nan,nan,nan,nan,nan,-0.067,nan,nan,0,0,0,-0.067,nan,500,fresh
393304,0,0,0,0,0,0,7,0,0,4,19,1,7,0,nan,nan,nan,nan,1.167,nan,nan,1,1,1,1.167,nan,nan,nan,nan,nan,-0.067,nan,nan,0,0,0,-0.067,nan,500,fresh
394373,0,0,0,0,0,0,7,0,0,4,19,1,7,0,nan,nan,nan,nan,1.167,nan,nan,1,1,1,1.167,nan,nan,nan,nan,nan,-0.067,nan,nan,0,0,0,-0.067,nan,500,fresh
395443,0,0,0,0,0,0,7,0,0,4,19,1,7,0,nan,nan,nan,nan,1.167,nan,nan,1,1,1,1.167,nan,nan,nan,nan,nan,-0.067,nan,nan,0,0,0,-0.067,nan,500,fresh
396513,0,0,0,0,0,0,7,0,0,4,19,1,7,0,nan,nan,nan,nan,1.167,nan,nan,1,1,1,1.167,nan,nan,nan,nan,nan,-0.067,nan,nan,0,0,0,-0.067,nan,500,fresh
397582,0,0,0,0,0,0,7,0,0,4,20,1,7,0,nan,nan,nan,nan,1.167,nan,nan,1,1.053,1,1.167,nan,nan,nan,nan,nan,-0.067,nan,nan,0,-0.022,0,-0.067,nan,500,fresh
398651,0,0,0,0,0,0,7,0,0,4,19,1,7,0,nan,nan,nan,nan,1.167,nan,nan,1,1,1,1.167,nan,nan,nan,nan,nan,-0.067,nan,nan,0,0,0,-0.067,nan,500,fresh
399720,0,0,0,0,0,0,7,0,0,4,20,1,7,0,nan,nan,nan,nan,1.167,nan,nan,1,1.053,1,1.167,nan,nan,nan,nan,nan,-0.067,nan,nan,0,-0.022,0,-0.067,nan,500,fresh
400789,0,0,0,0,0,0,7,0,0,4,20,1,7,0,nan,nan,nan,nan,1.167,nan,nan,1,1.053,1,1.167,nan,nan,nan,nan,nan,-0.067,nan,nan,0,-0.022,0,-0.067,nan,500,fresh
401859,0,0,0,0,0,0,7,0,0,4,19,1,7,0,nan,nan,nan,nan,1.167,nan,nan,1,1,1,1.167,nan,nan,nan,nan,nan,-0.067,nan,nan,0,0,0,-0.067,nan,500,fresh
402928,0,0,0,0,0,0,7,0,0,4,20,1,7,0,nan,nan,nan,nan,1.167,nan,nan,1,1.053,1,1.167,nan,nan,nan,nan,nan,-0.067,nan,nan,0,-0.022,0,-0.067,nan,500,fresh
403997,0,0,0,0,0,0,7,0,0,4,19,1,7,0,nan,nan,nan,nan,1.167,nan,nan,1,1,1,1.167,nan,nan,nan,nan,nan,-0.067,nan,nan,0,0,0,-0.067,nan,500,fresh
405067,0,0,0,0,0,0,7,0,0,4,19,1,7,0,nan,nan,nan,nan,1.167,nan,nan,1,1,1,1.167,nan,nan,nan,nan,nan,-0.067,nan,nan,0,0,0,-0.067,nan,500,fresh
406136,0,0,0,0,0,0,6,0,0,4,19,1,7,0,nan,nan,nan,nan,1,nan,nan,1,1,1,1.167,nan,nan,nan,nan,nan,0,nan,nan,0,0,0,-0.067,nan,500,fresh
407206,0,0,0,0,0,0,7,0,0,4,19,1,7,0,nan,nan,nan,nan,1.167,nan,nan,1,1,1,1.167,nan,nan,nan,nan,nan,-0.067,nan,nan,0,0,0,-0.067,nan,500,fresh
408276,0,0,0,0,0,0,7,0,0,4,19,1,7,0,nan,nan,nan,nan,1.167,nan,nan,1,1,1,1.167,nan,nan,nan,nan,nan,-0.067,nan,nan,0,0,0,-0.067,nan,500,fresh
409345,0,0,0,0,0,0,7,0,0,4,19,1,7,0,nan,nan,nan,nan,1.167,nan,nan,1,1,1,1.167,nan,nan,nan,nan,nan,-0.067,nan,nan,0,0,0,-0.067,nan,500,fresh
410415,0,0,0,0,0,0,7,0,0,4,19,1,7,0,nan,nan,nan,nan,1.167,nan,nan,1,1,1,1.167,nan,nan,nan,nan,nan,-0.067,nan,nan,0,0,0,-0.067,nan,500,fresh
411485,0,0,0,0,0,0,7,0,0,4,19,1,7,0,nan,nan,nan,nan,1.167,nan,nan,1,1,1,1.167,nan,nan,nan,nan,nan,-0.067,nan,nan,0,0,0,-0.067,nan,500,fresh
412555,0,0,0,0,0,0,7,0,0,4,19,1,7,0,nan,nan,nan,nan,1.167,nan,nan,1,1,1,1.167,nan,nan,nan,nan,nan,-0.067,nan,nan,0,0,0,-0.067,nan,500,fresh
413625,0,0,0,0,0,0,7,0,0,4,19,1,7,0,nan,nan,nan,nan,1.167,nan,nan,1,1,1,1.167,nan,nan,nan,nan,nan,-0.067,nan,nan,0,0,0,-0.067,nan,500,fresh
414694,0,0,0,0,0,0,7,0,0,4,19,1,7,0,nan,nan,nan,nan,1.167,nan,nan,1,1,1,1.167,nan,nan,nan,nan,nan,-0.067,nan,nan,0,0,0,-0.067,nan,500,fresh
415763,0,0,0,0,0,0,7,0,0,4,19,1,7,0,nan,nan,nan,nan,1.167,nan,nan,1,1,1,1.167,nan,nan,nan,nan,nan,-0.067,nan,nan,0,0,0,-0.067,nan,500,fresh
416832,0,0,0,0,0,0,7,0,0,4,19,1,7,0,nan,nan,nan,nan,1.167,nan,nan,1,1,1,1.167,nan,nan,nan,nan,nan,-0.067,nan,nan,0,0,0,-0.067,nan,500,fresh
417901,0,0,0,0,0,0,7,0,0,4,19,1,7,0,nan,nan,nan,nan,1.167,nan,nan,1,1,1,1.167,nan,nan,nan,nan,nan,-0.067,nan,nan,0,0,0,-0.067,nan,500,fresh
418971,0,0,0,0,0,0,7,0,0,4,19,1,7,0,nan,nan,nan,nan,1.167,nan,nan,1,1,1,1.167,nan,nan,nan,nan,nan,-0.067,nan,nan,0,0,0,-0.067,nan,500,fresh
420041,0,0,0,0,0,0,7,0,0,4,19,1,7,0,nan,nan,nan,nan,1.167,nan,nan,1,1,1,1.167,nan,nan,nan,nan,nan,-0.067,nan,nan,0,0,0,-0.067,nan,500,fresh
421111,0,0,0,0,0,0,7,0,0,4,19,1,7,0,nan,nan,nan,nan,1.167,nan,nan,1,1,1,1.167,nan,nan,nan,nan,nan,-0.067,nan,nan,0,0,0,-0.067,nan,500,fresh
422181,0,0,0,0,0,0,7,0,0,4,20,1,7,0,nan,nan,nan,nan,1.167,nan,nan,1,1.053,1,1.167,nan,nan,nan,nan,nan,-0.067,nan,nan,0,-0.022,0,-0.067,nan,500,fresh
423250,0,0,0,0,0,0,7,0,0,4,19,1,7,0,nan,nan,nan,nan,1.167,nan,nan,1,1,1,1.167,nan,nan,nan,nan,nan,-0.067,nan,nan,0,0,0,-0.067,nan,500,fresh
424319,0,0,0,0,0,0,7,0,0,4,19,1,7,0,nan,nan,nan,nan,1.167,nan,nan,1,1,1,1.167,nan,nan,nan,nan,nan,-0.067,nan,nan,0,0,0,-0.067,nan,500,fresh
425389,0,0,0,0,0,0,7,0,0,4,19,1,7,0,nan,nan,nan,nan,1.167,nan,nan,1,1,1,1.167,nan,nan,nan,nan,nan,-0.067,nan,nan,0,0,0,-0.067,nan,500,fresh
426457,0,0,0,0,0,0,7,0,0,4,20,1,7,0,nan,nan,nan,nan,1.167,nan,nan,1,1.053,1,1.167,nan,nan,nan,nan,nan,-0.067,nan,nan,0,-0.022,0,-0.067,nan,500,fresh
427527,0,0,0,0,0,0,7,0,0,4,19,1,7,0,nan,nan,nan,nan,1.167,nan,nan,1,1,1,1.167,nan,nan,nan,nan,nan,-0.067,nan,nan,0,0,0,-0.067,nan,500,fresh
428597,0,0,0,0,0,0,7,0,0,4,19,1,7,0,nan,nan,nan,nan,1.167,nan,nan,1,1,1,1.167,nan,nan,nan,nan,nan,-0.067,nan,nan,0,0,0,-0.067,nan,500,fresh
429666,0,0,0,0,0,0,7,0,0,4,19,1,7,0,nan,nan,nan,nan,1.167,nan,nan,1,1,1,1.167,nan,nan,nan,nan,nan,-0.067,nan,nan,0,0,0,-0.067,nan,500,fresh
430736,0,0,0,0,0,0,7,0,0,4,19,1,7,0,nan,nan,nan,nan,1.167,nan,nan,1,1,1,1.167,nan,nan,nan,nan,nan,-0.067,nan,nan,0,0,0,-0.067,nan,500,fresh
431806,0,0,0,0,0,0,7,0,0,4,19,1,7,0,nan,nan,nan,nan,1.167,nan,nan,1,1,1,1.167,nan,nan,nan,nan,nan,-0.067,nan,nan,0,0,0,-0.067,nan,500,fresh
432875,0,0,0,0,0,0,7,0,0,4,19,1,7,0,nan,nan,nan,nan,1.167,nan,nan,1,1,1,1.167,nan,nan,nan,nan,nan,-0.067,nan,nan,0,0,0,-0.067,nan,500,fresh
433945,0,0,0,0,0,0,7,0,0,4,19,1,7,0,nan,nan,nan,nan,1.167,nan,nan,1,1,1,1.167,nan,nan,nan,nan,nan,-0.067,nan,nan,0,0,0,-0.067,nan,500,fresh
435015,0,0,0,0,0,0,7,0,0,4,19,1,7,0,nan,nan,nan,nan,1.167,nan,nan,1,1,1,1.167,nan,nan,nan,nan,nan,-0.067,nan,nan,0,0,0,-0.067,nan,500,fresh
436085,0,0,0,0,0,0,7,0,0,4,19,1,7,0,nan,nan,nan,nan,1.167,nan,nan,1,1,1,1.167,nan,nan,nan,nan,nan,-0.067,nan,nan,0,0,0,-0.067,nan,500,fresh
437154,0,0,0,0,0,0,7,0,0,4,19,1,7,0,nan,nan,nan,nan,1.167,nan,nan,1,1,1,1.167,nan,nan,nan,nan,nan,-0.067,nan,nan,0,0,0,-0.067,nan,500,fresh
438224,0,0,0,0,0,0,7,0,0,4,19,1,7,0,nan,nan,nan,nan,1.167,nan,nan,1,1,1,1.167,nan,nan,nan,nan,nan,-0.067,nan,nan,0,0,0,-0.067,nan,500,fresh
50008,0,0,0,0,0,0,7,0,0,4,19,1,7,0,nan,nan,nan,nan,1.167,nan,nan,1,1,1,1.167,nan,nan,nan,nan,nan,-0.067,nan,nan,0,0,0,-0.067,nan,500,fresh
51077,0,0,0,0,0,0,6,0,0,4,19,1,7,0,nan,nan,nan,nan,1,nan,nan,1,1,1,1.167,nan,nan,nan,nan,nan,0,nan,nan,0,0,0,-0.067,nan,500,fresh
52146,0,0,0,0,0,0,7,0,0,4,19,1,7,0,nan,nan,nan,nan,1.167,nan,nan,1,1,1,1.167,nan,nan,nan,nan,nan,-0.067,nan,nan,0,0,0,-0.067,nan,500,fresh
53216,0,0,0,0,0,0,7,0,0,4,19,1,6,0,nan,nan,nan,nan,1.167,nan,nan,1,1,1,1,nan,nan,nan,nan,nan,-0.067,nan,nan,0,0,0,0,nan,500,fresh
54285,0,0,0,0,0,0,7,0,0,4,19,1,7,0,nan,nan,nan,nan,1.167,nan,nan,1,1,1,1.167,nan,nan,nan,nan,nan,-0.067,nan,nan,0,0,0,-0.067,nan,500,fresh
55355,0,0,0,0,0,0,7,0,0,4,19,1,6,0,nan,nan,nan,nan,1.167,nan,nan,1,1,1,1,nan,nan,nan,nan,nan,-0.067,nan,nan,0,0,0,0,nan,500,fresh
56425,0,0,0,0,0,0,7,0,0,4,19,1,7,0,nan,nan,nan,nan,1.167,nan,nan,1,1,1,1.167,nan,nan,nan,nan,nan,-0.067,nan,nan,0,0,0,-0.067,nan,500,fresh
57495,0,0,0,0,0,0,7,0,0,4,19,1,7,0,nan,nan,nan,nan,1.167,nan,nan,1,1,1,1.167,nan,nan,nan,nan,nan,-0.067,nan,nan,0,0,0,-0.067,nan,500,fresh
58564,0,0,0,0,0,0,7,0,0,4,19,1,7,0,nan,nan,nan,nan,1.167,nan,nan,1,1,1,1.167,nan,nan,nan,nan,nan,-0.067,nan,nan,0,0,0,-0.067,nan,500,fresh
59634,0,0,0,0,0,0,7,0,0,4,19,1,7,0,nan,nan,nan,nan,1.167,nan,nan,1,1,1,1.167,nan,nan,nan,nan,nan,-0.067,nan,nan,0,0,0,-0.067,nan,500,fresh
60704,0,0,0,0,0,0,7,0,0,4,19,1,7,0,nan,nan,nan,nan,1.167,nan,nan,1,1,1,1.167,nan,nan,nan,nan,nan,-0.067,nan,nan,0,0,0,-0.067,nan,500,fresh
61774,0,0,0,0,0,0,7,0,0,4,19,1,7,0,nan,nan,nan,nan,1.167,nan,nan,1,1,1,1.167,nan,nan,nan,nan,nan,-0.067,nan,nan,0,0,0,-0.067,nan,500,fresh
62844,0,0,0,0,0,0,6,0,0,4,19,1,7,0,nan,nan,nan,nan,1,nan,nan,1,1,1,1.167,nan,nan,nan,nan,nan,0,nan,nan,0,0,0,-0.067,nan,500,fresh
63913,0,0,0,0,0,0,7,0,0,4,19,1,7,0,nan,nan,nan,nan,1.167,nan,nan,1,1,1,1.167,nan,nan,nan,nan,nan,-0.067,nan,nan,0,0,0,-0.067,nan,500,fresh
64983,0,0,0,0,0,0,7,0,0,4,19,1,7,0,nan,nan,nan,nan,1.167,nan,nan,1,1,1,1.167,nan,nan,nan,nan,nan,-0.067,nan,nan,0,0,0,-0.067,nan,500,fresh
66053,0,0,0,0,0,0,7,0,0,4,19,1,7,0,nan,nan,nan,nan,1.167,nan,nan,1,1,1,1.167,nan,nan,nan,nan,nan,-0.067,nan,nan,0,0,0,-0.067,nan,500,fresh
67123,0,0,0,0,0,0,7,0,0,4,19,1,7,0,nan,nan,nan,nan,1.167,nan,nan,1,1,1,1.167,nan,nan,nan,nan,nan,-0.067,nan,nan,0,0,0,-0.067,nan,500,fresh
68193,0,0,0,0,0,0,7,0,0,4,19,1,7,0,nan,nan,nan,nan,1.167,nan,nan,1,1,1,1.167,nan,nan,nan,nan,nan,-0.067,nan,nan,0,0,0,-0.067,nan,500,fresh
69263,0,0,0,0,0,0,7,0,0,4,19,1,7,0,nan,nan,nan,nan,1.167,nan,nan,1,1,1,1.167,nan,nan,nan,nan,nan,-0.067,nan,nan,0,0,0,-0.067,nan,500,fresh
70333,0,0,0,0,0,0,7,0,0,4,19,1,7,0,nan,nan,nan,nan,1.167,nan,nan,1,1,1,1.167,nan,nan,nan,nan,nan,-0.067,nan,nan,0,0,0,-0.067,nan,500,fresh
71403,0,0,0,0,0,0,7,0,0,4,19,1,7,0,nan,nan,nan,nan,1.167,nan,nan,1,1,1,1.167,nan,nan,nan,nan,nan,-0.067,nan,nan,0,0,0,-0.067,nan,500,fresh
72473,0,0,0,0,0,0,6,0,0,4,19,1,7,0,nan,nan,nan,nan,1,nan,nan,1,1,1,1.167,nan,nan,nan,nan,nan,0,nan,nan,0,0,0,-0.067,nan,500,fresh
73542,0,0,0,0,0,0,7,0,0,4,19,1,6,0,nan,nan,nan,nan,1.167,nan,nan,1,1,1,1,nan,nan,nan,nan,nan,-0.067,nan,nan,0,0,0,0,nan,500,fresh
74611,0,0,0,0,0,0,7,0,0,4,19,1,7,0,nan,nan,nan,nan,1.167,nan,nan,1,1,1,1.167,nan,nan,nan,nan,nan,-0.067,nan,nan,0,0,0,-0.067,nan,500,fresh
75681,0,0,0,0,0,0,7,0,0,4,19,1,7,0,nan,nan,nan,nan,1.167,nan,nan,1,1,1,1.167,nan,nan,nan,nan,nan,-0.067,nan,nan,0,0,0,-0.067,nan,500,fresh
76751,0,0,0,0,0,0,7,0,0,4,19,1,7,0,nan,nan,nan,nan,1.167,nan,nan,1,1,1,1.167,nan,nan,nan,nan,nan,-0.067,nan,nan,0,0,0,-0.067,nan,500,fresh
77821,0,0,0,0,0,0,7,0,0,4,19,1,7,0,nan,nan,nan,nan,1.167,nan,nan,1,1,1,1.167,nan,nan,nan,nan,nan,-0.067,nan,nan,0,0,0,-0.067,nan,500,fresh
78891,0,0,0,0,0,0,7,0,0,4,19,1,7,0,nan,nan,nan,nan,1.167,nan,nan,1,1,1,1.167,nan,nan,nan,nan,nan,-0.067,nan,nan,0,0,0,-0.067,nan,500,fresh
79960,0,0,0,0,0,0,7,0,0,4,19,1,6,0,nan,nan,nan,nan,1.167,nan,nan,1,1,1,1,nan,nan,nan,nan,nan,-0.067,nan,nan,0,0,0,0,nan,500,fresh
81030,0,0,0,0,0,0,6,0,0,4,19,1,7,0,nan,nan,nan,nan,1,nan,nan,1,1,1,1.167,nan,nan,nan,nan,nan,0,nan,nan,0,0,0,-0.067,nan,500,fresh
82099,0,0,0,0,0,0,7,0,0,4,19,1,7,0,nan,nan,nan,nan,1.167,nan,nan,1,1,1,1.167,nan,nan,nan,nan,nan,-0.067,nan,nan,0,0,0,-0.067,nan,500,fresh
83168,0,0,0,0,0,0,7,0,0,4,19,1,7,0,nan,nan,nan,nan,1.167,nan,nan,1,1,1,1.167,nan,nan,nan,nan,nan,-0.067,nan,nan,0,0,0,-0.067,nan,500,fresh
84238,0,0,0,0,0,0,7,0,0,4,19,1,6,0,nan,nan,nan,nan,1.167,nan,nan,1,1,1,1,nan,nan,nan,nan,nan,-0.067,nan,nan,0,0,0,0,nan,500,fresh
85308,0,0,0,0,0,0,7,0,0,4,19,1,7,0,nan,nan,nan,nan,1.167,nan,nan,1,1,1,1.167,nan,nan,nan,nan,nan,-0.067,nan,nan,0,0,0,-0.067,nan,500,fresh
86377,0,0,0,0,0,0,7,0,0,4,19,1,7,0,nan,nan,nan,nan,1.167,nan,nan,1,1,1,1.167,nan,nan,nan,nan,nan,-0.067,nan,nan,0,0,0,-0.067,nan,500,fresh
87447,0,0,0,0,0,0,7,0,0,4,19,1,7,0,nan,nan,nan,nan,1.167,nan,nan,1,1,1,1.167,nan,nan,nan,nan,nan,-0.067,nan,nan,0,0,0,-0.067,nan,500,fresh
88516,0,0,0,0,0,0,6,0,0,4,19,1,7,0,nan,nan,nan,nan,1,nan,nan,1,1,1,1.167,nan,nan,nan,nan,nan,0,nan,nan,0,0,0,-0.067,nan,500,fresh
89586,0,0,0,0,0,0,7,0,0,4,19,1,7,0,nan,nan,nan,nan,1.167,nan,nan,1,1,1,1.167,nan,nan,nan,nan,nan,-0.067,nan,nan,0,0,0,-0.067,nan,500,fresh
90655,0,0,0,0,0,0,7,0,0,4,19,1,7,0,nan,nan,nan,nan,1.167,nan,nan,1,1,1,1.167,nan,nan,nan,nan,nan,-0.067,nan,nan,0,0,0,-0.067,nan,500,fresh
91723,0,0,0,0,0,0,7,0,0,4,19,1,7,0,nan,nan,nan,nan,1.167,nan,nan,1,1,1,1.167,nan,nan,nan,nan,nan,-0.067,nan,nan,0,0,0,-0.067,nan,500,fresh
92792,0,0,0,0,0,0,7,0,0,4,19,1,7,0,nan,nan,nan,nan,1.167,nan,nan,1,1,1,1.167,nan,nan,nan,nan,nan,-0.067,nan,nan,0,0,0,-0.067,nan,500,fresh
93862,0,0,0,0,0,0,6,0,0,4,19,1,7,0,nan,nan,nan,nan,1,nan,nan,1,1,1,1.167,nan,nan,nan,nan,nan,0,nan,nan,0,0,0,-0.067,nan,500,fresh
94931,0,0,0,0,0,0,7,0,0,4,19,1,7,0,nan,nan,nan,nan,1.167,nan,nan,1,1,1,1.167,nan,nan,nan,nan,nan,-0.067,nan,nan,0,0,0,-0.067,nan,500,fresh
96000,0,0,0,0,0,0,7,0,0,4,19,1,7,0,nan,nan,nan,nan,1.167,nan,nan,1,1,1,1.167,nan,nan,nan,nan,nan,-0.067,nan,nan,0,0,0,-0.067,nan,500,fresh
97069,0,0,0,0,0,0,7,0,0,4,19,1,7,0,nan,nan,nan,nan,1.167,nan,nan,1,1,1,1.167,nan,nan,nan,nan,nan,-0.067,nan,nan,0,0,0,-0.067,nan,500,fresh
98138,0,0,0,0,0,0,7,0,0,4,19,1,7,0,nan,nan,nan,nan,1.167,nan,nan,1,1,1,1.167,nan,nan,nan,nan,nan,-0.067,nan,nan,0,0,0,-0.067,nan,500,fresh
99207,0,0,0,0,0,0,7,0,0,4,19,1,7,0,nan,nan,nan,nan,1.167,nan,nan,1,1,1,1.167,nan,nan,nan,nan,nan,-0.067,nan,nan,0,0,0,-0.067,nan,500,fresh
100276,0,0,0,0,0,0,7,0,0,4,19,1,7,0,nan,nan,nan,nan,1.167,nan,nan,1,1,1,1.167,nan,nan,nan,nan,nan,-0.067,nan,nan,0,0,0,-0.067,nan,500,fresh
101346,0,0,0,0,0,0,7,0,0,4,19,1,7,0,nan,nan,nan,nan,1.167,nan,nan,1,1,1,1.167,nan,nan,nan,nan,nan,-0.067,nan,nan,0,0,0,-0.067,nan,500,fresh
102416,0,0,0,0,0,0,7,0,0,4,19,1,7,0,nan,nan,nan,nan,1.167,nan,nan,1,1,1,1.167,nan,nan,nan,nan,nan,-0.067,nan,nan,0,0,0,-0.067,nan,500,fresh
103485,0,0,0,0,0,0,7,0,0,3,19,1,7,0,nan,nan,nan,nan,1.167,nan,nan,0.75,1,1,1.167,nan,nan,nan,nan,nan,-0.067,nan,nan,0.125,0,0,-0.067,nan,500,fresh
104555,0,0,0,0,0,0,6,0,0,4,19,1,7,0,nan,nan,nan,nan,1,nan,nan,1,1,1,1.167,nan,nan,nan,nan,nan,0,nan,nan,0,0,0,-0.067,nan,500,fresh
105625,0,0,0,0,0,0,7,0,0,4,19,1,7,0,nan,nan,nan,nan,1.167,nan,nan,1,1,1,1.167,nan,nan,nan,nan,nan,-0.067,nan,nan,0,0,0,-0.067,nan,500,fresh
106694,0,0,0,0,0,0,7,0,0,4,19,1,7,0,nan,nan,nan,nan,1.167,nan,nan,1,1,1,1.167,nan,nan,nan,nan,nan,-0.067,nan,nan,0,0,0,-0.067,nan,500,fresh
107763,0,0,0,0,0,0,7,0,0,4,19,1,7,0,nan,nan,nan,nan,1.167,nan,nan,1,1,1,1.167,nan,nan,nan,nan,nan,-0.067,nan,nan,0,0,0,-0.067,nan,500,fresh
108833,0,0,0,0,0,0,7,0,0,4,19,1,7,0,nan,nan,nan,nan,1.167,nan,nan,1,1,1,1.167,nan,nan,nan,nan,nan,-0.067,nan,nan,0,0,0,-0.067,nan,500,fresh
109903,0,0,0,0,0,0,7,0,0,4,19,1,7,0,nan,nan,nan,nan,1.167,nan,nan,1,1,1,1.167,nan,nan,nan,nan,nan,-0.067,nan,nan,0,0,0,-0.067,nan,500,fresh
110971,0,0,0,0,0,0,7,0,0,4,19,1,7,0,nan,nan,nan,nan,1.167,nan,nan,1,1,1,1.167,nan,nan,nan,nan,nan,-0.067,nan,nan,0,0,0,-0.067,nan,500,fresh
112041,0,0,0,0,0,0,7,0,0,4,19,1,7,0,nan,nan,nan,nan,1.167,nan,nan,1,1,1,1.167,nan,nan,nan,nan,nan,-0.067,nan,nan,0,0,0,-0.067,nan,500,fresh
113111,0,0,0,0,0,0,7,0,0,4,19,1,7,0,nan,nan,nan,nan,1.167,nan,nan,1,1,1,1.167,nan,nan,nan,nan,nan,-0.067,nan,nan,0,0,0,-0.067,nan,500,fresh
114180,0,0,0,0,0,0,7,0,0,4,19,1,7,0,nan,nan,nan,nan,1.167,nan,nan,1,1,1,1.167,nan,nan,nan,nan,nan,-0.067,nan,nan,0,0,0,-0.067,nan,500,fresh
115250,0,0,0,0,0,0,7,0,0,4,19,1,7,0,nan,nan,nan,nan,1.167,nan,nan,1,1,1,1.167,nan,nan,nan,nan,nan,-0.067,nan,nan,0,0,0,-0.067,nan,500,fresh
116319,0,0,0,0,0,0,7,0,0,4,19,1,7,0,nan,nan,nan,nan,1.167,nan,nan,1,1,1,1.167,nan,nan,nan,nan,nan,-0.067,nan,nan,0,0,0,-0.067,nan,500,fresh
117388,0,0,0,0,0,0,7,0,0,4,19,1,7,0,nan,nan,nan,nan,1.167,nan,nan,1,1,1,1.167,nan,nan,nan,nan,nan,-0.067,nan,nan,0,0,0,-0.067,nan,500,fresh
118457,0,0,0,0,0,0,7,0,0,4,19,1,7,0,nan,nan,nan,nan,1.167,nan,nan,1,1,1,1.167,nan,nan,nan,nan,nan,-0.067,nan,nan,0,0,0,-0.067,nan,500,fresh
119526,0,0,0,0,0,0,7,0,0,4,19,1,7,0,nan,nan,nan,nan,1.167,nan,nan,1,1,1,1.167,nan,nan,nan,nan,nan,-0.067,nan,nan,0,0,0,-0.067,nan,500,fresh
120596,0,0,0,0,0,0,7,0,0,4,19,1,7,0,nan,nan,nan,nan,1.167,nan,nan,1,1,1,1.167,nan,nan,nan,nan,nan,-0.067,nan,nan,0,0,0,-0.067,nan,500,fresh
121664,0,0,0,0,0,0,7,0,0,4,19,1,7,0,nan,nan,nan,nan,1.167,nan,nan,1,1,1,1.167,nan,nan,nan,nan,nan,-0.067,nan,nan,0,0,0,-0.067,nan,500,fresh
122733,0,0,0,0,0,0,6,0,0,4,19,1,7,0,nan,nan,nan,nan,1,nan,nan,1,1,1,1.167,nan,nan,nan,nan,nan,0,nan,nan,0,0,0,-0.067,nan,500,fresh
123803,0,0,0,0,0,0,7,0,0,4,19,1,7,0,nan,nan,nan,nan,1.167,nan,nan,1,1,1,1.167,nan,nan,nan,nan,nan,-0.067,nan,nan,0,0,0,-0.067,nan,500,fresh
124872,0,0,0,0,0,0,7,0,0,4,19,1,7,0,nan,nan,nan,nan,1.167,nan,nan,1,1,1,1.167,nan,nan,nan,nan,nan,-0.067,nan,nan,0,0,0,-0.067,nan,500,fresh
125941,0,0,0,0,0,0,7,0,0,4,19,1,7,0,nan,nan,nan,nan,1.167,nan,nan,1,1,1,1.167,nan,nan,nan,nan,nan,-0.067,nan,nan,0,0,0,-0.067,nan,500,fresh
127011,0,0,0,0,0,0,7,0,0,4,19,1,7,0,nan,nan,nan,nan,1.167,nan,nan,1,1,1,1.167,nan,nan,nan,nan,nan,-0.067,nan,nan,0,0,0,-0.067,nan,500,fresh
128081,0,0,0,0,0,0,7,0,0,4,19,1,7,0,nan,nan,nan,nan,1.167,nan,nan,1,1,1,1.167,nan,nan,nan,nan,nan,-0.067,nan,nan,0,0,0,-0.067,nan,500,fresh
129149,0,0,0,0,0,0,7,0,0,4,19,1,7,0,nan,nan,nan,nan,1.167,nan,nan,1,1,1,1.167,nan,nan,nan,nan,nan,-0.067,nan,nan,0,0,0,-0.067,nan,500,fresh
130219,0,0,0,0,0,0,7,0,0,4,19,1,7,0,nan,nan,nan,nan,1.167,nan,nan,1,1,1,1.167,nan,nan,nan,nan,nan,-0.067,nan,nan,0,0,0,-0.067,nan,500,fresh
131289,0,0,0,0,0,0,7,0,0,4,19,1,7,0,nan,nan,nan,nan,1.167,nan,nan,1,1,1,1.167,nan,nan,nan,nan,nan,-0.067,nan,nan,0,0,0,-0.067,nan,500,fresh
132359,0,0,0,0,0,0,7,0,0,4,19,1,6,0,nan,nan,nan,nan,1.167,nan,nan,1,1,1,1,nan,nan,nan,nan,nan,-0.067,nan,nan,0,0,0,0,nan,500,fresh
133429,0,0,0,0,0,0,7,0,0,4,19,1,7,0,nan,nan,nan,nan,1.167,nan,nan,1,1,1,1.167,nan,nan,nan,nan,nan,-0.067,nan,nan,0,0,0,-0.067,nan,500,fresh
134497,0,0,0,0,0,0,7,0,0,4,19,1,7,0,nan,nan,nan,nan,1.167,nan,nan,1,1,1,1.167,nan,nan,nan,nan,nan,-0.067,nan,nan,0,0,0,-0.067,nan,500,fresh
135567,0,0,0,0,0,0,7,0,0,4,19,1,7,0,nan,nan,nan,nan,1.167,nan,nan,1,1,1,1.167,nan,nan,nan,nan,nan,-0.067,nan,nan,0,0,0,-0.067,nan,500,fresh
136637,0,0,0,0,0,0,7,0,0,4,19,1,7,0,nan,nan,nan,nan,1.167,nan,nan,1,1,1,1.167,nan,nan,nan,nan,nan,-0.067,nan,nan,0,0,0,-0.067,nan,500,fresh
137707,0,0,0,0,0,0,7,0,0,4,19,1,7,0,nan,nan,nan,nan,1.167,nan,nan,1,1,1,1.167,nan,nan,nan,nan,nan,-0.067,nan,nan,0,0,0,-0.067,nan,500,fresh
138776,0,0,0,0,0,0,7,0,0,4,19,1,7,0,nan,nan,nan,nan,1.167,nan,nan,1,1,1,1.167,nan,nan,nan,nan,nan,-0.067,nan,nan,0,0,0,-0.067,nan,500,fresh
139845,0,0,0,0,0,0,7,0,0,4,19,1,7,0,nan,nan,nan,nan,1.167,nan,nan,1,1,1,1.167,nan,nan,nan,nan,nan,-0.067,nan,nan,0,0,0,-0.067,nan,500,fresh
140915,0,0,0,0,0,0,7,0,0,4,19,1,7,0,nan,nan,nan,nan,1.167,nan,nan,1,1,1,1.167,nan,nan,nan,nan,nan,-0.067,nan,nan,0,0,0,-0.067,nan,500,fresh
141984,0,0,0,0,0,0,7,0,0,4,19,1,7,0,nan,nan,nan,nan,1.167,nan,nan,1,1,1,1.167,nan,nan,nan,nan,nan,-0.067,nan,nan,0,0,0,-0.067,nan,500,fresh
143054,0,0,0,0,0,0,7,0,0,4,19,1,7,0,nan,nan,nan,nan,1.167,nan,nan,1,1,1,1.167,nan,nan,nan,nan,nan,-0.067,nan,nan,0,0,0,-0.067,nan,500,fresh
144124,0,0,0,0,0,0,7,0,0,4,19,1,7,0,nan,nan,nan,nan,1.167,nan,nan,1,1,1,1.167,nan,nan,nan,nan,nan,-0.067,nan,nan,0,0,0,-0.067,nan,500,fresh
145194,0,0,0,0,0,0,7,0,0,4,19,1,7,0,nan,nan,nan,nan,1.167,nan,nan,1,1,1,1.167,nan,nan,nan,nan,nan,-0.067,nan,nan,0,0,0,-0.067,nan,500,fresh
146264,0,0,0,0,0,0,7,0,0,4,19,1,7,0,nan,nan,nan,nan,1.167,nan,nan,1,1,1,1.167,nan,nan,nan,nan,nan,-0.067,nan,nan,0,0,0,-0.067,nan,500,fresh
147332,0,0,0,0,0,0,7,0,0,4,19,1,7,0,nan,nan,nan,nan,1.167,nan,nan,1,1,1,1.167,nan,nan,nan,nan,nan,-0.067,nan,nan,0,0,0,-0.067,nan,500,fresh
148402,0,0,0,0,0,0,7,0,0,4,19,1,7,0,nan,nan,nan,nan,1.167,nan,nan,1,1,1,1.167,nan,nan,nan,nan,nan,-0.067,nan,nan,0,0,0,-0.067,nan,500,fresh
149471,0,0,0,0,0,0,7,0,0,4,19,1,7,0,nan,nan,nan,nan,1.167,nan,nan,1,1,1,1.167,nan,nan,nan,nan,nan,-0.067,nan,nan,0,0,0,-0.067,nan,500,fresh
150541,0,0,0,0,0,0,7,0,0,4,19,1,7,0,nan,nan,nan,nan,1.167,nan,nan,1,1,1,1.167,nan,nan,nan,nan,nan,-0.067,nan,nan,0,0,0,-0.067,nan,500,fresh
151611,0,0,0,0,0,0,7,0,0,4,19,1,7,0,nan,nan,nan,nan,1.167,nan,nan,1,1,1,1.167,nan,nan,nan,nan,nan,-0.067,nan,nan,0,0,0,-0.067,nan,500,fresh
152680,0,0,0,0,0,0,7,0,0,4,19,1,7,0,nan,nan,nan,nan,1.167,nan,nan,1,1,1,1.167,nan,nan,nan,nan,nan,-0.067,nan,nan,0,0,0,-0.067,nan,500,fresh
153750,0,0,0,0,0,0,7,0,0,4,19,1,7,0,nan,nan,nan,nan,1.167,nan,nan,1,1,1,1.167,nan,nan,nan,nan,nan,-0.067,nan,nan,0,0,0,-0.067,nan,500,fresh
154820,0,0,0,0,0,0,7,0,0,4,19,1,7,0,nan,nan,nan,nan,1.167,nan,nan,1,1,1,1.167,nan,nan,nan,nan,nan,-0.067,nan,nan,0,0,0,-0.067,nan,500,fresh
155890,0,0,0,0,0,0,7,0,0,4,19,1,7,0,nan,nan,nan,nan,1.167,nan,nan,1,1,1,1.167,nan,nan,nan,nan,nan,-0.067,nan,nan,0,0,0,-0.067,nan,500,fresh
156960,0,0,0,0,0,0,7,0,0,4,19,1,7,0,nan,nan,nan,nan,1.167,nan,nan,1,1,1,1.167,nan,nan,nan,nan,nan,-0.067,nan,nan,0,0,0,-0.067,nan,500,fresh
158030,0,0,0,0,0,0,7,0,0,4,19,1,7,0,nan,nan,nan,nan,1.167,nan,nan,1,1,1,1.167,nan,nan,nan,nan,nan,-0.067,nan,nan,0,0,0,-0.067,nan,500,fresh
159100,0,0,0,0,0,0,7,0,0,4,19,1,6,0,nan,nan,nan,nan,1.167,nan,nan,1,1,1,1,nan,nan,nan,nan,nan,-0.067,nan,nan,0,0,0,0,nan,500,fresh
160168,0,0,0,0,0,0,7,0,0,4,19,1,7,0,nan,nan,nan,nan,1.167,nan,nan,1,1,1,1.167,nan,nan,nan,nan,nan,-0.067,nan,nan,0,0,0,-0.067,nan,500,fresh
161237,0,0,0,0,0,0,7,0,0,4,19,1,7,0,nan,nan,nan,nan,1.167,nan,nan,1,1,1,1.167,nan,nan,nan,nan,nan,-0.067,nan,nan,0,0,0,-0.067,nan,500,fresh
162306,0,0,0,0,0,0,7,0,0,4,19,1,7,0,nan,nan,nan,nan,1.167,nan,nan,1,1,1,1.167,nan,nan,nan,nan,nan,-0.067,nan,nan,0,0,0,-0.067,nan,500,fresh
163376,0,0,0,0,0,0,7,0,0,4,19,1,7,0,nan,nan,nan,nan,1.167,nan,nan,1,1,1,1.167,nan,nan,nan,nan,nan,-0.067,nan,nan,0,0,0,-0.067,nan,500,fresh
164444,0,0,0,0,0,0,7,0,0,4,19,1,7,0,nan,nan,nan,nan,1.167,nan,nan,1,1,1,1.167,nan,nan,nan,nan,nan,-0.067,nan,nan,0,0,0,-0.067,nan,500,fresh
165513,0,0,0,0,0,0,7,0,0,4,19,1,7,0,nan,nan,nan,nan,1.167,nan,nan,1,1,1,1.167,nan,nan,nan,nan,nan,-0.067,nan,nan,0,0,0,-0.067,nan,500,fresh
166583,0,0,0,0,0,0,7,0,0,4,19,1,7,0,nan,nan,nan,nan,1.167,nan,nan,1,1,1,1.167,nan,nan,nan,nan,nan,-0.067,nan,nan,0,0,0,-0.067,nan,500,fresh
167652,0,0,0,0,0,0,7,0,0,4,19,1,7,0,nan,nan,nan,nan,1.167,nan,nan,1,1,1,1.167,nan,nan,nan,nan,nan,-0.067,nan,nan,0,0,0,-0.067,nan,500,fresh
168722,0,0,0,0,0,0,7,0,0,4,19,1,7,0,nan,nan,nan,nan,1.167,nan,nan,1,1,1,1.167,nan,nan,nan,nan,nan,-0.067,nan,nan,0,0,0,-0.067,nan,500,fresh
169792,0,0,0,0,0,0,7,0,0,4,19,1,7,0,nan,nan,nan,nan,1.167,nan,nan,1,1,1,1.167,nan,nan,nan,nan,nan,-0.067,nan,nan,0,0,0,-0.067,nan,500,fresh
170862,0,0,0,0,0,0,7,0,0,4,19,1,7,0,nan,nan,nan,nan,1.167,nan,nan,1,1,1,1.167,nan,nan,nan,nan,nan,-0.067,nan,nan,0,0,0,-0.067,nan,500,fresh
171932,0,0,0,0,0,0,6,0,0,4,19,1,7,0,nan,nan,nan,nan,1,nan,nan,1,1,1,1.167,nan,nan,nan,nan,nan,0,nan,nan,0,0,0,-0.067,nan,500,fresh
173002,0,0,0,0,0,0,7,0,0,4,19,1,7,0,nan,nan,nan,nan,1.167,nan,nan,1,1,1,1.167,nan,nan,nan,nan,nan,-0.067,nan,nan,0,0,0,-0.067,nan,500,fresh
174072,0,0,0,0,0,0,7,0,0,4,19,1,7,0,nan,nan,nan,nan,1.167,nan,nan,1,1,1,1.167,nan,nan,nan,nan,nan,-0.067,nan,nan,0,0,0,-0.067,nan,500,fresh
175140,0,0,0,0,0,0,6,0,0,4,19,1,7,0,nan,nan,nan,nan,1,nan,nan,1,1,1,1.167,nan,nan,nan,nan,nan,0,nan,nan,0,0,0,-0.067,nan,500,fresh
176210,0,0,0,0,0,0,7,0,0,4,19,1,7,0,nan,nan,nan,nan,1.167,nan,nan,1,1,1,1.167,nan,nan,nan,nan,nan,-0.067,nan,nan,0,0,0,-0.067,nan,500,fresh
177280,0,0,0,0,0,0,7,0,0,4,19,1,7,0,nan,nan,nan,nan,1.167,nan,nan,1,1,1,1.167,nan,nan,nan,nan,nan,-0.067,nan,nan,0,0,0,-0.067,nan,500,fresh
178350,0,0,0,0,0,0,6,0,0,4,19,1,7,0,nan,nan,nan,nan,1,nan,nan,1,1,1,1.167,nan,nan,nan,nan,nan,0,nan,nan,0,0,0,-0.067,nan,500,fresh
179419,0,0,0,0,0,0,7,0,0,4,19,1,7,0,nan,nan,nan,nan,1.167,nan,nan,1,1,1,1.167,nan,nan,nan,nan,nan,-0.067,nan,nan,0,0,0,-0.067,nan,500,fresh
180488,0,0,0,0,0,0,7,0,0,4,19,1,7,0,nan,nan,nan,nan,1.167,nan,nan,1,1,1,1.167,nan,nan,nan,nan,nan,-0.067,nan,nan,0,0,0,-0.067,nan,500,fresh
181557,0,0,0,0,0,0,7,0,0,4,19,1,7,0,nan,nan,nan,nan,1.167,nan,nan,1,1,1,1.167,nan,nan,nan,nan,nan,-0.067,nan,nan,0,0,0,-0.067,nan,500,fresh
182627,0,0,0,0,0,0,7,0,0,4,19,1,7,0,nan,nan,nan,nan,1.167,nan,nan,1,1,1,1.167,nan,nan,nan,nan,nan,-0.067,nan,nan,0,0,0,-0.067,nan,500,fresh
183697,0,0,0,0,0,0,7,0,0,4,19,1,7,0,nan,nan,nan,nan,1.167,nan,nan,1,1,1,1.167,nan,nan,nan,nan,nan,-0.067,nan,nan,0,0,0,-0.067,nan,500,fresh
184766,0,0,0,0,0,0,7,0,0,4,19,1,7,0,nan,nan,nan,nan,1.167,nan,nan,1,1,1,1.167,nan,nan,nan,nan,nan,-0.067,nan,nan,0,0,0,-0.067,nan,500,fresh
185836,0,0,0,0,0,0,7,0,0,4,19,1,7,0,nan,nan,nan,nan,1.167,nan,nan,1,1,1,1.167,nan,nan,nan,nan,nan,-0.067,nan,nan,0,0,0,-0.067,nan,500,fresh
186906,0,0,0,0,0,0,7,0,0,4,19,1,7,0,nan,nan,nan,nan,1.167,nan,nan,1,1,1,1.167,nan,nan,nan,nan,nan,-0.067,nan,nan,0,0,0,-0.067,nan,500,fresh
187976,0,0,0,0,0,0,7,0,0,4,19,1,6,0,nan,nan,nan,nan,1.167,nan,nan,1,1,1,1,nan,nan,nan,nan,nan,-0.067,nan,nan,0,0,0,0,nan,500,fresh
189046,0,0,0,0,0,0,7,0,0,4,19,1,6,0,nan,nan,nan,nan,1.167,nan,nan,1,1,1,1,nan,nan,nan,nan,nan,-0.067,nan,nan,0,0,0,0,nan,500,fresh
190115,0,0,0,0,0,0,6,0,0,4,19,1,7,0,nan,nan,nan,nan,1,nan,nan,1,1,1,1.167,nan,nan,nan,nan,nan,0,nan,nan,0,0,0,-0.067,nan,500,fresh
191185,0,0,0,0,0,0,7,0,0,4,19,1,6,0,nan,nan,nan,nan,1.167,nan,nan,1,1,1,1,nan,nan,nan,nan,nan,-0.067,nan,nan,0,0,0,0,nan,500,fresh
192255,0,0,0,0,0,0,7,0,0,4,19,1,7,0,nan,nan,nan,nan,1.167,nan,nan,1,1,1,1.167,nan,nan,nan,nan,nan,-0.067,nan,nan,0,0,0,-0.067,nan,500,fresh
193324,0,0,0,0,0,0,7,0,0,4,19,1,7,0,nan,nan,nan,nan,1.167,nan,nan,1,1,1,1.167,nan,nan,nan,nan,nan,-0.067,nan,nan,0,0,0,-0.067,nan,500,fresh
194394,0,0,0,0,0,0,7,0,0,4,19,1,7,0,nan,nan,nan,nan,1.167,nan,nan,1,1,1,1.167,nan,nan,nan,nan,nan,-0.067,nan,nan,0,0,0,-0.067,nan,500,fresh
195464,0,0,0,0,0,0,7,0,0,4,19,1,7,0,nan,nan,nan,nan,1.167,nan,nan,1,1,1,1.167,nan,nan,nan,nan,nan,-0.067,nan,nan,0,0,0,-0.067,nan,500,fresh
196534,0,0,0,0,0,0,7,0,0,4,19,1,7,0,nan,nan,nan,nan,1.167,nan,nan,1,1,1,1.167,nan,nan,nan,nan,nan,-0.067,nan,nan,0,0,0,-0.067,nan,500,fresh
197604,0,0,0,0,0,0,7,0,0,4,19,1,7,0,nan,nan,nan,nan,1.167,nan,nan,1,1,1,1.167,nan,nan,nan,nan,nan,-0.067,nan,nan,0,0,0,-0.067,nan,500,fresh
198673,0,0,0,0,0,0,7,0,0,4,19,1,7,0,nan,nan,nan,nan,1.167,nan,nan,1,1,1,1.167,nan,nan,nan,nan,nan,-0.067,nan,nan,0,0,0,-0.067,nan,500,fresh
199741,0,0,0,0,0,0,6,0,0,4,19,1,7,0,nan,nan,nan,nan,1,nan,nan,1,1,1,1.167,nan,nan,nan,nan,nan,0,nan,nan,0,0,0,-0.067,nan,500,fresh
200810,0,0,0,0,0,0,7,0,0,4,19,1,7,0,nan,nan,nan,nan,1.167,nan,nan,1,1,1,1.167,nan,nan,nan,nan,nan,-0.067,nan,nan,0,0,0,-0.067,nan,500,fresh
201880,0,0,0,0,0,0,7,0,0,4,19,1,7,0,nan,nan,nan,nan,1.167,nan,nan,1,1,1,1.167,nan,nan,nan,nan,nan,-0.067,nan,nan,0,0,0,-0.067,nan,500,fresh
202950,0,0,0,0,0,0,7,0,0,4,19,1,7,0,nan,nan,nan,nan,1.167,nan,nan,1,1,1,1.167,nan,nan,nan,nan,nan,-0.067,nan,nan,0,0,0,-0.067,nan,500,fresh
204019,0,0,0,0,0,0,7,0,0,4,19,1,7,0,nan,nan,nan,nan,1.167,nan,nan,1,1,1,1.167,nan,nan,nan,nan,nan,-0.067,nan,nan,0,0,0,-0.067,nan,500,fresh
205089,0,0,0,0,0,0,7,0,0,4,19,1,6,0,nan,nan,nan,nan,1.167,nan,nan,1,1,1,1,nan,nan,nan,nan,nan,-0.067,nan,nan,0,0,0,0,nan,500,fresh
206159,0,0,0,0,0,0,7,0,0,4,19,1,7,0,nan,nan,nan,nan,1.167,nan,nan,1,1,1,1.167,nan,nan,nan,nan,nan,-0.067,nan,nan,0,0,0,-0.067,nan,500,fresh
207228,0,0,0,0,0,0,7,0,0,4,19,1,7,0,nan,nan,nan,nan,1.167,nan,nan,1,1,1,1.167,nan,nan,nan,nan,nan,-0.067,nan,nan,0,0,0,-0.067,nan,500,fresh
208298,0,0,0,0,0,0,7,0,0,4,19,1,6,0,nan,nan,nan,nan,1.167,nan,nan,1,1,1,1,nan,nan,nan,nan,nan,-0.067,nan,nan,0,0,0,0,nan,500,fresh
209368,0,0,0,0,0,0,7,0,0,4,19,1,7,0,nan,nan,nan,nan,1.167,nan,nan,1,1,1,1.167,nan,nan,nan,nan,nan,-0.067,nan,nan,0,0,0,-0.067,nan,500,fresh
210437,0,0,0,0,0,0,7,0,0,4,19,1,7,0,nan,nan,nan,nan,1.167,nan,nan,1,1,1,1.167,nan,nan,nan,nan,nan,-0.067,nan,nan,0,0,0,-0.067,nan,500,fresh
211507,0,0,0,0,0,0,6,0,0,4,19,1,7,0,nan,nan,nan,nan,1,nan,nan,1,1,1,1.167,nan,nan,nan,nan,nan,0,nan,nan,0,0,0,-0.067,nan,500,fresh
212576,0,0,0,0,0,0,6,0,0,4,19,1,7,0,nan,nan,nan,nan,1,nan,nan,1,1,1,1.167,nan,nan,nan,nan,nan,0,nan,nan,0,0,0,-0.067,nan,500,fresh
213644,0,0,0,0,0,0,7,0,0,4,19,1,6,0,nan,nan,nan,nan,1.167,nan,nan,1,1,1,1,nan,nan,nan,nan,nan,-0.067,nan,nan,0,0,0,0,nan,500,fresh
214713,0,0,0,0,0,0,7,0,0,4,19,1,7,0,nan,nan,nan,nan,1.167,nan,nan,1,1,1,1.167,nan,nan,nan,nan,nan,-0.067,nan,nan,0,0,0,-0.067,nan,500,fresh
215783,0,0,0,0,0,0,7,0,0,4,19,1,7,0,nan,nan,nan,nan,1.167,nan,nan,1,1,1,1.167,nan,nan,nan,nan,nan,-0.067,nan,nan,0,0,0,-0.067,nan,500,fresh
216853,0,0,0,0,0,0,7,0,0,4,19,1,7,0,nan,nan,nan,nan,1.167,nan,nan,1,1,1,1.167,nan,nan,nan,nan,nan,-0.067,nan,nan,0,0,0,-0.067,nan,500,fresh
217921,0,0,0,0,0,0,7,0,0,4,19,1,6,0,nan,nan,nan,nan,1.167,nan,nan,1,1,1,1,nan,nan,nan,nan,nan,-0.067,nan,nan,0,0,0,0,nan,500,fresh
218990,0,0,0,0,0,0,7,0,0,4,19,1,7,0,nan,nan,nan,nan,1.167,nan,nan,1,1,1,1.167,nan,nan,nan,nan,nan,-0.067,nan,nan,0,0,0,-0.067,nan,500,fresh
220060,0,0,0,0,0,0,6,0,0,4,19,1,7,0,nan,nan,nan,nan,1,nan,nan,1,1,1,1.167,nan,nan,nan,nan,nan,0,nan,nan,0,0,0,-0.067,nan,500,fresh
221130,0,0,0,0,0,0,7,0,0,4,19,1,7,0,nan,nan,nan,nan,1.167,nan,nan,1,1,1,1.167,nan,nan,nan,nan,nan,-0.067,nan,nan,0,0,0,-0.067,nan,500,fresh
222198,0,0,0,0,0,0,7,0,0,4,19,1,7,0,nan,nan,nan,nan,1.167,nan,nan,1,1,1,1.167,nan,nan,nan,nan,nan,-0.067,nan,nan,0,0,0,-0.067,nan,500,fresh
223267,0,0,0,0,0,0,7,0,0,4,19,1,7,0,nan,nan,nan,nan,1.167,nan,nan,1,1,1,1.167,nan,nan,nan,nan,nan,-0.067,nan,nan,0,0,0,-0.067,nan,500,fresh
224337,0,0,0,0,0,0,6,0,0,4,19,1,7,0,nan,nan,nan,nan,1,nan,nan,1,1,1,1.167,nan,nan,nan,nan,nan,0,nan,nan,0,0,0,-0.067,nan,500,fresh
225406,0,0,0,0,0,0,6,0,0,4,19,1,7,0,nan,nan,nan,nan,1,nan,nan,1,1,1,1.167,nan,nan,nan,nan,nan,0,nan,nan,0,0,0,-0.067,nan,500,fresh
226475,0,0,0,0,0,0,7,0,0,4,19,1,7,0,nan,nan,nan,nan,1.167,nan,nan,1,1,1,1.167,nan,nan,nan,nan,nan,-0.067,nan,nan,0,0,0,-0.067,nan,500,fresh
227544,0,0,0,0,0,0,6,0,0,4,19,1,7,0,nan,nan,nan,nan,1,nan,nan,1,1,1,1.167,nan,nan,nan,nan,nan,0,nan,nan,0,0,0,-0.067,nan,500,fresh
228614,0,0,0,0,0,0,7,0,0,4,19,1,7,0,nan,nan,nan,nan,1.167,nan,nan,1,1,1,1.167,nan,nan,nan,nan,nan,-0.067,nan,nan,0,0,0,-0.067,nan,500,fresh
229683,0,0,0,0,0,0,7,0,0,3,19,1,7,0,nan,nan,nan,nan,1.167,nan,nan,0.75,1,1,1.167,nan,nan,nan,nan,nan,-0.067,nan,nan,0.125,0,0,-0.067,nan,500,fresh
230752,0,0,0,0,0,0,6,0,0,4,19,1,6,0,nan,nan,nan,nan,1,nan,nan,1,1,1,1,nan,nan,nan,nan,nan,0,nan,nan,0,0,0,0,nan,500,fresh
231822,0,0,0,0,0,0,7,0,0,4,19,1,7,0,nan,nan,nan,nan,1.167,nan,nan,1,1,1,1.167,nan,nan,nan,nan,nan,-0.067,nan,nan,0,0,0,-0.067,nan,500,fresh
232892,0,0,0,0,0,0,7,0,0,4,19,1,7,0,nan,nan,nan,nan,1.167,nan,nan,1,1,1,1.167,nan,nan,nan,nan,nan,-0.067,nan,nan,0,0,0,-0.067,nan,500,fresh
233962,0,0,0,0,0,0,6,0,0,4,19,1,7,0,nan,nan,nan,nan,1,nan,nan,1,1,1,1.167,nan,nan,nan,nan,nan,0,nan,nan,0,0,0,-0.067,nan,500,fresh
235031,0,0,0,0,0,0,6,0,0,4,19,1,7,0,nan,nan,nan,nan,1,nan,nan,1,1,1,1.167,nan,nan,nan,nan,nan,0,nan,nan,0,0,0,-0.067,nan,500,fresh
236100,0,0,0,0,0,0,7,0,0,4,19,1,6,0,nan,nan,nan,nan,1.167,nan,nan,1,1,1,1,nan,nan,nan,nan,nan,-0.067,nan,nan,0,0,0,0,nan,500,fresh
237170,0,0,0,0,0,0,7,0,0,4,19,1,7,0,nan,nan,nan,nan,1.167,nan,nan,1,1,1,1.167,nan,nan,nan,nan,nan,-0.067,nan,nan,0,0,0,-0.067,nan,500,fresh
238240,0,0,0,0,0,0,7,0,0,4,19,1,7,0,nan,nan,nan,nan,1.167,nan,nan,1,1,1,1.167,nan,nan,nan,nan,nan,-0.067,nan,nan,0,0,0,-0.067,nan,500,fresh
239309,0,0,0,0,0,0,7,0,0,4,19,1,6,0,nan,nan,nan,nan,1.167,nan,nan,1,1,1,1,nan,nan,nan,nan,nan,-0.067,nan,nan,0,0,0,0,nan,500,fresh
240379,0,0,0,0,0,0,7,0,0,4,19,1,7,0,nan,nan,nan,nan,1.167,nan,nan,1,1,1,1.167,nan,nan,nan,nan,nan,-0.067,nan,nan,0,0,0,-0.067,nan,500,fresh
241449,0,0,0,0,0,0,7,0,0,4,19,1,6,0,nan,nan,nan,nan,1.167,nan,nan,1,1,1,1,nan,nan,nan,nan,nan,-0.067,nan,nan,0,0,0,0,nan,500,fresh
242519,0,0,0,0,0,0,7,0,0,4,19,1,7,0,nan,nan,nan,nan,1.167,nan,nan,1,1,1,1.167,nan,nan,nan,nan,nan,-0.067,nan,nan,0,0,0,-0.067,nan,500,fresh
243588,0,0,0,0,0,0,7,0,0,4,19,1,6,0,nan,nan,nan,nan,1.167,nan,nan,1,1,1,1,nan,nan,nan,nan,nan,-0.067,nan,nan,0,0,0,0,nan,500,fresh
244657,0,0,0,0,0,0,7,0,0,4,19,1,7,0,nan,nan,nan,nan,1.167,nan,nan,1,1,1,1.167,nan,nan,nan,nan,nan,-0.067,nan,nan,0,0,0,-0.067,nan,500,fresh
245727,0,0,0,0,0,0,7,0,0,4,19,1,7,0,nan,nan,nan,nan,1.167,nan,nan,1,1,1,1.167,nan,nan,nan,nan,nan,-0.067,nan,nan,0,0,0,-0.067,nan,500,fresh
246795,0,0,0,0,0,0,7,0,0,4,19,1,7,0,nan,nan,nan,nan,1.167,nan,nan,1,1,1,1.167,nan,nan,nan,nan,nan,-0.067,nan,nan,0,0,0,-0.067,nan,500,fresh
247864,0,0,0,0,0,0,7,0,0,4,19,1,7,0,nan,nan,nan,nan,1.167,nan,nan,1,1,1,1.167,nan,nan,nan,nan,nan,-0.067,nan,nan,0,0,0,-0.067,nan,500,fresh
248934,0,0,0,0,0,0,7,0,0,4,19,1,7,0,nan,nan,nan,nan,1.167,nan,nan,1,1,1,1.167,nan,nan,nan,nan,nan,-0.067,nan,nan,0,0,0,-0.067,nan,500,fresh
250004,0,0,0,0,0,0,6,0,0,4,19,1,7,0,nan,nan,nan,nan,1,nan,nan,1,1,1,1.167,nan,nan,nan,nan,nan,0,nan,nan,0,0,0,-0.067,nan,500,fresh
251073,0,0,0,0,0,0,7,0,0,4,19,1,7,0,nan,nan,nan,nan,1.167,nan,nan,1,1,1,1.167,nan,nan,nan,nan,nan,-0.067,nan,nan,0,0,0,-0.067,nan,500,fresh
252142,0,0,0,0,0,0,7,0,0,4,19,1,7,0,nan,nan,nan,nan,1.167,nan,nan,1,1,1,1.167,nan,nan,nan,nan,nan,-0.067,nan,nan,0,0,0,-0.067,nan,500,fresh
253212,0,0,0,0,0,0,7,0,0,4,19,1,7,0,nan,nan,nan,nan,1.167,nan,nan,1,1,1,1.167,nan,nan,nan,nan,nan,-0.067,nan,nan,0,0,0,-0.067,nan,500,fresh
254280,0,0,0,0,0,0,7,0,0,4,19,1,6,0,nan,nan,nan,nan,1.167,nan,nan,1,1,1,1,nan,nan,nan,nan,nan,-0.067,nan,nan,0,0,0,0,nan,500,fresh
255350,0,0,0,0,0,0,7,0,0,4,19,1,7,0,nan,nan,nan,nan,1.167,nan,nan,1,1,1,1.167,nan,nan,nan,nan,nan,-0.067,nan,nan,0,0,0,-0.067,nan,500,fresh
256419,0,0,0,0,0,0,7,0,0,4,19,1,7,0,nan,nan,nan,nan,1.167,nan,nan,1,1,1,1.167,nan,nan,nan,nan,nan,-0.067,nan,nan,0,0,0,-0.067,nan,500,fresh
257489,0,0,0,0,0,0,7,0,0,4,19,1,7,0,nan,nan,nan,nan,1.167,nan,nan,1,1,1,1.167,nan,nan,nan,nan,nan,-0.067,nan,nan,0,0,0,-0.067,nan,500,fresh
258559,0,0,0,0,0,0,7,0,0,4,19,1,7,0,nan,nan,nan,nan,1.167,nan,nan,1,1,1,1.167,nan,nan,nan,nan,nan,-0.067,nan,nan,0,0,0,-0.067,nan,500,fresh
259627,0,0,0,0,0,0,7,0,0,4,19,1,7,0,nan,nan,nan,nan,1.167,nan,nan,1,1,1,1.167,nan,nan,nan,nan,nan,-0.067,nan,nan,0,0,0,-0.067,nan,500,fresh
260695,0,0,0,0,0,0,7,0,0,4,19,1,7,0,nan,nan,nan,nan,1.167,nan,nan,1,1,1,1.167,nan,nan,nan,nan,nan,-0.067,nan,nan,0,0,0,-0.067,nan,500,fresh
261765,0,0,0,0,0,0,7,0,0,4,19,1,7,0,nan,nan,nan,nan,1.167,nan,nan,1,1,1,1.167,nan,nan,nan,nan,nan,-0.067,nan,nan,0,0,0,-0.067,nan,500,fresh
262834,0,0,0,0,0,0,7,0,0,4,19,1,7,0,nan,nan,nan,nan,1.167,nan,nan,1,1,1,1.167,nan,nan,nan,nan,nan,-0.067,nan,nan,0,0,0,-0.067,nan,500,fresh
263904,0,0,0,0,0,0,7,0,0,4,19,1,7,0,nan,nan,nan,nan,1.167,nan,nan,1,1,1,1.167,nan,nan,nan,nan,nan,-0.067,nan,nan,0,0,0,-0.067,nan,500,fresh
264974,0,0,0,0,0,0,6,0,0,4,19,1,6,0,nan,nan,nan,nan,1,nan,nan,1,1,1,1,nan,nan,nan,nan,nan,0,nan,nan,0,0,0,0,nan,500,fresh
266042,0,0,0,0,0,0,7,0,0,4,19,1,7,0,nan,nan,nan,nan,1.167,nan,nan,1,1,1,1.167,nan,nan,nan,nan,nan,-0.067,nan,nan,0,0,0,-0.067,nan,500,fresh
267111,0,0,0,0,0,0,7,0,0,4,19,1,7,0,nan,nan,nan,nan,1.167,nan,nan,1,1,1,1.167,nan,nan,nan,nan,nan,-0.067,nan,nan,0,0,0,-0.067,nan,500,fresh
268181,0,0,0,0,0,0,7,0,0,4,19,1,7,0,nan,nan,nan,nan,1.167,nan,nan,1,1,1,1.167,nan,nan,nan,nan,nan,-0.067,nan,nan,0,0,0,-0.067,nan,500,fresh
269251,0,0,0,0,0,0,7,0,0,4,19,1,7,0,nan,nan,nan,nan,1.167,nan,nan,1,1,1,1.167,nan,nan,nan,nan,nan,-0.067,nan,nan,0,0,0,-0.067,nan,500,fresh
270321,0,0,0,0,0,0,6,0,0,4,19,1,7,0,nan,nan,nan,nan,1,nan,nan,1,1,1,1.167,nan,nan,nan,nan,nan,0,nan,nan,0,0,0,-0.067,nan,500,fresh
271390,0,0,0,0,0,0,7,0,0,4,19,1,7,0,nan,nan,nan,nan,1.167,nan,nan,1,1,1,1.167,nan,nan,nan,nan,nan,-0.067,nan,nan,0,0,0,-0.067,nan,500,fresh
272459,0,0,0,0,0,0,7,0,0,4,19,1,6,0,nan,nan,nan,nan,1.167,nan,nan,1,1,1,1,nan,nan,nan,nan,nan,-0.067,nan,nan,0,0,0,0,nan,500,fresh
273528,0,0,0,0,0,0,7,0,0,4,19,1,6,0,nan,nan,nan,nan,1.167,nan,nan,1,1,1,1,nan,nan,nan,nan,nan,-0.067,nan,nan,0,0,0,0,nan,500,fresh
274597,0,0,0,0,0,0,7,0,0,4,19,1,7,0,nan,nan,nan,nan,1.167,nan,nan,1,1,1,1.167,nan,nan,nan,nan,nan,-0.067,nan,nan,0,0,0,-0.067,nan,500,fresh
275667,0,0,0,0,0,0,7,0,0,4,19,1,7,0,nan,nan,nan,nan,1.167,nan,nan,1,1,1,1.167,nan,nan,nan,nan,nan,-0.067,nan,nan,0,0,0,-0.067,nan,500,fresh
276737,0,0,0,0,0,0,6,0,0,4,19,1,7,0,nan,nan,nan,nan,1,nan,nan,1,1,1,1.167,nan,nan,nan,nan,nan,0,nan,nan,0,0,0,-0.067,nan,500,fresh
277806,0,0,0,0,0,0,7,0,0,4,19,1,7,0,nan,nan,nan,nan,1.167,nan,nan,1,1,1,1.167,nan,nan,nan,nan,nan,-0.067,nan,nan,0,0,0,-0.067,nan,500,fresh
278875,0,0,0,0,0,0,6,0,0,4,19,1,6,0,nan,nan,nan,nan,1,nan,nan,1,1,1,1,nan,nan,nan,nan,nan,0,nan,nan,0,0,0,0,nan,500,fresh
279945,0,0,0,0,0,0,7,0,0,4,19,1,7,0,nan,nan,nan,nan,1.167,nan,nan,1,1,1,1.167,nan,nan,nan,nan,nan,-0.067,nan,nan,0,0,0,-0.067,nan,500,fresh
281015,0,0,0,0,0,0,6,0,0,4,19,1,7,0,nan,nan,nan,nan,1,nan,nan,1,1,1,1.167,nan,nan,nan,nan,nan,0,nan,nan,0,0,0,-0.067,nan,500,fresh
282084,0,0,0,0,0,0,7,0,0,4,19,1,7,0,nan,nan,nan,nan,1.167,nan,nan,1,1,1,1.167,nan,nan,nan,nan,nan,-0.067,nan,nan,0,0,0,-0.067,nan,500,fresh
283153,0,0,0,0,0,0,7,0,0,4,19,1,7,0,nan,nan,nan,nan,1.167,nan,nan,1,1,1,1.167,nan,nan,nan,nan,nan,-0.067,nan,nan,0,0,0,-0.067,nan,500,fresh
284222,0,0,0,0,0,0,6,0,0,4,19,1,7,0,nan,nan,nan,nan,1,nan,nan,1,1,1,1.167,nan,nan,nan,nan,nan,0,nan,nan,0,0,0,-0.067,nan,500,fresh
285292,0,0,0,0,0,0,7,0,0,4,19,1,7,0,nan,nan,nan,nan,1.167,nan,nan,1,1,1,1.167,nan,nan,nan,nan,nan,-0.067,nan,nan,0,0,0,-0.067,nan,500,fresh
286361,0,0,0,0,0,0,7,0,0,4,19,1,7,0,nan,nan,nan,nan,1.167,nan,nan,1,1,1,1.167,nan,nan,nan,nan,nan,-0.067,nan,nan,0,0,0,-0.067,nan,500,fresh
287430,0,0,0,0,0,0,7,0,0,4,19,1,7,0,nan,nan,nan,nan,1.167,nan,nan,1,1,1,1.167,nan,nan,nan,nan,nan,-0.067,nan,nan,0,0,0,-0.067,nan,500,fresh
288499,0,0,0,0,0,0,6,0,0,4,19,1,7,0,nan,nan,nan,nan,1,nan,nan,1,1,1,1.167,nan,nan,nan,nan,nan,0,nan,nan,0,0,0,-0.067,nan,500,fresh
289569,0,0,0,0,0,0,7,0,0,4,19,1,7,0,nan,nan,nan,nan,1.167,nan,nan,1,1,1,1.167,nan,nan,nan,nan,nan,-0.067,nan,nan,0,0,0,-0.067,nan,500,fresh
290639,0,0,0,0,0,0,7,0,0,4,19,1,7,0,nan,nan,nan,nan,1.167,nan,nan,1,1,1,1.167,nan,nan,nan,nan,nan,-0.067,nan,nan,0,0,0,-0.067,nan,500,fresh
291709,0,0,0,0,0,0,6,0,0,4,19,1,7,0,nan,nan,nan,nan,1,nan,nan,1,1,1,1.167,nan,nan,nan,nan,nan,0,nan,nan,0,0,0,-0.067,nan,500,fresh
292779,0,0,0,0,0,0,7,0,0,4,19,1,7,0,nan,nan,nan,nan,1.167,nan,nan,1,1,1,1.167,nan,nan,nan,nan,nan,-0.067,nan,nan,0,0,0,-0.067,nan,500,fresh
293848,0,0,0,0,0,0,7,0,0,4,19,1,7,0,nan,nan,nan,nan,1.167,nan,nan,1,1,1,1.167,nan,nan,nan,nan,nan,-0.067,nan,nan,0,0,0,-0.067,nan,500,fresh
294918,0,0,0,0,0,0,7,0,0,4,19,1,7,0,nan,nan,nan,nan,1.167,nan,nan,1,1,1,1.167,nan,nan,nan,nan,nan,-0.067,nan,nan,0,0,0,-0.067,nan,500,fresh
295987,0,0,0,0,0,0,6,0,0,4,19,1,7,0,nan,nan,nan,nan,1,nan,nan,1,1,1,1.167,nan,nan,nan,nan,nan,0,nan,nan,0,0,0,-0.067,nan,500,fresh
297057,0,0,0,0,0,0,7,0,0,4,19,1,6,0,nan,nan,nan,nan,1.167,nan,nan,1,1,1,1,nan,nan,nan,nan,nan,-0.067,nan,nan,0,0,0,0,nan,500,fresh
298126,0,0,0,0,0,0,7,0,0,4,19,1,6,0,nan,nan,nan,nan,1.167,nan,nan,1,1,1,1,nan,nan,nan,nan,nan,-0.067,nan,nan,0,0,0,0,nan,500,fresh
299195,0,0,0,0,0,0,7,0,0,4,19,1,7,0,nan,nan,nan,nan,1.167,nan,nan,1,1,1,1.167,nan,nan,nan,nan,nan,-0.067,nan,nan,0,0,0,-0.067,nan,500,fresh
300265,0,0,0,0,0,0,7,0,0,4,19,1,6,0,nan,nan,nan,nan,1.167,nan,nan,1,1,1,1,nan,nan,nan,nan,nan,-0.067,nan,nan,0,0,0,0,nan,500,fresh
301335,0,0,0,0,0,0,7,0,0,4,19,1,7,0,nan,nan,nan,nan,1.167,nan,nan,1,1,1,1.167,nan,nan,nan,nan,nan,-0.067,nan,nan,0,0,0,-0.067,nan,500,fresh
302405,0,0,0,0,0,0,7,0,0,4,19,1,7,0,nan,nan,nan,nan,1.167,nan,nan,1,1,1,1.167,nan,nan,nan,nan,nan,-0.067,nan,nan,0,0,0,-0.067,nan,500,fresh
303475,0,0,0,0,0,0,7,0,0,4,19,1,7,0,nan,nan,nan,nan,1.167,nan,nan,1,1,1,1.167,nan,nan,nan,nan,nan,-0.067,nan,nan,0,0,0,-0.067,nan,500,fresh
304544,0,0,0,0,0,0,6,0,0,4,19,1,7,0,nan,nan,nan,nan,1,nan,nan,1,1,1,1.167,nan,nan,nan,nan,nan,0,nan,nan,0,0,0,-0.067,nan,500,fresh
305613,0,0,0,0,0,0,6,0,0,4,19,1,7,0,nan,nan,nan,nan,1,nan,nan,1,1,1,1.167,nan,nan,nan,nan,nan,0,nan,nan,0,0,0,-0.067,nan,500,fresh
306683,0,0,0,0,0,0,7,0,0,4,19,1,7,0,nan,nan,nan,nan,1.167,nan,nan,1,1,1,1.167,nan,nan,nan,nan,nan,-0.067,nan,nan,0,0,0,-0.067,nan,500,fresh
307752,0,0,0,0,0,0,7,0,0,3,19,1,7,0,nan,nan,nan,nan,1.167,nan,nan,0.75,1,1,1.167,nan,nan,nan,nan,nan,-0.067,nan,nan,0.125,0,0,-0.067,nan,500,fresh
308821,0,0,0,0,0,0,7,0,0,4,19,1,7,0,nan,nan,nan,nan,1.167,nan,nan,1,1,1,1.167,nan,nan,nan,nan,nan,-0.067,nan,nan,0,0,0,-0.067,nan,500,fresh
309891,0,0,0,0,0,0,7,0,0,4,19,1,6,0,nan,nan,nan,nan,1.167,nan,nan,1,1,1,1,nan,nan,nan,nan,nan,-0.067,nan,nan,0,0,0,0,nan,500,fresh
310960,0,0,0,0,0,0,7,0,0,4,19,1,7,0,nan,nan,nan,nan,1.167,nan,nan,1,1,1,1.167,nan,nan,nan,nan,nan,-0.067,nan,nan,0,0,0,-0.067,nan,500,fresh
312029,0,0,0,0,0,0,7,0,0,4,19,1,6,0,nan,nan,nan,nan,1.167,nan,nan,1,1,1,1,nan,nan,nan,nan,nan,-0.067,nan,nan,0,0,0,0,nan,500,fresh
313098,0,0,0,0,0,0,7,0,0,4,19,1,7,0,nan,nan,nan,nan,1.167,nan,nan,1,1,1,1.167,nan,nan,nan,nan,nan,-0.067,nan,nan,0,0,0,-0.067,nan,500,fresh
323795,0,0,0,0,0,0,7,0,0,4,19,1,7,0,nan,nan,nan,nan,1.167,nan,nan,1,1,1,1.167,nan,nan,nan,nan,nan,-0.067,nan,nan,0,0,0,-0.067,nan,500,fresh
324865,0,0,0,0,0,0,7,0,0,4,19,1,7,0,nan,nan,nan,nan,1.167,nan,nan,1,1,1,1.167,nan,nan,nan,nan,nan,-0.067,nan,nan,0,0,0,-0.067,nan,500,fresh
325934,0,0,0,0,0,0,7,0,0,4,19,1,7,0,nan,nan,nan,nan,1.167,nan,nan,1,1,1,1.167,nan,nan,nan,nan,nan,-0.067,nan,nan,0,0,0,-0.067,nan,500,fresh
327004,0,0,0,0,0,0,7,0,0,4,19,1,7,0,nan,nan,nan,nan,1.167,nan,nan,1,1,1,1.167,nan,nan,nan,nan,nan,-0.067,nan,nan,0,0,0,-0.067,nan,500,fresh
347322,0,0,0,0,0,0,7,0,0,4,20,1,7,0,nan,nan,nan,nan,1.167,nan,nan,1,1.053,1,1.167,nan,nan,nan,nan,nan,-0.067,nan,nan,0,-0.022,0,-0.067,nan,500,fresh
348392,0,0,0,0,0,0,7,0,0,4,20,1,7,0,nan,nan,nan,nan,1.167,nan,nan,1,1.053,1,1.167,nan,nan,nan,nan,nan,-0.067,nan,nan,0,-0.022,0,-0.067,nan,500,fresh
349461,0,0,0,0,0,0,7,0,0,4,19,1,7,0,nan,nan,nan,nan,1.167,nan,nan,1,1,1,1.167,nan,nan,nan,nan,nan,-0.067,nan,nan,0,0,0,-0.067,nan,500,fresh
350530,0,0,0,0,0,0,7,0,0,4,20,1,7,0,nan,nan,nan,nan,1.167,nan,nan,1,1.053,1,1.167,nan,nan,nan,nan,nan,-0.067,nan,nan,0,-0.022,0,-0.067,nan,500,fresh
351600,0,0,0,0,0,0,7,0,0,4,20,1,7,0,nan,nan,nan,nan,1.167,nan,nan,1,1.053,1,1.167,nan,nan,nan,nan,nan,-0.067,nan,nan,0,-0.022,0,-0.067,nan,500,fresh
352669,0,0,0,0,0,0,7,0,0,4,20,1,7,0,nan,nan,nan,nan,1.167,nan,nan,1,1.053,1,1.167,nan,nan,nan,nan,nan,-0.067,nan,nan,0,-0.022,0,-0.067,nan,500,fresh
353738,0,0,0,0,0,0,7,0,0,4,20,1,7,0,nan,nan,nan,nan,1.167,nan,nan,1,1.053,1,1.167,nan,nan,nan,nan,nan,-0.067,nan,nan,0,-0.022,0,-0.067,nan,500,fresh
354807,0,0,0,0,0,0,7,0,0,4,20,1,7,0,nan,nan,nan,nan,1.167,nan,nan,1,1.053,1,1.167,nan,nan,nan,nan,nan,-0.067,nan,nan,0,-0.022,0,-0.067,nan,500,fresh
355876,0,0,0,0,0,0,7,0,0,4,20,1,7,0,nan,nan,nan,nan,1.167,nan,nan,1,1.053,1,1.167,nan,nan,nan,nan,nan,-0.067,nan,nan,0,-0.022,0,-0.067,nan,500,fresh
356945,0,0,0,0,0,0,7,0,0,4,20,1,7,0,nan,nan,nan,nan,1.167,nan,nan,1,1.053,1,1.167,nan,nan,nan,nan,nan,-0.067,nan,nan,0,-0.022,0,-0.067,nan,500,fresh
358014,0,0,0,0,0,0,7,0,0,4,20,1,7,0,nan,nan,nan,nan,1.167,nan,nan,1,1.053,1,1.167,nan,nan,nan,nan,nan,-0.067,nan,nan,0,-0.022,0,-0.067,nan,500,fresh
359084,0,0,0,0,0,0,7,0,0,4,20,1,7,0,nan,nan,nan,nan,1.167,nan,nan,1,1.053,1,1.167,nan,nan,nan,nan,nan,-0.067,nan,nan,0,-0.022,0,-0.067,nan,500,fresh
360154,0,0,0,0,0,0,7,0,0,4,20,1,7,0,nan,nan,nan,nan,1.167,nan,nan,1,1.053,1,1.167,nan,nan,nan,nan,nan,-0.067,nan,nan,0,-0.022,0,-0.067,nan,500,fresh
361224,0,0,0,0,0,0,7,0,0,4,20,1,7,0,nan,nan,nan,nan,1.167,nan,nan,1,1.053,1,1.167,nan,nan,nan,nan,nan,-0.067,nan,nan,0,-0.022,0,-0.067,nan,500,fresh
362294,0,0,0,0,0,0,7,0,0,4,19,1,7,0,nan,nan,nan,nan,1.167,nan,nan,1,1,1,1.167,nan,nan,nan,nan,nan,-0.067,nan,nan,0,0,0,-0.067,nan,500,fresh
363364,0,0,0,0,0,0,7,0,0,4,20,1,7,0,nan,nan,nan,nan,1.167,nan,nan,1,1.053,1,1.167,nan,nan,nan,nan,nan,-0.067,nan,nan,0,-0.022,0,-0.067,nan,500,fresh
364434,0,0,0,0,0,0,7,0,0,4,20,1,7,0,nan,nan,nan,nan,1.167,nan,nan,1,1.053,1,1.167,nan,nan,nan,nan,nan,-0.067,nan,nan,0,-0.022,0,-0.067,nan,500,fresh
365504,0,0,0,0,0,0,7,0,0,4,20,1,7,0,nan,nan,nan,nan,1.167,nan,nan,1,1.053,1,1.167,nan,nan,nan,nan,nan,-0.067,nan,nan,0,-0.022,0,-0.067,nan,500,fresh
366574,0,0,0,0,0,0,7,0,0,4,20,1,7,0,nan,nan,nan,nan,1.167,nan,nan,1,1.053,1,1.167,nan,nan,nan,nan,nan,-0.067,nan,nan,0,-0.022,0,-0.067,nan,500,fresh
367643,0,0,0,0,0,0,7,0,0,4,20,1,7,0,nan,nan,nan,nan,1.167,nan,nan,1,1.053,1,1.167,nan,nan,nan,nan,nan,-0.067,nan,nan,0,-0.022,0,-0.067,nan,500,fresh
368713,0,0,0,0,0,0,7,0,0,4,20,1,7,0,nan,nan,nan,nan,1.167,nan,nan,1,1.053,1,1.167,nan,nan,nan,nan,nan,-0.067,nan,nan,0,-0.022,0,-0.067,nan,500,fresh
369783,0,0,0,0,0,0,7,0,0,4,20,1,7,0,nan,nan,nan,nan,1.167,nan,nan,1,1.053,1,1.167,nan,nan,nan,nan,nan,-0.067,nan,nan,0,-0.022,0,-0.067,nan,500,fresh
370852,0,0,0,0,0,0,7,0,0,4,20,1,7,0,nan,nan,nan,nan,1.167,nan,nan,1,1.053,1,1.167,nan,nan,nan,nan,nan,-0.067,nan,nan,0,-0.022,0,-0.067,nan,500,fresh
371922,0,0,0,0,0,0,7,0,0,4,20,1,7,0,nan,nan,nan,nan,1.167,nan,nan,1,1.053,1,1.167,nan,nan,nan,nan,nan,-0.067,nan,nan,0,-0.022,0,-0.067,nan,500,fresh
372991,0,0,0,0,0,0,7,0,0,4,20,1,7,0,nan,nan,nan,nan,1.167,nan,nan,1,1.053,1,1.167,nan,nan,nan,nan,nan,-0.067,nan,nan,0,-0.022,0,-0.067,nan,500,fresh
374059,0,0,0,0,0,0,7,0,0,4,19,1,7,0,nan,nan,nan,nan,1.167,nan,nan,1,1,1,1.167,nan,nan,nan,nan,nan,-0.067,nan,nan,0,0,0,-0.067,nan,500,fresh
375127,0,0,0,0,0,0,7,0,0,4,20,1,7,0,nan,nan,nan,nan,1.167,nan,nan,1,1.053,1,1.167,nan,nan,nan,nan,nan,-0.067,nan,nan,0,-0.022,0,-0.067,nan,500,fresh
376197,0,0,0,0,0,0,7,0,0,4,20,1,7,0,nan,nan,nan,nan,1.167,nan,nan,1,1.053,1,1.167,nan,nan,nan,nan,nan,-0.067,nan,nan,0,-0.022,0,-0.067,nan,500,fresh
377265,0,0,0,0,0,0,7,0,0,4,19,1,7,0,nan,nan,nan,nan,1.167,nan,nan,1,1,1,1.167,nan,nan,nan,nan,nan,-0.067,nan,nan,0,0,0,-0.067,nan,500,fresh
378333,0,0,0,0,0,0,7,0,0,4,20,1,7,0,nan,nan,nan,nan,1.167,nan,nan,1,1.053,1,1.167,nan,nan,nan,nan,nan,-0.067,nan,nan,0,-0.022,0,-0.067,nan,500,fresh
379403,0,0,0,0,0,0,7,0,0,4,20,1,7,0,nan,nan,nan,nan,1.167,nan,nan,1,1.053,1,1.167,nan,nan,nan,nan,nan,-0.067,nan,nan,0,-0.022,0,-0.067,nan,500,fresh
380473,0,0,0,0,0,0,7,0,0,4,20,1,7,0,nan,nan,nan,nan,1.167,nan,nan,1,1.053,1,1.167,nan,nan,nan,nan,nan,-0.067,nan,nan,0,-0.022,0,-0.067,nan,500,fresh
381542,0,0,0,0,0,0,7,0,0,4,20,1,7,0,nan,nan,nan,nan,1.167,nan,nan,1,1.053,1,1.167,nan,nan,nan,nan,nan,-0.067,nan,nan,0,-0.022,0,-0.067,nan,500,fresh
382612,0,0,0,0,0,0,7,0,0,4,20,1,7,0,nan,nan,nan,nan,1.167,nan,nan,1,1.053,1,1.167,nan,nan,nan,nan,nan,-0.067,nan,nan,0,-0.022,0,-0.067,nan,500,fresh
383681,0,0,0,0,0,0,7,0,0,4,19,1,7,0,nan,nan,nan,nan,1.167,nan,nan,1,1,1,1.167,nan,nan,nan,nan,nan,-0.067,nan,nan,0,0,0,-0.067,nan,500,fresh
384750,0,0,0,0,0,0,7,0,0,4,20,1,7,0,nan,nan,nan,nan,1.167,nan,nan,1,1.053,1,1.167,nan,nan,nan,nan,nan,-0.067,nan,nan,0,-0.022,0,-0.067,nan,500,fresh
385819,0,0,0,0,0,0,7,0,0,4,20,1,7,0,nan,nan,nan,nan,1.167,nan,nan,1,1.053,1,1.167,nan,nan,nan,nan,nan,-0.067,nan,nan,0,-0.022,0,-0.067,nan,500,fresh
386889,0,0,0,0,0,0,6,0,0,4,19,1,7,0,nan,nan,nan,nan,1,nan,nan,1,1,1,1.167,nan,nan,nan,nan,nan,0,nan,nan,0,0,0,-0.067,nan,500,fresh
387957,0,0,0,0,0,0,7,0,0,4,20,1,7,0,nan,nan,nan,nan,1.167,nan,nan,1,1.053,1,1.167,nan,nan,nan,nan,nan,-0.067,nan,nan,0,-0.022,0,-0.067,nan,500,fresh
389027,0,0,0,0,0,0,7,0,0,4,20,1,7,0,nan,nan,nan,nan,1.167,nan,nan,1,1.053,1,1.167,nan,nan,nan,nan,nan,-0.067,nan,nan,0,-0.022,0,-0.067,nan,500,fresh
390096,0,0,0,0,0,0,7,0,0,4,20,1,7,0,nan,nan,nan,nan,1.167,nan,nan,1,1.053,1,1.167,nan,nan,nan,nan,nan,-0.067,nan,nan,0,-0.022,0,-0.067,nan,500,fresh
391165,0,0,0,0,0,0,7,0,0,4,20,1,7,0,nan,nan,nan,nan,1.167,nan,nan,1,1.053,1,1.167,nan,nan,nan,nan,nan,-0.067,nan,nan,0,-0.022,0,-0.067,nan,500,fresh
392235,0,0,0,0,0,0,7,0,0,4,19,1,7,0,nan,nan,nan,nan,1.167,nan,nan,1,1,1,1.167,nan,nan,nan,nan,nan,-0.067,nan,nan,0,0,0,-0.067,nan,500,fresh
393304,0,0,0,0,0,0,7,0,0,4,19,1,7,0,nan,nan,nan,nan,1.167,nan,nan,1,1,1,1.167,nan,nan,nan,nan,nan,-0.067,nan,nan,0,0,0,-0.067,nan,500,fresh
394373,0,0,0,0,0,0,7,0,0,4,19,1,7,0,nan,nan,nan,nan,1.167,nan,nan,1,1,1,1.167,nan,nan,nan,nan,nan,-0.067,nan,nan,0,0,0,-0.067,nan,500,fresh
395443,0,0,0,0,0,0,7,0,0,4,19,1,7,0,nan,nan,nan,nan,1.167,nan,nan,1,1,1,1.167,nan,nan,nan,nan,nan,-0.067,nan,nan,0,0,0,-0.067,nan,500,fresh
396513,0,0,0,0,0,0,7,0,0,4,19,1,7,0,nan,nan,nan,nan,1.167,nan,nan,1,1,1,1.167,nan,nan,nan,nan,nan,-0.067,nan,nan,0,0,0,-0.067,nan,500,fresh
397582,0,0,0,0,0,0,7,0,0,4,20,1,7,0,nan,nan,nan,nan,1.167,nan,nan,1,1.053,1,1.167,nan,nan,nan,nan,nan,-0.067,nan,nan,0,-0.022,0,-0.067,nan,500,fresh
398651,0,0,0,0,0,0,7,0,0,4,19,1,7,0,nan,nan,nan,nan,1.167,nan,nan,1,1,1,1.167,nan,nan,nan,nan,nan,-0.067,nan,nan,0,0,0,-0.067,nan,500,fresh
399720,0,0,0,0,0,0,7,0,0,4,20,1,7,0,nan,nan,nan,nan,1.167,nan,nan,1,1.053,1,1.167,nan,nan,nan,nan,nan,-0.067,nan,nan,0,-0.022,0,-0.067,nan,500,fresh
400789,0,0,0,0,0,0,7,0,0,4,20,1,7,0,nan,nan,nan,nan,1.167,nan,nan,1,1.053,1,1.167,nan,nan,nan,nan,nan,-0.067,nan,nan,0,-0.022,0,-0.067,nan,500,fresh
401859,0,0,0,0,0,0,7,0,0,4,19,1,7,0,nan,nan,nan,nan,1.167,nan,nan,1,1,1,1.167,nan,nan,nan,nan,nan,-0.067,nan,nan,0,0,0,-0.067,nan,500,fresh
402928,0,0,0,0,0,0,7,0,0,4,20,1,7,0,nan,nan,nan,nan,1.167,nan,nan,1,1.053,1,1.167,nan,nan,nan,nan,nan,-0.067,nan,nan,0,-0.022,0,-0.067,nan,500,fresh
403997,0,0,0,0,0,0,7,0,0,4,19,1,7,0,nan,nan,nan,nan,1.167,nan,nan,1,1,1,1.167,nan,nan,nan,nan,nan,-0.067,nan,nan,0,0,0,-0.067,nan,500,fresh
405067,0,0,0,0,0,0,7,0,0,4,19,1,7,0,nan,nan,nan,nan,1.167,nan,nan,1,1,1,1.167,nan,nan,nan,nan,nan,-0.067,nan,nan,0,0,0,-0.067,nan,500,fresh
406136,0,0,0,0,0,0,6,0,0,4,19,1,7,0,nan,nan,nan,nan,1,nan,nan,1,1,1,1.167,nan,nan,nan,nan,nan,0,nan,nan,0,0,0,-0.067,nan,500,fresh
407206,0,0,0,0,0,0,7,0,0,4,19,1,7,0,nan,nan,nan,nan,1.167,nan,nan,1,1,1,1.167,nan,nan,nan,nan,nan,-0.067,nan,nan,0,0,0,-0.067,nan,500,fresh
408276,0,0,0,0,0,0,7,0,0,4,19,1,7,0,nan,nan,nan,nan,1.167,nan,nan,1,1,1,1.167,nan,nan,nan,nan,nan,-0.067,nan,nan,0,0,0,-0.067,nan,500,fresh
409345,0,0,0,0,0,0,7,0,0,4,19,1,7,0,nan,nan,nan,nan,1.167,nan,nan,1,1,1,1.167,nan,nan,nan,nan,nan,-0.067,nan,nan,0,0,0,-0.067,nan,500,fresh
410415,0,0,0,0,0,0,7,0,0,4,19,1,7,0,nan,nan,nan,nan,1.167,nan,nan,1,1,1,1.167,nan,nan,nan,nan,nan,-0.067,nan,nan,0,0,0,-0.067,nan,500,fresh
411485,0,0,0,0,0,0,7,0,0,4,19,1,7,0,nan,nan,nan,nan,1.167,nan,nan,1,1,1,1.167,nan,nan,nan,nan,nan,-0.067,nan,nan,0,0,0,-0.067,nan,500,fresh
412555,0,0,0,0,0,0,7,0,0,4,19,1,7,0,nan,nan,nan,nan,1.167,nan,nan,1,1,1,1.167,nan,nan,nan,nan,nan,-0.067,nan,nan,0,0,0,-0.067,nan,500,fresh
413625,0,0,0,0,0,0,7,0,0,4,19,1,7,0,nan,nan,nan,nan,1.167,nan,nan,1,1,1,1.167,nan,nan,nan,nan,nan,-0.067,nan,nan,0,0,0,-0.067,nan,500,fresh
414694,0,0,0,0,0,0,7,0,0,4,19,1,7,0,nan,nan,nan,nan,1.167,nan,nan,1,1,1,1.167,nan,nan,nan,nan,nan,-0.067,nan,nan,0,0,0,-0.067,nan,500,fresh
415763,0,0,0,0,0,0,7,0,0,4,19,1,7,0,nan,nan,nan,nan,1.167,nan,nan,1,1,1,1.167,nan,nan,nan,nan,nan,-0.067,nan,nan,0,0,0,-0.067,nan,500,fresh
416832,0,0,0,0,0,0,7,0,0,4,19,1,7,0,nan,nan,nan,nan,1.167,nan,nan,1,1,1,1.167,nan,nan,nan,nan,nan,-0.067,nan,nan,0,0,0,-0.067,nan,500,fresh
417901,0,0,0,0,0,0,7,0,0,4,19,1,7,0,nan,nan,nan,nan,1.167,nan,nan,1,1,1,1.167,nan,nan,nan,nan,nan,-0.067,nan,nan,0,0,0,-0.067,nan,500,fresh
418971,0,0,0,0,0,0,7,0,0,4,19,1,7,0,nan,nan,nan,nan,1.167,nan,nan,1,1,1,1.167,nan,nan,nan,nan,nan,-0.067,nan,nan,0,0,0,-0.067,nan,500,fresh
420041,0,0,0,0,0,0,7,0,0,4,19,1,7,0,nan,nan,nan,nan,1.167,nan,nan,1,1,1,1.167,nan,nan,nan,nan,nan,-0.067,nan,nan,0,0,0,-0.067,nan,500,fresh
421111,0,0,0,0,0,0,7,0,0,4,19,1,7,0,nan,nan,nan,nan,1.167,nan,nan,1,1,1,1.167,nan,nan,nan,nan,nan,-0.067,nan,nan,0,0,0,-0.067,nan,500,fresh
422181,0,0,0,0,0,0,7,0,0,4,20,1,7,0,nan,nan,nan,nan,1.167,nan,nan,1,1.053,1,1.167,nan,nan,nan,nan,nan,-0.067,nan,nan,0,-0.022,0,-0.067,nan,500,fresh
423250,0,0,0,0,0,0,7,0,0,4,19,1,7,0,nan,nan,nan,nan,1.167,nan,nan,1,1,1,1.167,nan,nan,nan,nan,nan,-0.067,nan,nan,0,0,0,-0.067,nan,500,fresh
424319,0,0,0,0,0,0,7,0,0,4,19,1,7,0,nan,nan,nan,nan,1.167,nan,nan,1,1,1,1.167,nan,nan,nan,nan,nan,-0.067,nan,nan,0,0,0,-0.067,nan,500,fresh
425389,0,0,0,0,0,0,7,0,0,4,19,1,7,0,nan,nan,nan,nan,1.167,nan,nan,1,1,1,1.167,nan,nan,nan,nan,nan,-0.067,nan,nan,0,0,0,-0.067,nan,500,fresh
426457,0,0,0,0,0,0,7,0,0,4,20,1,7,0,nan,nan,nan,nan,1.167,nan,nan,1,1.053,1,1.167,nan,nan,nan,nan,nan,-0.067,nan,nan,0,-0.022,0,-0.067,nan,500,fresh
427527,0,0,0,0,0,0,7,0,0,4,19,1,7,0,nan,nan,nan,nan,1.167,nan,nan,1,1,1,1.167,nan,nan,nan,nan,nan,-0.067,nan,nan,0,0,0,-0.067,nan,500,fresh
428597,0,0,0,0,0,0,7,0,0,4,19,1,7,0,nan,nan,nan,nan,1.167,nan,nan,1,1,1,1.167,nan,nan,nan,nan,nan,-0.067,nan,nan,0,0,0,-0.067,nan,500,fresh
429666,0,0,0,0,0,0,7,0,0,4,19,1,7,0,nan,nan,nan,nan,1.167,nan,nan,1,1,1,1.167,nan,nan,nan,nan,nan,-0.067,nan,nan,0,0,0,-0.067,nan,500,fresh
430736,0,0,0,0,0,0,7,0,0,4,19,1,7,0,nan,nan,nan,nan,1.167,nan,nan,1,1,1,1.167,nan,nan,nan,nan,nan,-0.067,nan,nan,0,0,0,-0.067,nan,500,fresh
431806,0,0,0,0,0,0,7,0,0,4,19,1,7,0,nan,nan,nan,nan,1.167,nan,nan,1,1,1,1.167,nan,nan,nan,nan,nan,-0.067,nan,nan,0,0,0,-0.067,nan,500,fresh
432875,0,0,0,0,0,0,7,0,0,4,19,1,7,0,nan,nan,nan,nan,1.167,nan,nan,1,1,1,1.167,nan,nan,nan,nan,nan,-0.067,nan,nan,0,0,0,-0.067,nan,500,fresh
433945,0,0,0,0,0,0,7,0,0,4,19,1,7,0,nan,nan,nan,nan,1.167,nan,nan,1,1,1,1.167,nan,nan,nan,nan,nan,-0.067,nan,nan,0,0,0,-0.067,nan,500,fresh
435015,0,0,0,0,0,0,7,0,0,4,19,1,7,0,nan,nan,nan,nan,1.167,nan,nan,1,1,1,1.167,nan,nan,nan,nan,nan,-0.067,nan,nan,0,0,0,-0.067,nan,500,fresh
436085,0,0,0,0,0,0,7,0,0,4,19,1,7,0,nan,nan,nan,nan,1.167,nan,nan,1,1,1,1.167,nan,nan,nan,nan,nan,-0.067,nan,nan,0,0,0,-0.067,nan,500,fresh
437154,0,0,0,0,0,0,7,0,0,4,19,1,7,0,nan,nan,nan,nan,1.167,nan,nan,1,1,1,1.167,nan,nan,nan,nan,nan,-0.067,nan,nan,0,0,0,-0.067,nan,500,fresh
438224,0,0,0,0,0,0,7,0,0,4,19,1,7,0,nan,nan,nan,nan,1.167,nan,nan,1,1,1,1.167,nan,nan,nan,nan,nan,-0.067,nan,nan,0,0,0,-0.067,nan,500,fresh
50008,0,0,0,0,0,0,7,0,0,4,19,1,7,0,nan,nan,nan,nan,1.167,nan,nan,1,1,1,1.167,nan,nan,nan,nan,nan,-0.067,nan,nan,0,0,0,-0.067,nan,500,fresh
51077,0,0,0,0,0,0,6,0,0,4,19,1,7,0,nan,nan,nan,nan,1,nan,nan,1,1,1,1.167,nan,nan,nan,nan,nan,0,nan,nan,0,0,0,-0.067,nan,500,fresh
52146,0,0,0,0,0,0,7,0,0,4,19,1,7,0,nan,nan,nan,nan,1.167,nan,nan,1,1,1,1.167,nan,nan,nan,nan,nan,-0.067,nan,nan,0,0,0,-0.067,nan,500,fresh
53216,0,0,0,0,0,0,7,0,0,4,19,1,6,0,nan,nan,nan,nan,1.167,nan,nan,1,1,1,1,nan,nan,nan,nan,nan,-0.067,nan,nan,0,0,0,0,nan,500,fresh
54285,0,0,0,0,0,0,7,0,0,4,19,1,7,0,nan,nan,nan,nan,1.167,nan,nan,1,1,1,1.167,nan,nan,nan,nan,nan,-0.067,nan,nan,0,0,0,-0.067,nan,500,fresh
55355,0,0,0,0,0,0,7,0,0,4,19,1,6,0,nan,nan,nan,nan,1.167,nan,nan,1,1,1,1,nan,nan,nan,nan,nan,-0.067,nan,nan,0,0,0,0,nan,500,fresh
56425,0,0,0,0,0,0,7,0,0,4,19,1,7,0,nan,nan,nan,nan,1.167,nan,nan,1,1,1,1.167,nan,nan,nan,nan,nan,-0.067,nan,nan,0,0,0,-0.067,nan,500,fresh
57495,0,0,0,0,0,0,7,0,0,4,19,1,7,0,nan,nan,nan,nan,1.167,nan,nan,1,1,1,1.167,nan,nan,nan,nan,nan,-0.067,nan,nan,0,0,0,-0.067,nan,500,fresh
58564,0,0,0,0,0,0,7,0,0,4,19,1,7,0,nan,nan,nan,nan,1.167,nan,nan,1,1,1,1.167,nan,nan,nan,nan,nan,-0.067,nan,nan,0,0,0,-0.067,nan,500,fresh
59634,0,0,0,0,0,0,7,0,0,4,19,1,7,0,nan,nan,nan,nan,1.167,nan,nan,1,1,1,1.167,nan,nan,nan,nan,nan,-0.067,nan,nan,0,0,0,-0.067,nan,500,fresh
60704,0,0,0,0,0,0,7,0,0,4,19,1,7,0,nan,nan,nan,nan,1.167,nan,nan,1,1,1,1.167,nan,nan,nan,nan,nan,-0.067,nan,nan,0,0,0,-0.067,nan,500,fresh
61774,0,0,0,0,0,0,7,0,0,4,19,1,7,0,nan,nan,nan,nan,1.167,nan,nan,1,1,1,1.167,nan,nan,nan,nan,nan,-0.067,nan,nan,0,0,0,-0.067,nan,500,fresh
62844,0,0,0,0,0,0,6,0,0,4,19,1,7,0,nan,nan,nan,nan,1,nan,nan,1,1,1,1.167,nan,nan,nan,nan,nan,0,nan,nan,0,0,0,-0.067,nan,500,fresh
63913,0,0,0,0,0,0,7,0,0,4,19,1,7,0,nan,nan,nan,nan,1.167,nan,nan,1,1,1,1.167,nan,nan,nan,nan,nan,-0.067,nan,nan,0,0,0,-0.067,nan,500,fresh
64983,0,0,0,0,0,0,7,0,0,4,19,1,7,0,nan,nan,nan,nan,1.167,nan,nan,1,1,1,1.167,nan,nan,nan,nan,nan,-0.067,nan,nan,0,0,0,-0.067,nan,500,fresh
66053,0,0,0,0,0,0,7,0,0,4,19,1,7,0,nan,nan,nan,nan,1.167,nan,nan,1,1,1,1.167,nan,nan,nan,nan,nan,-0.067,nan,nan,0,0,0,-0.067,nan,500,fresh
67123,0,0,0,0,0,0,7,0,0,4,19,1,7,0,nan,nan,nan,nan,1.167,nan,nan,1,1,1,1.167,nan,nan,nan,nan,nan,-0.067,nan,nan,0,0,0,-0.067,nan,500,fresh
68193,0,0,0,0,0,0,7,0,0,4,19,1,7,0,nan,nan,nan,nan,1.167,nan,nan,1,1,1,1.167,nan,nan,nan,nan,nan,-0.067,nan,nan,0,0,0,-0.067,nan,500,fresh
69263,0,0,0,0,0,0,7,0,0,4,19,1,7,0,nan,nan,nan,nan,1.167,nan,nan,1,1,1,1.167,nan,nan,nan,nan,nan,-0.067,nan,nan,0,0,0,-0.067,nan,500,fresh
70333,0,0,0,0,0,0,7,0,0,4,19,1,7,0,nan,nan,nan,nan,1.167,nan,nan,1,1,1,1.167,nan,nan,nan,nan,nan,-0.067,nan,nan,0,0,0,-0.067,nan,500,fresh
71403,0,0,0,0,0,0,7,0,0,4,19,1,7,0,nan,nan,nan,nan,1.167,nan,nan,1,1,1,1.167,nan,nan,nan,nan,nan,-0.067,nan,nan,0,0,0,-0.067,nan,500,fresh
72473,0,0,0,0,0,0,6,0,0,4,19,1,7,0,nan,nan,nan,nan,1,nan,nan,1,1,1,1.167,nan,nan,nan,nan,nan,0,nan,nan,0,0,0,-0.067,nan,500,fresh
73542,0,0,0,0,0,0,7,0,0,4,19,1,6,0,nan,nan,nan,nan,1.167,nan,nan,1,1,1,1,nan,nan,nan,nan,nan,-0.067,nan,nan,0,0,0,0,nan,500,fresh
74611,0,0,0,0,0,0,7,0,0,4,19,1,7,0,nan,nan,nan,nan,1.167,nan,nan,1,1,1,1.167,nan,nan,nan,nan,nan,-0.067,nan,nan,0,0,0,-0.067,nan,500,fresh
75681,0,0,0,0,0,0,7,0,0,4,19,1,7,0,nan,nan,nan,nan,1.167,nan,nan,1,1,1,1.167,nan,nan,nan,nan,nan,-0.067,nan,nan,0,0,0,-0.067,nan,500,fresh
76751,0,0,0,0,0,0,7,0,0,4,19,1,7,0,nan,nan,nan,nan,1.167,nan,nan,1,1,1,1.167,nan,nan,nan,nan,nan,-0.067,nan,nan,0,0,0,-0.067,nan,500,fresh
77821,0,0,0,0,0,0,7,0,0,4,19,1,7,0,nan,nan,nan,nan,1.167,nan,nan,1,1,1,1.167,nan,nan,nan,nan,nan,-0.067,nan,nan,0,0,0,-0.067,nan,500,fresh
78891,0,0,0,0,0,0,7,0,0,4,19,1,7,0,nan,nan,nan,nan,1.167,nan,nan,1,1,1,1.167,nan,nan,nan,nan,nan,-0.067,nan,nan,0,0,0,-0.067,nan,500,fresh
79960,0,0,0,0,0,0,7,0,0,4,19,1,6,0,nan,nan,nan,nan,1.167,nan,nan,1,1,1,1,nan,nan,nan,nan,nan,-0.067,nan,nan,0,0,0,0,nan,500,fresh
81030,0,0,0,0,0,0,6,0,0,4,19,1,7,0,nan,nan,nan,nan,1,nan,nan,1,1,1,1.167,nan,nan,nan,nan,nan,0,nan,nan,0,0,0,-0.067,nan,500,fresh
82099,0,0,0,0,0,0,7,0,0,4,19,1,7,0,nan,nan,nan,nan,1.167,nan,nan,1,1,1,1.167,nan,nan,nan,nan,nan,-0.067,nan,nan,0,0,0,-0.067,nan,500,fresh
83168,0,0,0,0,0,0,7,0,0,4,19,1,7,0,nan,nan,nan,nan,1.167,nan,nan,1,1,1,1.167,nan,nan,nan,nan,nan,-0.067,nan,nan,0,0,0,-0.067,nan,500,fresh
84238,0,0,0,0,0,0,7,0,0,4,19,1,6,0,nan,nan,nan,nan,1.167,nan,nan,1,1,1,1,nan,nan,nan,nan,nan,-0.067,nan,nan,0,0,0,0,nan,500,fresh
85308,0,0,0,0,0,0,7,0,0,4,19,1,7,0,nan,nan,nan,nan,1.167,nan,nan,1,1,1,1.167,nan,nan,nan,nan,nan,-0.067,nan,nan,0,0,0,-0.067,nan,500,fresh
86377,0,0,0,0,0,0,7,0,0,4,19,1,7,0,nan,nan,nan,nan,1.167,nan,nan,1,1,1,1.167,nan,nan,nan,nan,nan,-0.067,nan,nan,0,0,0,-0.067,nan,500,fresh
87447,0,0,0,0,0,0,7,0,0,4,19,1,7,0,nan,nan,nan,nan,1.167,nan,nan,1,1,1,1.167,nan,nan,nan,nan,nan,-0.067,nan,nan,0,0,0,-0.067,nan,500,fresh
88516,0,0,0,0,0,0,6,0,0,4,19,1,7,0,nan,nan,nan,nan,1,nan,nan,1,1,1,1.167,nan,nan,nan,nan,nan,0,nan,nan,0,0,0,-0.067,nan,500,fresh
89586,0,0,0,0,0,0,7,0,0,4,19,1,7,0,nan,nan,nan,nan,1.167,nan,nan,1,1,1,1.167,nan,nan,nan,nan,nan,-0.067,nan,nan,0,0,0,-0.067,nan,500,fresh
90655,0,0,0,0,0,0,7,0,0,4,19,1,7,0,nan,nan,nan,nan,1.167,nan,nan,1,1,1,1.167,nan,nan,nan,nan,nan,-0.067,nan,nan,0,0,0,-0.067,nan,500,fresh
91723,0,0,0,0,0,0,7,0,0,4,19,1,7,0,nan,nan,nan,nan,1.167,nan,nan,1,1,1,1.167,nan,nan,nan,nan,nan,-0.067,nan,nan,0,0,0,-0.067,nan,500,fresh
92792,0,0,0,0,0,0,7,0,0,4,19,1,7,0,nan,nan,nan,nan,1.167,nan,nan,1,1,1,1.167,nan,nan,nan,nan,nan,-0.067,nan,nan,0,0,0,-0.067,nan,500,fresh
93862,0,0,0,0,0,0,6,0,0,4,19,1,7,0,nan,nan,nan,nan,1,nan,nan,1,1,1,1.167,nan,nan,nan,nan,nan,0,nan,nan,0,0,0,-0.067,nan,500,fresh
94931,0,0,0,0,0,0,7,0,0,4,19,1,7,0,nan,nan,nan,nan,1.167,nan,nan,1,1,1,1.167,nan,nan,nan,nan,nan,-0.067,nan,nan,0,0,0,-0.067,nan,500,fresh
96000,0,0,0,0,0,0,7,0,0,4,19,1,7,0,nan,nan,nan,nan,1.167,nan,nan,1,1,1,1.167,nan,nan,nan,nan,nan,-0.067,nan,nan,0,0,0,-0.067,nan,500,fresh
97069,0,0,0,0,0,0,7,0,0,4,19,1,7,0,nan,nan,nan,nan,1.167,nan,nan,1,1,1,1.167,nan,nan,nan,nan,nan,-0.067,nan,nan,0,0,0,-0.067,nan,500,fresh
98138,0,0,0,0,0,0,7,0,0,4,19,1,7,0,nan,nan,nan,nan,1.167,nan,nan,1,1,1,1.167,nan,nan,nan,nan,nan,-0.067,nan,nan,0,0,0,-0.067,nan,500,fresh
99207,0,0,0,0,0,0,7,0,0,4,19,1,7,0,nan,nan,nan,nan,1.167,nan,nan,1,1,1,1.167,nan,nan,nan,nan,nan,-0.067,nan,nan,0,0,0,-0.067,nan,500,fresh
100276,0,0,0,0,0,0,7,0,0,4,19,1,7,0,nan,nan,nan,nan,1.167,nan,nan,1,1,1,1.167,nan,nan,nan,nan,nan,-0.067,nan,nan,0,0,0,-0.067,nan,500,fresh
101346,0,0,0,0,0,0,7,0,0,4,19,1,7,0,nan,nan,nan,nan,1.167,nan,nan,1,1,1,1.167,nan,nan,nan,nan,nan,-0.067,nan,nan,0,0,0,-0.067,nan,500,fresh
102416,0,0,0,0,0,0,7,0,0,4,19,1,7,0,nan,nan,nan,nan,1.167,nan,nan,1,1,1,1.167,nan,nan,nan,nan,nan,-0.067,nan,nan,0,0,0,-0.067,nan,500,fresh
103485,0,0,0,0,0,0,7,0,0,3,19,1,7,0,nan,nan,nan,nan,1.167,nan,nan,0.75,1,1,1.167,nan,nan,nan,nan,nan,-0.067,nan,nan,0.125,0,0,-0.067,nan,500,fresh
104555,0,0,0,0,0,0,6,0,0,4,19,1,7,0,nan,nan,nan,nan,1,nan,nan,1,1,1,1.167,nan,nan,nan,nan,nan,0,nan,nan,0,0,0,-0.067,nan,500,fresh
105625,0,0,0,0,0,0,7,0,0,4,19,1,7,0,nan,nan,nan,nan,1.167,nan,nan,1,1,1,1.167,nan,nan,nan,nan,nan,-0.067,nan,nan,0,0,0,-0.067,nan,500,fresh
106694,0,0,0,0,0,0,7,0,0,4,19,1,7,0,nan,nan,nan,nan,1.167,nan,nan,1,1,1,1.167,nan,nan,nan,nan,nan,-0.067,nan,nan,0,0,0,-0.067,nan,500,fresh
107763,0,0,0,0,0,0,7,0,0,4,19,1,7,0,nan,nan,nan,nan,1.167,nan,nan,1,1,1,1.167,nan,nan,nan,nan,nan,-0.067,nan,nan,0,0,0,-0.067,nan,500,fresh
108833,0,0,0,0,0,0,7,0,0,4,19,1,7,0,nan,nan,nan,nan,1.167,nan,nan,1,1,1,1.167,nan,nan,nan,nan,nan,-0.067,nan,nan,0,0,0,-0.067,nan,500,fresh
109903,0,0,0,0,0,0,7,0,0,4,19,1,7,0,nan,nan,nan,nan,1.167,nan,nan,1,1,1,1.167,nan,nan,nan,nan,nan,-0.067,nan,nan,0,0,0,-0.067,nan,500,fresh
110971,0,0,0,0,0,0,7,0,0,4,19,1,7,0,nan,nan,nan,nan,1.167,nan,nan,1,1,1,1.167,nan,nan,nan,nan,nan,-0.067,nan,nan,0,0,0,-0.067,nan,500,fresh
112041,0,0,0,0,0,0,7,0,0,4,19,1,7,0,nan,nan,nan,nan,1.167,nan,nan,1,1,1,1.167,nan,nan,nan,nan,nan,-0.067,nan,nan,0,0,0,-0.067,nan,500,fresh
113111,0,0,0,0,0,0,7,0,0,4,19,1,7,0,nan,nan,nan,nan,1.167,nan,nan,1,1,1,1.167,nan,nan,nan,nan,nan,-0.067,nan,nan,0,0,0,-0.067,nan,500,fresh
114180,0,0,0,0,0,0,7,0,0,4,19,1,7,0,nan,nan,nan,nan,1.167,nan,nan,1,1,1,1.167,nan,nan,nan,nan,nan,-0.067,nan,nan,0,0,0,-0.067,nan,500,fresh
115250,0,0,0,0,0,0,7,0,0,4,19,1,7,0,nan,nan,nan,nan,1.167,nan,nan,1,1,1,1.167,nan,nan,nan,nan,nan,-0.067,nan,nan,0,0,0,-0.067,nan,500,fresh
116319,0,0,0,0,0,0,7,0,0,4,19,1,7,0,nan,nan,nan,nan,1.167,nan,nan,1,1,1,1.167,nan,nan,nan,nan,nan,-0.067,nan,nan,0,0,0,-0.067,nan,500,fresh
117388,0,0,0,0,0,0,7,0,0,4,19,1,7,0,nan,nan,nan,nan,1.167,nan,nan,1,1,1,1.167,nan,nan,nan,nan,nan,-0.067,nan,nan,0,0,0,-0.067,nan,500,fresh
118457,0,0,0,0,0,0,7,0,0,4,19,1,7,0,nan,nan,nan,nan,1.167,nan,nan,1,1,1,1.167,nan,nan,nan,nan,nan,-0.067,nan,nan,0,0,0,-0.067,nan,500,fresh
119526,0,0,0,0,0,0,7,0,0,4,19,1,7,0,nan,nan,nan,nan,1.167,nan,nan,1,1,1,1.167,nan,nan,nan,nan,nan,-0.067,nan,nan,0,0,0,-0.067,nan,500,fresh
120596,0,0,0,0,0,0,7,0,0,4,19,1,7,0,nan,nan,nan,nan,1.167,nan,nan,1,1,1,1.167,nan,nan,nan,nan,nan,-0.067,nan,nan,0,0,0,-0.067,nan,500,fresh
121664,0,0,0,0,0,0,7,0,0,4,19,1,7,0,nan,nan,nan,nan,1.167,nan,nan,1,1,1,1.167,nan,nan,nan,nan,nan,-0.067,nan,nan,0,0,0,-0.067,nan,500,fresh
122733,0,0,0,0,0,0,6,0,0,4,19,1,7,0,nan,nan,nan,nan,1,nan,nan,1,1,1,1.167,nan,nan,nan,nan,nan,0,nan,nan,0,0,0,-0.067,nan,500,fresh
123803,0,0,0,0,0,0,7,0,0,4,19,1,7,0,nan,nan,nan,nan,1.167,nan,nan,1,1,1,1.167,nan,nan,nan,nan,nan,-0.067,nan,nan,0,0,0,-0.067,nan,500,fresh
124872,0,0,0,0,0,0,7,0,0,4,19,1,7,0,nan,nan,nan,nan,1.167,nan,nan,1,1,1,1.167,nan,nan,nan,nan,nan,-0.067,nan,nan,0,0,0,-0.067,nan,500,fresh
125941,0,0,0,0,0,0,7,0,0,4,19,1,7,0,nan,nan,nan,nan,1.167,nan,nan,1,1,1,1.167,nan,nan,nan,nan,nan,-0.067,nan,nan,0,0,0,-0.067,nan,500,fresh
127011,0,0,0,0,0,0,7,0,0,4,19,1,7,0,nan,nan,nan,nan,1.167,nan,nan,1,1,1,1.167,nan,nan,nan,nan,nan,-0.067,nan,nan,0,0,0,-0.067,nan,500,fresh
128081,0,0,0,0,0,0,7,0,0,4,19,1,7,0,nan,nan,nan,nan,1.167,nan,nan,1,1,1,1.167,nan,nan,nan,nan,nan,-0.067,nan,nan,0,0,0,-0.067,nan,500,fresh
129149,0,0,0,0,0,0,7,0,0,4,19,1,7,0,nan,nan,nan,nan,1.167,nan,nan,1,1,1,1.167,nan,nan,nan,nan,nan,-0.067,nan,nan,0,0,0,-0.067,nan,500,fresh
130219,0,0,0,0,0,0,7,0,0,4,19,1,7,0,nan,nan,nan,nan,1.167,nan,nan,1,1,1,1.167,nan,nan,nan,nan,nan,-0.067,nan,nan,0,0,0,-0.067,nan,500,fresh
131289,0,0,0,0,0,0,7,0,0,4,19,1,7,0,nan,nan,nan,nan,1.167,nan,nan,1,1,1,1.167,nan,nan,nan,nan,nan,-0.067,nan,nan,0,0,0,-0.067,nan,500,fresh
132359,0,0,0,0,0,0,7,0,0,4,19,1,6,0,nan,nan,nan,nan,1.167,nan,nan,1,1,1,1,nan,nan,nan,nan,nan,-0.067,nan,nan,0,0,0,0,nan,500,fresh
133429,0,0,0,0,0,0,7,0,0,4,19,1,7,0,nan,nan,nan,nan,1.167,nan,nan,1,1,1,1.167,nan,nan,nan,nan,nan,-0.067,nan,nan,0,0,0,-0.067,nan,500,fresh
134497,0,0,0,0,0,0,7,0,0,4,19,1,7,0,nan,nan,nan,nan,1.167,nan,nan,1,1,1,1.167,nan,nan,nan,nan,nan,-0.067,nan,nan,0,0,0,-0.067,nan,500,fresh
135567,0,0,0,0,0,0,7,0,0,4,19,1,7,0,nan,nan,nan,nan,1.167,nan,nan,1,1,1,1.167,nan,nan,nan,nan,nan,-0.067,nan,nan,0,0,0,-0.067,nan,500,fresh
136637,0,0,0,0,0,0,7,0,0,4,19,1,7,0,nan,nan,nan,nan,1.167,nan,nan,1,1,1,1.167,nan,nan,nan,nan,nan,-0.067,nan,nan,0,0,0,-0.067,nan,500,fresh
137707,0,0,0,0,0,0,7,0,0,4,19,1,7,0,nan,nan,nan,nan,1.167,nan,nan,1,1,1,1.167,nan,nan,nan,nan,nan,-0.067,nan,nan,0,0,0,-0.067,nan,500,fresh
138776,0,0,0,0,0,0,7,0,0,4,19,1,7,0,nan,nan,nan,nan,1.167,nan,nan,1,1,1,1.167,nan,nan,nan,nan,nan,-0.067,nan,nan,0,0,0,-0.067,nan,500,fresh
139845,0,0,0,0,0,0,7,0,0,4,19,1,7,0,nan,nan,nan,nan,1.167,nan,nan,1,1,1,1.167,nan,nan,nan,nan,nan,-0.067,nan,nan,0,0,0,-0.067,nan,500,fresh
140915,0,0,0,0,0,0,7,0,0,4,19,1,7,0,nan,nan,nan,nan,1.167,nan,nan,1,1,1,1.167,nan,nan,nan,nan,nan,-0.067,nan,nan,0,0,0,-0.067,nan,500,fresh
141984,0,0,0,0,0,0,7,0,0,4,19,1,7,0,nan,nan,nan,nan,1.167,nan,nan,1,1,1,1.167,nan,nan,nan,nan,nan,-0.067,nan,nan,0,0,0,-0.067,nan,500,fresh
143054,0,0,0,0,0,0,7,0,0,4,19,1,7,0,nan,nan,nan,nan,1.167,nan,nan,1,1,1,1.167,nan,nan,nan,nan,nan,-0.067,nan,nan,0,0,0,-0.067,nan,500,fresh
144124,0,0,0,0,0,0,7,0,0,4,19,1,7,0,nan,nan,nan,nan,1.167,nan,nan,1,1,1,1.167,nan,nan,nan,nan,nan,-0.067,nan,nan,0,0,0,-0.067,nan,500,fresh
145194,0,0,0,0,0,0,7,0,0,4,19,1,7,0,nan,nan,nan,nan,1.167,nan,nan,1,1,1,1.167,nan,nan,nan,nan,nan,-0.067,nan,nan,0,0,0,-0.067,nan,500,fresh
146264,0,0,0,0,0,0,7,0,0,4,19,1,7,0,nan,nan,nan,nan,1.167,nan,nan,1,1,1,1.167,nan,nan,nan,nan,nan,-0.067,nan,nan,0,0,0,-0.067,nan,500,fresh
147332,0,0,0,0,0,0,7,0,0,4,19,1,7,0,nan,nan,nan,nan,1.167,nan,nan,1,1,1,1.167,nan,nan,nan,nan,nan,-0.067,nan,nan,0,0,0,-0.067,nan,500,fresh
148402,0,0,0,0,0,0,7,0,0,4,19,1,7,0,nan,nan,nan,nan,1.167,nan,nan,1,1,1,1.167,nan,nan,nan,nan,nan,-0.067,nan,nan,0,0,0,-0.067,nan,500,fresh
149471,0,0,0,0,0,0,7,0,0,4,19,1,7,0,nan,nan,nan,nan,1.167,nan,nan,1,1,1,1.167,nan,nan,nan,nan,nan,-0.067,nan,nan,0,0,0,-0.067,nan,500,fresh
150541,0,0,0,0,0,0,7,0,0,4,19,1,7,0,nan,nan,nan,nan,1.167,nan,nan,1,1,1,1.167,nan,nan,nan,nan,nan,-0.067,nan,nan,0,0,0,-0.067,nan,500,fresh
151611,0,0,0,0,0,0,7,0,0,4,19,1,7,0,nan,nan,nan,nan,1.167,nan,nan,1,1,1,1.167,nan,nan,nan,nan,nan,-0.067,nan,nan,0,0,0,-0.067,nan,500,fresh
152680,0,0,0,0,0,0,7,0,0,4,19,1,7,0,nan,nan,nan,nan,1.167,nan,nan,1,1,1,1.167,nan,nan,nan,nan,nan,-0.067,nan,nan,0,0,0,-0.067,nan,500,fresh
153750,0,0,0,0,0,0,7,0,0,4,19,1,7,0,nan,nan,nan,nan,1.167,nan,nan,1,1,1,1.167,nan,nan,nan,nan,nan,-0.067,nan,nan,0,0,0,-0.067,nan,500,fresh
154820,0,0,0,0,0,0,7,0,0,4,19,1,7,0,nan,nan,nan,nan,1.167,nan,nan,1,1,1,1.167,nan,nan,nan,nan,nan,-0.067,nan,nan,0,0,0,-0.067,nan,500,fresh
155890,0,0,0,0,0,0,7,0,0,4,19,1,7,0,nan,nan,nan,nan,1.167,nan,nan,1,1,1,1.167,nan,nan,nan,nan,nan,-0.067,nan,nan,0,0,0,-0.067,nan,500,fresh
156960,0,0,0,0,0,0,7,0,0,4,19,1,7,0,nan,nan,nan,nan,1.167,nan,nan,1,1,1,1.167,nan,nan,nan,nan,nan,-0.067,nan,nan,0,0,0,-0.067,nan,500,fresh
158030,0,0,0,0,0,0,7,0,0,4,19,1,7,0,nan,nan,nan,nan,1.167,nan,nan,1,1,1,1.167,nan,nan,nan,nan,nan,-0.067,nan,nan,0,0,0,-0.067,nan,500,fresh
159100,0,0,0,0,0,0,7,0,0,4,19,1,6,0,nan,nan,nan,nan,1.167,nan,nan,1,1,1,1,nan,nan,nan,nan,nan,-0.067,nan,nan,0,0,0,0,nan,500,fresh
160168,0,0,0,0,0,0,7,0,0,4,19,1,7,0,nan,nan,nan,nan,1.167,nan,nan,1,1,1,1.167,nan,nan,nan,nan,nan,-0.067,nan,nan,0,0,0,-0.067,nan,500,fresh
161237,0,0,0,0,0,0,7,0,0,4,19,1,7,0,nan,nan,nan,nan,1.167,nan,nan,1,1,1,1.167,nan,nan,nan,nan,nan,-0.067,nan,nan,0,0,0,-0.067,nan,500,fresh
162306,0,0,0,0,0,0,7,0,0,4,19,1,7,0,nan,nan,nan,nan,1.167,nan,nan,1,1,1,1.167,nan,nan,nan,nan,nan,-0.067,nan,nan,0,0,0,-0.067,nan,500,fresh
163376,0,0,0,0,0,0,7,0,0,4,19,1,7,0,nan,nan,nan,nan,1.167,nan,nan,1,1,1,1.167,nan,nan,nan,nan,nan,-0.067,nan,nan,0,0,0,-0.067,nan,500,fresh
164444,0,0,0,0,0,0,7,0,0,4,19,1,7,0,nan,nan,nan,nan,1.167,nan,nan,1,1,1,1.167,nan,nan,nan,nan,nan,-0.067,nan,nan,0,0,0,-0.067,nan,500,fresh
165513,0,0,0,0,0,0,7,0,0,4,19,1,7,0,nan,nan,nan,nan,1.167,nan,nan,1,1,1,1.167,nan,nan,nan,nan,nan,-0.067,nan,nan,0,0,0,-0.067,nan,500,fresh
166583,0,0,0,0,0,0,7,0,0,4,19,1,7,0,nan,nan,nan,nan,1.167,nan,nan,1,1,1,1.167,nan,nan,nan,nan,nan,-0.067,nan,nan,0,0,0,-0.067,nan,500,fresh
167652,0,0,0,0,0,0,7,0,0,4,19,1,7,0,nan,nan,nan,nan,1.167,nan,nan,1,1,1,1.167,nan,nan,nan,nan,nan,-0.067,nan,nan,0,0,0,-0.067,nan,500,fresh
168722,0,0,0,0,0,0,7,0,0,4,19,1,7,0,nan,nan,nan,nan,1.167,nan,nan,1,1,1,1.167,nan,nan,nan,nan,nan,-0.067,nan,nan,0,0,0,-0.067,nan,500,fresh
169792,0,0,0,0,0,0,7,0,0,4,19,1,7,0,nan,nan,nan,nan,1.167,nan,nan,1,1,1,1.167,nan,nan,nan,nan,nan,-0.067,nan,nan,0,0,0,-0.067,nan,500,fresh
170862,0,0,0,0,0,0,7,0,0,4,19,1,7,0,nan,nan,nan,nan,1.167,nan,nan,1,1,1,1.167,nan,nan,nan,nan,nan,-0.067,nan,nan,0,0,0,-0.067,nan,500,fresh
171932,0,0,0,0,0,0,6,0,0,4,19,1,7,0,nan,nan,nan,nan,1,nan,nan,1,1,1,1.167,nan,nan,nan,nan,nan,0,nan,nan,0,0,0,-0.067,nan,500,fresh
173002,0,0,0,0,0,0,7,0,0,4,19,1,7,0,nan,nan,nan,nan,1.167,nan,nan,1,1,1,1.167,nan,nan,nan,nan,nan,-0.067,nan,nan,0,0,0,-0.067,nan,500,fresh
174072,0,0,0,0,0,0,7,0,0,4,19,1,7,0,nan,nan,nan,nan,1.167,nan,nan,1,1,1,1.167,nan,nan,nan,nan,nan,-0.067,nan,nan,0,0,0,-0.067,nan,500,fresh
175140,0,0,0,0,0,0,6,0,0,4,19,1,7,0,nan,nan,nan,nan,1,nan,nan,1,1,1,1.167,nan,nan,nan,nan,nan,0,nan,nan,0,0,0,-0.067,nan,500,fresh
176210,0,0,0,0,0,0,7,0,0,4,19,1,7,0,nan,nan,nan,nan,1.167,nan,nan,1,1,1,1.167,nan,nan,nan,nan,nan,-0.067,nan,nan,0,0,0,-0.067,nan,500,fresh
177280,0,0,0,0,0,0,7,0,0,4,19,1,7,0,nan,nan,nan,nan,1.167,nan,nan,1,1,1,1.167,nan,nan,nan,nan,nan,-0.067,nan,nan,0,0,0,-0.067,nan,500,fresh
178350,0,0,0,0,0,0,6,0,0,4,19,1,7,0,nan,nan,nan,nan,1,nan,nan,1,1,1,1.167,nan,nan,nan,nan,nan,0,nan,nan,0,0,0,-0.067,nan,500,fresh
179419,0,0,0,0,0,0,7,0,0,4,19,1,7,0,nan,nan,nan,nan,1.167,nan,nan,1,1,1,1.167,nan,nan,nan,nan,nan,-0.067,nan,nan,0,0,0,-0.067,nan,500,fresh
180488,0,0,0,0,0,0,7,0,0,4,19,1,7,0,nan,nan,nan,nan,1.167,nan,nan,1,1,1,1.167,nan,nan,nan,nan,nan,-0.067,nan,nan,0,0,0,-0.067,nan,500,fresh
181557,0,0,0,0,0,0,7,0,0,4,19,1,7,0,nan,nan,nan,nan,1.167,nan,nan,1,1,1,1.167,nan,nan,nan,nan,nan,-0.067,nan,nan,0,0,0,-0.067,nan,500,fresh
182627,0,0,0,0,0,0,7,0,0,4,19,1,7,0,nan,nan,nan,nan,1.167,nan,nan,1,1,1,1.167,nan,nan,nan,nan,nan,-0.067,nan,nan,0,0,0,-0.067,nan,500,fresh
183697,0,0,0,0,0,0,7,0,0,4,19,1,7,0,nan,nan,nan,nan,1.167,nan,nan,1,1,1,1.167,nan,nan,nan,nan,nan,-0.067,nan,nan,0,0,0,-0.067,nan,500,fresh
184766,0,0,0,0,0,0,7,0,0,4,19,1,7,0,nan,nan,nan,nan,1.167,nan,nan,1,1,1,1.167,nan,nan,nan,nan,nan,-0.067,nan,nan,0,0,0,-0.067,nan,500,fresh
185836,0,0,0,0,0,0,7,0,0,4,19,1,7,0,nan,nan,nan,nan,1.167,nan,nan,1,1,1,1.167,nan,nan,nan,nan,nan,-0.067,nan,nan,0,0,0,-0.067,nan,500,fresh
186906,0,0,0,0,0,0,7,0,0,4,19,1,7,0,nan,nan,nan,nan,1.167,nan,nan,1,1,1,1.167,nan,nan,nan,nan,nan,-0.067,nan,nan,0,0,0,-0.067,nan,500,fresh
187976,0,0,0,0,0,0,7,0,0,4,19,1,6,0,nan,nan,nan,nan,1.167,nan,nan,1,1,1,1,nan,nan,nan,nan,nan,-0.067,nan,nan,0,0,0,0,nan,500,fresh
189046,0,0,0,0,0,0,7,0,0,4,19,1,6,0,nan,nan,nan,nan,1.167,nan,nan,1,1,1,1,nan,nan,nan,nan,nan,-0.067,nan,nan,0,0,0,0,nan,500,fresh
190115,0,0,0,0,0,0,6,0,0,4,19,1,7,0,nan,nan,nan,nan,1,nan,nan,1,1,1,1.167,nan,nan,nan,nan,nan,0,nan,nan,0,0,0,-0.067,nan,500,fresh
191185,0,0,0,0,0,0,7,0,0,4,19,1,6,0,nan,nan,nan,nan,1.167,nan,nan,1,1,1,1,nan,nan,nan,nan,nan,-0.067,nan,nan,0,0,0,0,nan,500,fresh
192255,0,0,0,0,0,0,7,0,0,4,19,1,7,0,nan,nan,nan,nan,1.167,nan,nan,1,1,1,1.167,nan,nan,nan,nan,nan,-0.067,nan,nan,0,0,0,-0.067,nan,500,fresh
193324,0,0,0,0,0,0,7,0,0,4,19,1,7,0,nan,nan,nan,nan,1.167,nan,nan,1,1,1,1.167,nan,nan,nan,nan,nan,-0.067,nan,nan,0,0,0,-0.067,nan,500,fresh
194394,0,0,0,0,0,0,7,0,0,4,19,1,7,0,nan,nan,nan,nan,1.167,nan,nan,1,1,1,1.167,nan,nan,nan,nan,nan,-0.067,nan,nan,0,0,0,-0.067,nan,500,fresh
195464,0,0,0,0,0,0,7,0,0,4,19,1,7,0,nan,nan,nan,nan,1.167,nan,nan,1,1,1,1.167,nan,nan,nan,nan,nan,-0.067,nan,nan,0,0,0,-0.067,nan,500,fresh
196534,0,0,0,0,0,0,7,0,0,4,19,1,7,0,nan,nan,nan,nan,1.167,nan,nan,1,1,1,1.167,nan,nan,nan,nan,nan,-0.067,nan,nan,0,0,0,-0.067,nan,500,fresh
197604,0,0,0,0,0,0,7,0,0,4,19,1,7,0,nan,nan,nan,nan,1.167,nan,nan,1,1,1,1.167,nan,nan,nan,nan,nan,-0.067,nan,nan,0,0,0,-0.067,nan,500,fresh
198673,0,0,0,0,0,0,7,0,0,4,19,1,7,0,nan,nan,nan,nan,1.167,nan,nan,1,1,1,1.167,nan,nan,nan,nan,nan,-0.067,nan,nan,0,0,0,-0.067,nan,500,fresh
199741,0,0,0,0,0,0,6,0,0,4,19,1,7,0,nan,nan,nan,nan,1,nan,nan,1,1,1,1.167,nan,nan,nan,nan,nan,0,nan,nan,0,0,0,-0.067,nan,500,fresh
200810,0,0,0,0,0,0,7,0,0,4,19,1,7,0,nan,nan,nan,nan,1.167,nan,nan,1,1,1,1.167,nan,nan,nan,nan,nan,-0.067,nan,nan,0,0,0,-0.067,nan,500,fresh
201880,0,0,0,0,0,0,7,0,0,4,19,1,7,0,nan,nan,nan,nan,1.167,nan,nan,1,1,1,1.167,nan,nan,nan,nan,nan,-0.067,nan,nan,0,0,0,-0.067,nan,500,fresh
202950,0,0,0,0,0,0,7,0,0,4,19,1,7,0,nan,nan,nan,nan,1.167,nan,nan,1,1,1,1.167,nan,nan,nan,nan,nan,-0.067,nan,nan,0,0,0,-0.067,nan,500,fresh
204019,0,0,0,0,0,0,7,0,0,4,19,1,7,0,nan,nan,nan,nan,1.167,nan,nan,1,1,1,1.167,nan,nan,nan,nan,nan,-0.067,nan,nan,0,0,0,-0.067,nan,500,fresh
205089,0,0,0,0,0,0,7,0,0,4,19,1,6,0,nan,nan,nan,nan,1.167,nan,nan,1,1,1,1,nan,nan,nan,nan,nan,-0.067,nan,nan,0,0,0,0,nan,500,fresh
206159,0,0,0,0,0,0,7,0,0,4,19,1,7,0,nan,nan,nan,nan,1.167,nan,nan,1,1,1,1.167,nan,nan,nan,nan,nan,-0.067,nan,nan,0,0,0,-0.067,nan,500,fresh
207228,0,0,0,0,0,0,7,0,0,4,19,1,7,0,nan,nan,nan,nan,1.167,nan,nan,1,1,1,1.167,nan,nan,nan,nan,nan,-0.067,nan,nan,0,0,0,-0.067,nan,500,fresh
208298,0,0,0,0,0,0,7,0,0,4,19,1,6,0,nan,nan,nan,nan,1.167,nan,nan,1,1,1,1,nan,nan,nan,nan,nan,-0.067,nan,nan,0,0,0,0,nan,500,fresh
209368,0,0,0,0,0,0,7,0,0,4,19,1,7,0,nan,nan,nan,nan,1.167,nan,nan,1,1,1,1.167,nan,nan,nan,nan,nan,-0.067,nan,nan,0,0,0,-0.067,nan,500,fresh
210437,0,0,0,0,0,0,7,0,0,4,19,1,7,0,nan,nan,nan,nan,1.167,nan,nan,1,1,1,1.167,nan,nan,nan,nan,nan,-0.067,nan,nan,0,0,0,-0.067,nan,500,fresh
211507,0,0,0,0,0,0,6,0,0,4,19,1,7,0,nan,nan,nan,nan,1,nan,nan,1,1,1,1.167,nan,nan,nan,nan,nan,0,nan,nan,0,0,0,-0.067,nan,500,fresh
212576,0,0,0,0,0,0,6,0,0,4,19,1,7,0,nan,nan,nan,nan,1,nan,nan,1,1,1,1.167,nan,nan,nan,nan,nan,0,nan,nan,0,0,0,-0.067,nan,500,fresh
213644,0,0,0,0,0,0,7,0,0,4,19,1,6,0,nan,nan,nan,nan,1.167,nan,nan,1,1,1,1,nan,nan,nan,nan,nan,-0.067,nan,nan,0,0,0,0,nan,500,fresh
214713,0,0,0,0,0,0,7,0,0,4,19,1,7,0,nan,nan,nan,nan,1.167,nan,nan,1,1,1,1.167,nan,nan,nan,nan,nan,-0.067,nan,nan,0,0,0,-0.067,nan,500,fresh
215783,0,0,0,0,0,0,7,0,0,4,19,1,7,0,nan,nan,nan,nan,1.167,nan,nan,1,1,1,1.167,nan,nan,nan,nan,nan,-0.067,nan,nan,0,0,0,-0.067,nan,500,fresh
216853,0,0,0,0,0,0,7,0,0,4,19,1,7,0,nan,nan,nan,nan,1.167,nan,nan,1,1,1,1.167,nan,nan,nan,nan,nan,-0.067,nan,nan,0,0,0,-0.067,nan,500,fresh
217921,0,0,0,0,0,0,7,0,0,4,19,1,6,0,nan,nan,nan,nan,1.167,nan,nan,1,1,1,1,nan,nan,nan,nan,nan,-0.067,nan,nan,0,0,0,0,nan,500,fresh
218990,0,0,0,0,0,0,7,0,0,4,19,1,7,0,nan,nan,nan,nan,1.167,nan,nan,1,1,1,1.167,nan,nan,nan,nan,nan,-0.067,nan,nan,0,0,0,-0.067,nan,500,fresh
220060,0,0,0,0,0,0,6,0,0,4,19,1,7,0,nan,nan,nan,nan,1,nan,nan,1,1,1,1.167,nan,nan,nan,nan,nan,0,nan,nan,0,0,0,-0.067,nan,500,fresh
221130,0,0,0,0,0,0,7,0,0,4,19,1,7,0,nan,nan,nan,nan,1.167,nan,nan,1,1,1,1.167,nan,nan,nan,nan,nan,-0.067,nan,nan,0,0,0,-0.067,nan,500,fresh
222198,0,0,0,0,0,0,7,0,0,4,19,1,7,0,nan,nan,nan,nan,1.167,nan,nan,1,1,1,1.167,nan,nan,nan,nan,nan,-0.067,nan,nan,0,0,0,-0.067,nan,500,fresh
223267,0,0,0,0,0,0,7,0,0,4,19,1,7,0,nan,nan,nan,nan,1.167,nan,nan,1,1,1,1.167,nan,nan,nan,nan,nan,-0.067,nan,nan,0,0,0,-0.067,nan,500,fresh
224337,0,0,0,0,0,0,6,0,0,4,19,1,7,0,nan,nan,nan,nan,1,nan,nan,1,1,1,1.167,nan,nan,nan,nan,nan,0,nan,nan,0,0,0,-0.067,nan,500,fresh
225406,0,0,0,0,0,0,6,0,0,4,19,1,7,0,nan,nan,nan,nan,1,nan,nan,1,1,1,1.167,nan,nan,nan,nan,nan,0,nan,nan,0,0,0,-0.067,nan,500,fresh
226475,0,0,0,0,0,0,7,0,0,4,19,1,7,0,nan,nan,nan,nan,1.167,nan,nan,1,1,1,1.167,nan,nan,nan,nan,nan,-0.067,nan,nan,0,0,0,-0.067,nan,500,fresh
227544,0,0,0,0,0,0,6,0,0,4,19,1,7,0,nan,nan,nan,nan,1,nan,nan,1,1,1,1.167,nan,nan,nan,nan,nan,0,nan,nan,0,0,0,-0.067,nan,500,fresh
228614,0,0,0,0,0,0,7,0,0,4,19,1,7,0,nan,nan,nan,nan,1.167,nan,nan,1,1,1,1.167,nan,nan,nan,nan,nan,-0.067,nan,nan,0,0,0,-0.067,nan,500,fresh
229683,0,0,0,0,0,0,7,0,0,3,19,1,7,0,nan,nan,nan,nan,1.167,nan,nan,0.75,1,1,1.167,nan,nan,nan,nan,nan,-0.067,nan,nan,0.125,0,0,-0.067,nan,500,fresh
230752,0,0,0,0,0,0,6,0,0,4,19,1,6,0,nan,nan,nan,nan,1,nan,nan,1,1,1,1,nan,nan,nan,nan,nan,0,nan,nan,0,0,0,0,nan,500,fresh
231822,0,0,0,0,0,0,7,0,0,4,19,1,7,0,nan,nan,nan,nan,1.167,nan,nan,1,1,1,1.167,nan,nan,nan,nan,nan,-0.067,nan,nan,0,0,0,-0.067,nan,500,fresh
232892,0,0,0,0,0,0,7,0,0,4,19,1,7,0,nan,nan,nan,nan,1.167,nan,nan,1,1,1,1.167,nan,nan,nan,nan,nan,-0.067,nan,nan,0,0,0,-0.067,nan,500,fresh
233962,0,0,0,0,0,0,6,0,0,4,19,1,7,0,nan,nan,nan,nan,1,nan,nan,1,1,1,1.167,nan,nan,nan,nan,nan,0,nan,nan,0,0,0,-0.067,nan,500,fresh
235031,0,0,0,0,0,0,6,0,0,4,19,1,7,0,nan,nan,nan,nan,1,nan,nan,1,1,1,1.167,nan,nan,nan,nan,nan,0,nan,nan,0,0,0,-0.067,nan,500,fresh
236100,0,0,0,0,0,0,7,0,0,4,19,1,6,0,nan,nan,nan,nan,1.167,nan,nan,1,1,1,1,nan,nan,nan,nan,nan,-0.067,nan,nan,0,0,0,0,nan,500,fresh
237170,0,0,0,0,0,0,7,0,0,4,19,1,7,0,nan,nan,nan,nan,1.167,nan,nan,1,1,1,1.167,nan,nan,nan,nan,nan,-0.067,nan,nan,0,0,0,-0.067,nan,500,fresh
238240,0,0,0,0,0,0,7,0,0,4,19,1,7,0,nan,nan,nan,nan,1.167,nan,nan,1,1,1,1.167,nan,nan,nan,nan,nan,-0.067,nan,nan,0,0,0,-0.067,nan,500,fresh
239309,0,0,0,0,0,0,7,0,0,4,19,1,6,0,nan,nan,nan,nan,1.167,nan,nan,1,1,1,1,nan,nan,nan,nan,nan,-0.067,nan,nan,0,0,0,0,nan,500,fresh
240379,0,0,0,0,0,0,7,0,0,4,19,1,7,0,nan,nan,nan,nan,1.167,nan,nan,1,1,1,1.167,nan,nan,nan,nan,nan,-0.067,nan,nan,0,0,0,-0.067,nan,500,fresh
241449,0,0,0,0,0,0,7,0,0,4,19,1,6,0,nan,nan,nan,nan,1.167,nan,nan,1,1,1,1,nan,nan,nan,nan,nan,-0.067,nan,nan,0,0,0,0,nan,500,fresh
242519,0,0,0,0,0,0,7,0,0,4,19,1,7,0,nan,nan,nan,nan,1.167,nan,nan,1,1,1,1.167,nan,nan,nan,nan,nan,-0.067,nan,nan,0,0,0,-0.067,nan,500,fresh
243588,0,0,0,0,0,0,7,0,0,4,19,1,6,0,nan,nan,nan,nan,1.167,nan,nan,1,1,1,1,nan,nan,nan,nan,nan,-0.067,nan,nan,0,0,0,0,nan,500,fresh
244657,0,0,0,0,0,0,7,0,0,4,19,1,7,0,nan,nan,nan,nan,1.167,nan,nan,1,1,1,1.167,nan,nan,nan,nan,nan,-0.067,nan,nan,0,0,0,-0.067,nan,500,fresh
245727,0,0,0,0,0,0,7,0,0,4,19,1,7,0,nan,nan,nan,nan,1.167,nan,nan,1,1,1,1.167,nan,nan,nan,nan,nan,-0.067,nan,nan,0,0,0,-0.067,nan,500,fresh
246795,0,0,0,0,0,0,7,0,0,4,19,1,7,0,nan,nan,nan,nan,1.167,nan,nan,1,1,1,1.167,nan,nan,nan,nan,nan,-0.067,nan,nan,0,0,0,-0.067,nan,500,fresh
247864,0,0,0,0,0,0,7,0,0,4,19,1,7,0,nan,nan,nan,nan,1.167,nan,nan,1,1,1,1.167,nan,nan,nan,nan,nan,-0.067,nan,nan,0,0,0,-0.067,nan,500,fresh
248934,0,0,0,0,0,0,7,0,0,4,19,1,7,0,nan,nan,nan,nan,1.167,nan,nan,1,1,1,1.167,nan,nan,nan,nan,nan,-0.067,nan,nan,0,0,0,-0.067,nan,500,fresh
250004,0,0,0,0,0,0,6,0,0,4,19,1,7,0,nan,nan,nan,nan,1,nan,nan,1,1,1,1.167,nan,nan,nan,nan,nan,0,nan,nan,0,0,0,-0.067,nan,500,fresh
251073,0,0,0,0,0,0,7,0,0,4,19,1,7,0,nan,nan,nan,nan,1.167,nan,nan,1,1,1,1.167,nan,nan,nan,nan,nan,-0.067,nan,nan,0,0,0,-0.067,nan,500,fresh
252142,0,0,0,0,0,0,7,0,0,4,19,1,7,0,nan,nan,nan,nan,1.167,nan,nan,1,1,1,1.167,nan,nan,nan,nan,nan,-0.067,nan,nan,0,0,0,-0.067,nan,500,fresh
253212,0,0,0,0,0,0,7,0,0,4,19,1,7,0,nan,nan,nan,nan,1.167,nan,nan,1,1,1,1.167,nan,nan,nan,nan,nan,-0.067,nan,nan,0,0,0,-0.067,nan,500,fresh
254280,0,0,0,0,0,0,7,0,0,4,19,1,6,0,nan,nan,nan,nan,1.167,nan,nan,1,1,1,1,nan,nan,nan,nan,nan,-0.067,nan,nan,0,0,0,0,nan,500,fresh
255350,0,0,0,0,0,0,7,0,0,4,19,1,7,0,nan,nan,nan,nan,1.167,nan,nan,1,1,1,1.167,nan,nan,nan,nan,nan,-0.067,nan,nan,0,0,0,-0.067,nan,500,fresh
256419,0,0,0,0,0,0,7,0,0,4,19,1,7,0,nan,nan,nan,nan,1.167,nan,nan,1,1,1,1.167,nan,nan,nan,nan,nan,-0.067,nan,nan,0,0,0,-0.067,nan,500,fresh
257489,0,0,0,0,0,0,7,0,0,4,19,1,7,0,nan,nan,nan,nan,1.167,nan,nan,1,1,1,1.167,nan,nan,nan,nan,nan,-0.067,nan,nan,0,0,0,-0.067,nan,500,fresh
258559,0,0,0,0,0,0,7,0,0,4,19,1,7,0,nan,nan,nan,nan,1.167,nan,nan,1,1,1,1.167,nan,nan,nan,nan,nan,-0.067,nan,nan,0,0,0,-0.067,nan,500,fresh
259627,0,0,0,0,0,0,7,0,0,4,19,1,7,0,nan,nan,nan,nan,1.167,nan,nan,1,1,1,1.167,nan,nan,nan,nan,nan,-0.067,nan,nan,0,0,0,-0.067,nan,500,fresh
260695,0,0,0,0,0,0,7,0,0,4,19,1,7,0,nan,nan,nan,nan,1.167,nan,nan,1,1,1,1.167,nan,nan,nan,nan,nan,-0.067,nan,nan,0,0,0,-0.067,nan,500,fresh
261765,0,0,0,0,0,0,7,0,0,4,19,1,7,0,nan,nan,nan,nan,1.167,nan,nan,1,1,1,1.167,nan,nan,nan,nan,nan,-0.067,nan,nan,0,0,0,-0.067,nan,500,fresh
262834,0,0,0,0,0,0,7,0,0,4,19,1,7,0,nan,nan,nan,nan,1.167,nan,nan,1,1,1,1.167,nan,nan,nan,nan,nan,-0.067,nan,nan,0,0,0,-0.067,nan,500,fresh
263904,0,0,0,0,0,0,7,0,0,4,19,1,7,0,nan,nan,nan,nan,1.167,nan,nan,1,1,1,1.167,nan,nan,nan,nan,nan,-0.067,nan,nan,0,0,0,-0.067,nan,500,fresh
264974,0,0,0,0,0,0,6,0,0,4,19,1,6,0,nan,nan,nan,nan,1,nan,nan,1,1,1,1,nan,nan,nan,nan,nan,0,nan,nan,0,0,0,0,nan,500,fresh
266042,0,0,0,0,0,0,7,0,0,4,19,1,7,0,nan,nan,nan,nan,1.167,nan,nan,1,1,1,1.167,nan,nan,nan,nan,nan,-0.067,nan,nan,0,0,0,-0.067,nan,500,fresh
267111,0,0,0,0,0,0,7,0,0,4,19,1,7,0,nan,nan,nan,nan,1.167,nan,nan,1,1,1,1.167,nan,nan,nan,nan,nan,-0.067,nan,nan,0,0,0,-0.067,nan,500,fresh
268181,0,0,0,0,0,0,7,0,0,4,19,1,7,0,nan,nan,nan,nan,1.167,nan,nan,1,1,1,1.167,nan,nan,nan,nan,nan,-0.067,nan,nan,0,0,0,-0.067,nan,500,fresh
269251,0,0,0,0,0,0,7,0,0,4,19,1,7,0,nan,nan,nan,nan,1.167,nan,nan,1,1,1,1.167,nan,nan,nan,nan,nan,-0.067,nan,nan,0,0,0,-0.067,nan,500,fresh
270321,0,0,0,0,0,0,6,0,0,4,19,1,7,0,nan,nan,nan,nan,1,nan,nan,1,1,1,1.167,nan,nan,nan,nan,nan,0,nan,nan,0,0,0,-0.067,nan,500,fresh
271390,0,0,0,0,0,0,7,0,0,4,19,1,7,0,nan,nan,nan,nan,1.167,nan,nan,1,1,1,1.167,nan,nan,nan,nan,nan,-0.067,nan,nan,0,0,0,-0.067,nan,500,fresh
272459,0,0,0,0,0,0,7,0,0,4,19,1,6,0,nan,nan,nan,nan,1.167,nan,nan,1,1,1,1,nan,nan,nan,nan,nan,-0.067,nan,nan,0,0,0,0,nan,500,fresh
273528,0,0,0,0,0,0,7,0,0,4,19,1,6,0,nan,nan,nan,nan,1.167,nan,nan,1,1,1,1,nan,nan,nan,nan,nan,-0.067,nan,nan,0,0,0,0,nan,500,fresh
274597,0,0,0,0,0,0,7,0,0,4,19,1,7,0,nan,nan,nan,nan,1.167,nan,nan,1,1,1,1.167,nan,nan,nan,nan,nan,-0.067,nan,nan,0,0,0,-0.067,nan,500,fresh
275667,0,0,0,0,0,0,7,0,0,4,19,1,7,0,nan,nan,nan,nan,1.167,nan,nan,1,1,1,1.167,nan,nan,nan,nan,nan,-0.067,nan,nan,0,0,0,-0.067,nan,500,fresh
276737,0,0,0,0,0,0,6,0,0,4,19,1,7,0,nan,nan,nan,nan,1,nan,nan,1,1,1,1.167,nan,nan,nan,nan,nan,0,nan,nan,0,0,0,-0.067,nan,500,fresh
277806,0,0,0,0,0,0,7,0,0,4,19,1,7,0,nan,nan,nan,nan,1.167,nan,nan,1,1,1,1.167,nan,nan,nan,nan,nan,-0.067,nan,nan,0,0,0,-0.067,nan,500,fresh
278875,0,0,0,0,0,0,6,0,0,4,19,1,6,0,nan,nan,nan,nan,1,nan,nan,1,1,1,1,nan,nan,nan,nan,nan,0,nan,nan,0,0,0,0,nan,500,fresh
279945,0,0,0,0,0,0,7,0,0,4,19,1,7,0,nan,nan,nan,nan,1.167,nan,nan,1,1,1,1.167,nan,nan,nan,nan,nan,-0.067,nan,nan,0,0,0,-0.067,nan,500,fresh
281015,0,0,0,0,0,0,6,0,0,4,19,1,7,0,nan,nan,nan,nan,1,nan,nan,1,1,1,1.167,nan,nan,nan,nan,nan,0,nan,nan,0,0,0,-0.067,nan,500,fresh
282084,0,0,0,0,0,0,7,0,0,4,19,1,7,0,nan,nan,nan,nan,1.167,nan,nan,1,1,1,1.167,nan,nan,nan,nan,nan,-0.067,nan,nan,0,0,0,-0.067,nan,500,fresh
283153,0,0,0,0,0,0,7,0,0,4,19,1,7,0,nan,nan,nan,nan,1.167,nan,nan,1,1,1,1.167,nan,nan,nan,nan,nan,-0.067,nan,nan,0,0,0,-0.067,nan,500,fresh
284222,0,0,0,0,0,0,6,0,0,4,19,1,7,0,nan,nan,nan,nan,1,nan,nan,1,1,1,1.167,nan,nan,nan,nan,nan,0,nan,nan,0,0,0,-0.067,nan,500,fresh
285292,0,0,0,0,0,0,7,0,0,4,19,1,7,0,nan,nan,nan,nan,1.167,nan,nan,1,1,1,1.167,nan,nan,nan,nan,nan,-0.067,nan,nan,0,0,0,-0.067,nan,500,fresh
286361,0,0,0,0,0,0,7,0,0,4,19,1,7,0,nan,nan,nan,nan,1.167,nan,nan,1,1,1,1.167,nan,nan,nan,nan,nan,-0.067,nan,nan,0,0,0,-0.067,nan,500,fresh
287430,0,0,0,0,0,0,7,0,0,4,19,1,7,0,nan,nan,nan,nan,1.167,nan,nan,1,1,1,1.167,nan,nan,nan,nan,nan,-0.067,nan,nan,0,0,0,-0.067,nan,500,fresh
288499,0,0,0,0,0,0,6,0,0,4,19,1,7,0,nan,nan,nan,nan,1,nan,nan,1,1,1,1.167,nan,nan,nan,nan,nan,0,nan,nan,0,0,0,-0.067,nan,500,fresh
289569,0,0,0,0,0,0,7,0,0,4,19,1,7,0,nan,nan,nan,nan,1.167,nan,nan,1,1,1,1.167,nan,nan,nan,nan,nan,-0.067,nan,nan,0,0,0,-0.067,nan,500,fresh
290639,0,0,0,0,0,0,7,0,0,4,19,1,7,0,nan,nan,nan,nan,1.167,nan,nan,1,1,1,1.167,nan,nan,nan,nan,nan,-0.067,nan,nan,0,0,0,-0.067,nan,500,fresh
291709,0,0,0,0,0,0,6,0,0,4,19,1,7,0,nan,nan,nan,nan,1,nan,nan,1,1,1,1.167,nan,nan,nan,nan,nan,0,nan,nan,0,0,0,-0.067,nan,500,fresh
292779,0,0,0,0,0,0,7,0,0,4,19,1,7,0,nan,nan,nan,nan,1.167,nan,nan,1,1,1,1.167,nan,nan,nan,nan,nan,-0.067,nan,nan,0,0,0,-0.067,nan,500,fresh
293848,0,0,0,0,0,0,7,0,0,4,19,1,7,0,nan,nan,nan,nan,1.167,nan,nan,1,1,1,1.167,nan,nan,nan,nan,nan,-0.067,nan,nan,0,0,0,-0.067,nan,500,fresh
294918,0,0,0,0,0,0,7,0,0,4,19,1,7,0,nan,nan,nan,nan,1.167,nan,nan,1,1,1,1.167,nan,nan,nan,nan,nan,-0.067,nan,nan,0,0,0,-0.067,nan,500,fresh
295987,0,0,0,0,0,0,6,0,0,4,19,1,7,0,nan,nan,nan,nan,1,nan,nan,1,1,1,1.167,nan,nan,nan,nan,nan,0,nan,nan,0,0,0,-0.067,nan,500,fresh
297057,0,0,0,0,0,0,7,0,0,4,19,1,6,0,nan,nan,nan,nan,1.167,nan,nan,1,1,1,1,nan,nan,nan,nan,nan,-0.067,nan,nan,0,0,0,0,nan,500,fresh
298126,0,0,0,0,0,0,7,0,0,4,19,1,6,0,nan,nan,nan,nan,1.167,nan,nan,1,1,1,1,nan,nan,nan,nan,nan,-0.067,nan,nan,0,0,0,0,nan,500,fresh
299195,0,0,0,0,0,0,7,0,0,4,19,1,7,0,nan,nan,nan,nan,1.167,nan,nan,1,1,1,1.167,nan,nan,nan,nan,nan,-0.067,nan,nan,0,0,0,-0.067,nan,500,fresh
300265,0,0,0,0,0,0,7,0,0,4,19,1,6,0,nan,nan,nan,nan,1.167,nan,nan,1,1,1,1,nan,nan,nan,nan,nan,-0.067,nan,nan,0,0,0,0,nan,500,fresh
301335,0,0,0,0,0,0,7,0,0,4,19,1,7,0,nan,nan,nan,nan,1.167,nan,nan,1,1,1,1.167,nan,nan,nan,nan,nan,-0.067,nan,nan,0,0,0,-0.067,nan,500,fresh
302405,0,0,0,0,0,0,7,0,0,4,19,1,7,0,nan,nan,nan,nan,1.167,nan,nan,1,1,1,1.167,nan,nan,nan,nan,nan,-0.067,nan,nan,0,0,0,-0.067,nan,500,fresh
303475,0,0,0,0,0,0,7,0,0,4,19,1,7,0,nan,nan,nan,nan,1.167,nan,nan,1,1,1,1.167,nan,nan,nan,nan,nan,-0.067,nan,nan,0,0,0,-0.067,nan,500,fresh
304544,0,0,0,0,0,0,6,0,0,4,19,1,7,0,nan,nan,nan,nan,1,nan,nan,1,1,1,1.167,nan,nan,nan,nan,nan,0,nan,nan,0,0,0,-0.067,nan,500,fresh
305613,0,0,0,0,0,0,6,0,0,4,19,1,7,0,nan,nan,nan,nan,1,nan,nan,1,1,1,1.167,nan,nan,nan,nan,nan,0,nan,nan,0,0,0,-0.067,nan,500,fresh
306683,0,0,0,0,0,0,7,0,0,4,19,1,7,0,nan,nan,nan,nan,1.167,nan,nan,1,1,1,1.167,nan,nan,nan,nan,nan,-0.067,nan,nan,0,0,0,-0.067,nan,500,fresh
307752,0,0,0,0,0,0,7,0,0,3,19,1,7,0,nan,nan,nan,nan,1.167,nan,nan,0.75,1,1,1.167,nan,nan,nan,nan,nan,-0.067,nan,nan,0.125,0,0,-0.067,nan,500,fresh
308821,0,0,0,0,0,0,7,0,0,4,19,1,7,0,nan,nan,nan,nan,1.167,nan,nan,1,1,1,1.167,nan,nan,nan,nan,nan,-0.067,nan,nan,0,0,0,-0.067,nan,500,fresh
309891,0,0,0,0,0,0,7,0,0,4,19,1,6,0,nan,nan,nan,nan,1.167,nan,nan,1,1,1,1,nan,nan,nan,nan,nan,-0.067,nan,nan,0,0,0,0,nan,500,fresh
310960,0,0,0,0,0,0,7,0,0,4,19,1,7,0,nan,nan,nan,nan,1.167,nan,nan,1,1,1,1.167,nan,nan,nan,nan,nan,-0.067,nan,nan,0,0,0,-0.067,nan,500,fresh
312029,0,0,0,0,0,0,7,0,0,4,19,1,6,0,nan,nan,nan,nan,1.167,nan,nan,1,1,1,1,nan,nan,nan,nan,nan,-0.067,nan,nan,0,0,0,0,nan,500,fresh
313098,0,0,0,0,0,0,7,0,0,4,19,1,7,0,nan,nan,nan,nan,1.167,nan,nan,1,1,1,1.167,nan,nan,nan,nan,nan,-0.067,nan,nan,0,0,0,-0.067,nan,500,fresh
323795,0,0,0,0,0,0,7,0,0,4,19,1,7,0,nan,nan,nan,nan,1.167,nan,nan,1,1,1,1.167,nan,nan,nan,nan,nan,-0.067,nan,nan,0,0,0,-0.067,nan,500,fresh
324865,0,0,0,0,0,0,7,0,0,4,19,1,7,0,nan,nan,nan,nan,1.167,nan,nan,1,1,1,1.167,nan,nan,nan,nan,nan,-0.067,nan,nan,0,0,0,-0.067,nan,500,fresh
325934,0,0,0,0,0,0,7,0,0,4,19,1,7,0,nan,nan,nan,nan,1.167,nan,nan,1,1,1,1.167,nan,nan,nan,nan,nan,-0.067,nan,nan,0,0,0,-0.067,nan,500,fresh
327004,0,0,0,0,0,0,7,0,0,4,19,1,7,0,nan,nan,nan,nan,1.167,nan,nan,1,1,1,1.167,nan,nan,nan,nan,nan,-0.067,nan,nan,0,0,0,-0.067,nan,500,fresh
347322,0,0,0,0,0,0,7,0,0,4,20,1,7,0,nan,nan,nan,nan,1.167,nan,nan,1,1.053,1,1.167,nan,nan,nan,nan,nan,-0.067,nan,nan,0,-0.022,0,-0.067,nan,500,fresh
348392,0,0,0,0,0,0,7,0,0,4,20,1,7,0,nan,nan,nan,nan,1.167,nan,nan,1,1.053,1,1.167,nan,nan,nan,nan,nan,-0.067,nan,nan,0,-0.022,0,-0.067,nan,500,fresh
349461,0,0,0,0,0,0,7,0,0,4,19,1,7,0,nan,nan,nan,nan,1.167,nan,nan,1,1,1,1.167,nan,nan,nan,nan,nan,-0.067,nan,nan,0,0,0,-0.067,nan,500,fresh
350530,0,0,0,0,0,0,7,0,0,4,20,1,7,0,nan,nan,nan,nan,1.167,nan,nan,1,1.053,1,1.167,nan,nan,nan,nan,nan,-0.067,nan,nan,0,-0.022,0,-0.067,nan,500,fresh
351600,0,0,0,0,0,0,7,0,0,4,20,1,7,0,nan,nan,nan,nan,1.167,nan,nan,1,1.053,1,1.167,nan,nan,nan,nan,nan,-0.067,nan,nan,0,-0.022,0,-0.067,nan,500,fresh
352669,0,0,0,0,0,0,7,0,0,4,20,1,7,0,nan,nan,nan,nan,1.167,nan,nan,1,1.053,1,1.167,nan,nan,nan,nan,nan,-0.067,nan,nan,0,-0.022,0,-0.067,nan,500,fresh
353738,0,0,0,0,0,0,7,0,0,4,20,1,7,0,nan,nan,nan,nan,1.167,nan,nan,1,1.053,1,1.167,nan,nan,nan,nan,nan,-0.067,nan,nan,0,-0.022,0,-0.067,nan,500,fresh
354807,0,0,0,0,0,0,7,0,0,4,20,1,7,0,nan,nan,nan,nan,1.167,nan,nan,1,1.053,1,1.167,nan,nan,nan,nan,nan,-0.067,nan,nan,0,-0.022,0,-0.067,nan,500,fresh
355876,0,0,0,0,0,0,7,0,0,4,20,1,7,0,nan,nan,nan,nan,1.167,nan,nan,1,1.053,1,1.167,nan,nan,nan,nan,nan,-0.067,nan,nan,0,-0.022,0,-0.067,nan,500,fresh
356945,0,0,0,0,0,0,7,0,0,4,20,1,7,0,nan,nan,nan,nan,1.167,nan,nan,1,1.053,1,1.167,nan,nan,nan,nan,nan,-0.067,nan,nan,0,-0.022,0,-0.067,nan,500,fresh
358014,0,0,0,0,0,0,7,0,0,4,20,1,7,0,nan,nan,nan,nan,1.167,nan,nan,1,1.053,1,1.167,nan,nan,nan,nan,nan,-0.067,nan,nan,0,-0.022,0,-0.067,nan,500,fresh
359084,0,0,0,0,0,0,7,0,0,4,20,1,7,0,nan,nan,nan,nan,1.167,nan,nan,1,1.053,1,1.167,nan,nan,nan,nan,nan,-0.067,nan,nan,0,-0.022,0,-0.067,nan,500,fresh
360154,0,0,0,0,0,0,7,0,0,4,20,1,7,0,nan,nan,nan,nan,1.167,nan,nan,1,1.053,1,1.167,nan,nan,nan,nan,nan,-0.067,nan,nan,0,-0.022,0,-0.067,nan,500,fresh
361224,0,0,0,0,0,0,7,0,0,4,20,1,7,0,nan,nan,nan,nan,1.167,nan,nan,1,1.053,1,1.167,nan,nan,nan,nan,nan,-0.067,nan,nan,0,-0.022,0,-0.067,nan,500,fresh
362294,0,0,0,0,0,0,7,0,0,4,19,1,7,0,nan,nan,nan,nan,1.167,nan,nan,1,1,1,1.167,nan,nan,nan,nan,nan,-0.067,nan,nan,0,0,0,-0.067,nan,500,fresh
363364,0,0,0,0,0,0,7,0,0,4,20,1,7,0,nan,nan,nan,nan,1.167,nan,nan,1,1.053,1,1.167,nan,nan,nan,nan,nan,-0.067,nan,nan,0,-0.022,0,-0.067,nan,500,fresh
364434,0,0,0,0,0,0,7,0,0,4,20,1,7,0,nan,nan,nan,nan,1.167,nan,nan,1,1.053,1,1.167,nan,nan,nan,nan,nan,-0.067,nan,nan,0,-0.022,0,-0.067,nan,500,fresh
365504,0,0,0,0,0,0,7,0,0,4,20,1,7,0,nan,nan,nan,nan,1.167,nan,nan,1,1.053,1,1.167,nan,nan,nan,nan,nan,-0.067,nan,nan,0,-0.022,0,-0.067,nan,500,fresh
366574,0,0,0,0,0,0,7,0,0,4,20,1,7,0,nan,nan,nan,nan,1.167,nan,nan,1,1.053,1,1.167,nan,nan,nan,nan,nan,-0.067,nan,nan,0,-0.022,0,-0.067,nan,500,fresh
367643,0,0,0,0,0,0,7,0,0,4,20,1,7,0,nan,nan,nan,nan,1.167,nan,nan,1,1.053,1,1.167,nan,nan,nan,nan,nan,-0.067,nan,nan,0,-0.022,0,-0.067,nan,500,fresh
368713,0,0,0,0,0,0,7,0,0,4,20,1,7,0,nan,nan,nan,nan,1.167,nan,nan,1,1.053,1,1.167,nan,nan,nan,nan,nan,-0.067,nan,nan,0,-0.022,0,-0.067,nan,500,fresh
369783,0,0,0,0,0,0,7,0,0,4,20,1,7,0,nan,nan,nan,nan,1.167,nan,nan,1,1.053,1,1.167,nan,nan,nan,nan,nan,-0.067,nan,nan,0,-0.022,0,-0.067,nan,500,fresh
370852,0,0,0,0,0,0,7,0,0,4,20,1,7,0,nan,nan,nan,nan,1.167,nan,nan,1,1.053,1,1.167,nan,nan,nan,nan,nan,-0.067,nan,nan,0,-0.022,0,-0.067,nan,500,fresh
371922,0,0,0,0,0,0,7,0,0,4,20,1,7,0,nan,nan,nan,nan,1.167,nan,nan,1,1.053,1,1.167,nan,nan,nan,nan,nan,-0.067,nan,nan,0,-0.022,0,-0.067,nan,500,fresh
372991,0,0,0,0,0,0,7,0,0,4,20,1,7,0,nan,nan,nan,nan,1.167,nan,nan,1,1.053,1,1.167,nan,nan,nan,nan,nan,-0.067,nan,nan,0,-0.022,0,-0.067,nan,500,fresh
374059,0,0,0,0,0,0,7,0,0,4,19,1,7,0,nan,nan,nan,nan,1.167,nan,nan,1,1,1,1.167,nan,nan,nan,nan,nan,-0.067,nan,nan,0,0,0,-0.067,nan,500,fresh
375127,0,0,0,0,0,0,7,0,0,4,20,1,7,0,nan,nan,nan,nan,1.167,nan,nan,1,1.053,1,1.167,nan,nan,nan,nan,nan,-0.067,nan,nan,0,-0.022,0,-0.067,nan,500,fresh
376197,0,0,0,0,0,0,7,0,0,4,20,1,7,0,nan,nan,nan,nan,1.167,nan,nan,1,1.053,1,1.167,nan,nan,nan,nan,nan,-0.067,nan,nan,0,-0.022,0,-0.067,nan,500,fresh
377265,0,0,0,0,0,0,7,0,0,4,19,1,7,0,nan,nan,nan,nan,1.167,nan,nan,1,1,1,1.167,nan,nan,nan,nan,nan,-0.067,nan,nan,0,0,0,-0.067,nan,500,fresh
378333,0,0,0,0,0,0,7,0,0,4,20,1,7,0,nan,nan,nan,nan,1.167,nan,nan,1,1.053,1,1.167,nan,nan,nan,nan,nan,-0.067,nan,nan,0,-0.022,0,-0.067,nan,500,fresh
379403,0,0,0,0,0,0,7,0,0,4,20,1,7,0,nan,nan,nan,nan,1.167,nan,nan,1,1.053,1,1.167,nan,nan,nan,nan,nan,-0.067,nan,nan,0,-0.022,0,-0.067,nan,500,fresh
380473,0,0,0,0,0,0,7,0,0,4,20,1,7,0,nan,nan,nan,nan,1.167,nan,nan,1,1.053,1,1.167,nan,nan,nan,nan,nan,-0.067,nan,nan,0,-0.022,0,-0.067,nan,500,fresh
381542,0,0,0,0,0,0,7,0,0,4,20,1,7,0,nan,nan,nan,nan,1.167,nan,nan,1,1.053,1,1.167,nan,nan,nan,nan,nan,-0.067,nan,nan,0,-0.022,0,-0.067,nan,500,fresh
382612,0,0,0,0,0,0,7,0,0,4,20,1,7,0,nan,nan,nan,nan,1.167,nan,nan,1,1.053,1,1.167,nan,nan,nan,nan,nan,-0.067,nan,nan,0,-0.022,0,-0.067,nan,500,fresh
383681,0,0,0,0,0,0,7,0,0,4,19,1,7,0,nan,nan,nan,nan,1.167,nan,nan,1,1,1,1.167,nan,nan,nan,nan,nan,-0.067,nan,nan,0,0,0,-0.067,nan,500,fresh
384750,0,0,0,0,0,0,7,0,0,4,20,1,7,0,nan,nan,nan,nan,1.167,nan,nan,1,1.053,1,1.167,nan,nan,nan,nan,nan,-0.067,nan,nan,0,-0.022,0,-0.067,nan,500,fresh
385819,0,0,0,0,0,0,7,0,0,4,20,1,7,0,nan,nan,nan,nan,1.167,nan,nan,1,1.053,1,1.167,nan,nan,nan,nan,nan,-0.067,nan,nan,0,-0.022,0,-0.067,nan,500,fresh
386889,0,0,0,0,0,0,6,0,0,4,19,1,7,0,nan,nan,nan,nan,1,nan,nan,1,1,1,1.167,nan,nan,nan,nan,nan,0,nan,nan,0,0,0,-0.067,nan,500,fresh
387957,0,0,0,0,0,0,7,0,0,4,20,1,7,0,nan,nan,nan,nan,1.167,nan,nan,1,1.053,1,1.167,nan,nan,nan,nan,nan,-0.067,nan,nan,0,-0.022,0,-0.067,nan,500,fresh
389027,0,0,0,0,0,0,7,0,0,4,20,1,7,0,nan,nan,nan,nan,1.167,nan,nan,1,1.053,1,1.167,nan,nan,nan,nan,nan,-0.067,nan,nan,0,-0.022,0,-0.067,nan,500,fresh
390096,0,0,0,0,0,0,7,0,0,4,20,1,7,0,nan,nan,nan,nan,1.167,nan,nan,1,1.053,1,1.167,nan,nan,nan,nan,nan,-0.067,nan,nan,0,-0.022,0,-0.067,nan,500,fresh
391165,0,0,0,0,0,0,7,0,0,4,20,1,7,0,nan,nan,nan,nan,1.167,nan,nan,1,1.053,1,1.167,nan,nan,nan,nan,nan,-0.067,nan,nan,0,-0.022,0,-0.067,nan,500,fresh
392235,0,0,0,0,0,0,7,0,0,4,19,1,7,0,nan,nan,nan,nan,1.167,nan,nan,1,1,1,1.167,nan,nan,nan,nan,nan,-0.067,nan,nan,0,0,0,-0.067,nan,500,fresh
393304,0,0,0,0,0,0,7,0,0,4,19,1,7,0,nan,nan,nan,nan,1.167,nan,nan,1,1,1,1.167,nan,nan,nan,nan,nan,-0.067,nan,nan,0,0,0,-0.067,nan,500,fresh
394373,0,0,0,0,0,0,7,0,0,4,19,1,7,0,nan,nan,nan,nan,1.167,nan,nan,1,1,1,1.167,nan,nan,nan,nan,nan,-0.067,nan,nan,0,0,0,-0.067,nan,500,fresh
395443,0,0,0,0,0,0,7,0,0,4,19,1,7,0,nan,nan,nan,nan,1.167,nan,nan,1,1,1,1.167,nan,nan,nan,nan,nan,-0.067,nan,nan,0,0,0,-0.067,nan,500,fresh
396513,0,0,0,0,0,0,7,0,0,4,19,1,7,0,nan,nan,nan,nan,1.167,nan,nan,1,1,1,1.167,nan,nan,nan,nan,nan,-0.067,nan,nan,0,0,0,-0.067,nan,500,fresh
397582,0,0,0,0,0,0,7,0,0,4,20,1,7,0,nan,nan,nan,nan,1.167,nan,nan,1,1.053,1,1.167,nan,nan,nan,nan,nan,-0.067,nan,nan,0,-0.022,0,-0.067,nan,500,fresh
398651,0,0,0,0,0,0,7,0,0,4,19,1,7,0,nan,nan,nan,nan,1.167,nan,nan,1,1,1,1.167,nan,nan,nan,nan,nan,-0.067,nan,nan,0,0,0,-0.067,nan,500,fresh
399720,0,0,0,0,0,0,7,0,0,4,20,1,7,0,nan,nan,nan,nan,1.167,nan,nan,1,1.053,1,1.167,nan,nan,nan,nan,nan,-0.067,nan,nan,0,-0.022,0,-0.067,nan,500,fresh
400789,0,0,0,0,0,0,7,0,0,4,20,1,7,0,nan,nan,nan,nan,1.167,nan,nan,1,1.053,1,1.167,nan,nan,nan,nan,nan,-0.067,nan,nan,0,-0.022,0,-0.067,nan,500,fresh
401859,0,0,0,0,0,0,7,0,0,4,19,1,7,0,nan,nan,nan,nan,1.167,nan,nan,1,1,1,1.167,nan,nan,nan,nan,nan,-0.067,nan,nan,0,0,0,-0.067,nan,500,fresh
402928,0,0,0,0,0,0,7,0,0,4,20,1,7,0,nan,nan,nan,nan,1.167,nan,nan,1,1.053,1,1.167,nan,nan,nan,nan,nan,-0.067,nan,nan,0,-0.022,0,-0.067,nan,500,fresh
403997,0,0,0,0,0,0,7,0,0,4,19,1,7,0,nan,nan,nan,nan,1.167,nan,nan,1,1,1,1.167,nan,nan,nan,nan,nan,-0.067,nan,nan,0,0,0,-0.067,nan,500,fresh
405067,0,0,0,0,0,0,7,0,0,4,19,1,7,0,nan,nan,nan,nan,1.167,nan,nan,1,1,1,1.167,nan,nan,nan,nan,nan,-0.067,nan,nan,0,0,0,-0.067,nan,500,fresh
406136,0,0,0,0,0,0,6,0,0,4,19,1,7,0,nan,nan,nan,nan,1,nan,nan,1,1,1,1.167,nan,nan,nan,nan,nan,0,nan,nan,0,0,0,-0.067,nan,500,fresh
407206,0,0,0,0,0,0,7,0,0,4,19,1,7,0,nan,nan,nan,nan,1.167,nan,nan,1,1,1,1.167,nan,nan,nan,nan,nan,-0.067,nan,nan,0,0,0,-0.067,nan,500,fresh
408276,0,0,0,0,0,0,7,0,0,4,19,1,7,0,nan,nan,nan,nan,1.167,nan,nan,1,1,1,1.167,nan,nan,nan,nan,nan,-0.067,nan,nan,0,0,0,-0.067,nan,500,fresh
409345,0,0,0,0,0,0,7,0,0,4,19,1,7,0,nan,nan,nan,nan,1.167,nan,nan,1,1,1,1.167,nan,nan,nan,nan,nan,-0.067,nan,nan,0,0,0,-0.067,nan,500,fresh
410415,0,0,0,0,0,0,7,0,0,4,19,1,7,0,nan,nan,nan,nan,1.167,nan,nan,1,1,1,1.167,nan,nan,nan,nan,nan,-0.067,nan,nan,0,0,0,-0.067,nan,500,fresh
411485,0,0,0,0,0,0,7,0,0,4,19,1,7,0,nan,nan,nan,nan,1.167,nan,nan,1,1,1,1.167,nan,nan,nan,nan,nan,-0.067,nan,nan,0,0,0,-0.067,nan,500,fresh
412555,0,0,0,0,0,0,7,0,0,4,19,1,7,0,nan,nan,nan,nan,1.167,nan,nan,1,1,1,1.167,nan,nan,nan,nan,nan,-0.067,nan,nan,0,0,0,-0.067,nan,500,fresh
413625,0,0,0,0,0,0,7,0,0,4,19,1,7,0,nan,nan,nan,nan,1.167,nan,nan,1,1,1,1.167,nan,nan,nan,nan,nan,-0.067,nan,nan,0,0,0,-0.067,nan,500,fresh
414694,0,0,0,0,0,0,7,0,0,4,19,1,7,0,nan,nan,nan,nan,1.167,nan,nan,1,1,1,1.167,nan,nan,nan,nan,nan,-0.067,nan,nan,0,0,0,-0.067,nan,500,fresh
415763,0,0,0,0,0,0,7,0,0,4,19,1,7,0,nan,nan,nan,nan,1.167,nan,nan,1,1,1,1.167,nan,nan,nan,nan,nan,-0.067,nan,nan,0,0,0,-0.067,nan,500,fresh
416832,0,0,0,0,0,0,7,0,0,4,19,1,7,0,nan,nan,nan,nan,1.167,nan,nan,1,1,1,1.167,nan,nan,nan,nan,nan,-0.067,nan,nan,0,0,0,-0.067,nan,500,fresh
417901,0,0,0,0,0,0,7,0,0,4,19,1,7,0,nan,nan,nan,nan,1.167,nan,nan,1,1,1,1.167,nan,nan,nan,nan,nan,-0.067,nan,nan,0,0,0,-0.067,nan,500,fresh
418971,0,0,0,0,0,0,7,0,0,4,19,1,7,0,nan,nan,nan,nan,1.167,nan,nan,1,1,1,1.167,nan,nan,nan,nan,nan,-0.067,nan,nan,0,0,0,-0.067,nan,500,fresh
420041,0,0,0,0,0,0,7,0,0,4,19,1,7,0,nan,nan,nan,nan,1.167,nan,nan,1,1,1,1.167,nan,nan,nan,nan,nan,-0.067,nan,nan,0,0,0,-0.067,nan,500,fresh
421111,0,0,0,0,0,0,7,0,0,4,19,1,7,0,nan,nan,nan,nan,1.167,nan,nan,1,1,1,1.167,nan,nan,nan,nan,nan,-0.067,nan,nan,0,0,0,-0.067,nan,500,fresh
422181,0,0,0,0,0,0,7,0,0,4,20,1,7,0,nan,nan,nan,nan,1.167,nan,nan,1,1.053,1,1.167,nan,nan,nan,nan,nan,-0.067,nan,nan,0,-0.022,0,-0.067,nan,500,fresh
423250,0,0,0,0,0,0,7,0,0,4,19,1,7,0,nan,nan,nan,nan,1.167,nan,nan,1,1,1,1.167,nan,nan,nan,nan,nan,-0.067,nan,nan,0,0,0,-0.067,nan,500,fresh
424319,0,0,0,0,0,0,7,0,0,4,19,1,7,0,nan,nan,nan,nan,1.167,nan,nan,1,1,1,1.167,nan,nan,nan,nan,nan,-0.067,nan,nan,0,0,0,-0.067,nan,500,fresh
425389,0,0,0,0,0,0,7,0,0,4,19,1,7,0,nan,nan,nan,nan,1.167,nan,nan,1,1,1,1.167,nan,nan,nan,nan,nan,-0.067,nan,nan,0,0,0,-0.067,nan,500,fresh
426457,0,0,0,0,0,0,7,0,0,4,20,1,7,0,nan,nan,nan,nan,1.167,nan,nan,1,1.053,1,1.167,nan,nan,nan,nan,nan,-0.067,nan,nan,0,-0.022,0,-0.067,nan,500,fresh
427527,0,0,0,0,0,0,7,0,0,4,19,1,7,0,nan,nan,nan,nan,1.167,nan,nan,1,1,1,1.167,nan,nan,nan,nan,nan,-0.067,nan,nan,0,0,0,-0.067,nan,500,fresh
428597,0,0,0,0,0,0,7,0,0,4,19,1,7,0,nan,nan,nan,nan,1.167,nan,nan,1,1,1,1.167,nan,nan,nan,nan,nan,-0.067,nan,nan,0,0,0,-0.067,nan,500,fresh
429666,0,0,0,0,0,0,7,0,0,4,19,1,7,0,nan,nan,nan,nan,1.167,nan,nan,1,1,1,1.167,nan,nan,nan,nan,nan,-0.067,nan,nan,0,0,0,-0.067,nan,500,fresh
430736,0,0,0,0,0,0,7,0,0,4,19,1,7,0,nan,nan,nan,nan,1.167,nan,nan,1,1,1,1.167,nan,nan,nan,nan,nan,-0.067,nan,nan,0,0,0,-0.067,nan,500,fresh
431806,0,0,0,0,0,0,7,0,0,4,19,1,7,0,nan,nan,nan,nan,1.167,nan,nan,1,1,1,1.167,nan,nan,nan,nan,nan,-0.067,nan,nan,0,0,0,-0.067,nan,500,fresh
432875,0,0,0,0,0,0,7,0,0,4,19,1,7,0,nan,nan,nan,nan,1.167,nan,nan,1,1,1,1.167,nan,nan,nan,nan,nan,-0.067,nan,nan,0,0,0,-0.067,nan,500,fresh
433945,0,0,0,0,0,0,7,0,0,4,19,1,7,0,nan,nan,nan,nan,1.167,nan,nan,1,1,1,1.167,nan,nan,nan,nan,nan,-0.067,nan,nan,0,0,0,-0.067,nan,500,fresh
435015,0,0,0,0,0,0,7,0,0,4,19,1,7,0,nan,nan,nan,nan,1.167,nan,nan,1,1,1,1.167,nan,nan,nan,nan,nan,-0.067,nan,nan,0,0,0,-0.067,nan,500,fresh
436085,0,0,0,0,0,0,7,0,0,4,19,1,7,0,nan,nan,nan,nan,1.167,nan,nan,1,1,1,1.167,nan,nan,nan,nan,nan,-0.067,nan,nan,0,0,0,-0.067,nan,500,fresh
437154,0,0,0,0,0,0,7,0,0,4,19,1,7,0,nan,nan,nan,nan,1.167,nan,nan,1,1,1,1.167,nan,nan,nan,nan,nan,-0.067,nan,nan,0,0,0,-0.067,nan,500,fresh
438224,0,0,0,0,0,0,7,0,0,4,19,1,7,0,nan,nan,nan,nan,1.167,nan,nan,1,1,1,1.167,nan,nan,nan,nan,nan,-0.067,nan,nan,0,0,0,-0.067,nan,500,fresh
50008,0,0,0,0,0,0,7,0,0,4,19,1,7,0,nan,nan,nan,nan,1.167,nan,nan,1,1,1,1.167,nan,nan,nan,nan,nan,-0.067,nan,nan,0,0,0,-0.067,nan,500,fresh
51077,0,0,0,0,0,0,6,0,0,4,19,1,7,0,nan,nan,nan,nan,1,nan,nan,1,1,1,1.167,nan,nan,nan,nan,nan,0,nan,nan,0,0,0,-0.067,nan,500,fresh
52146,0,0,0,0,0,0,7,0,0,4,19,1,7,0,nan,nan,nan,nan,1.167,nan,nan,1,1,1,1.167,nan,nan,nan,nan,nan,-0.067,nan,nan,0,0,0,-0.067,nan,500,fresh
53216,0,0,0,0,0,0,7,0,0,4,19,1,6,0,nan,nan,nan,nan,1.167,nan,nan,1,1,1,1,nan,nan,nan,nan,nan,-0.067,nan,nan,0,0,0,0,nan,500,fresh
54285,0,0,0,0,0,0,7,0,0,4,19,1,7,0,nan,nan,nan,nan,1.167,nan,nan,1,1,1,1.167,nan,nan,nan,nan,nan,-0.067,nan,nan,0,0,0,-0.067,nan,500,fresh
55355,0,0,0,0,0,0,7,0,0,4,19,1,6,0,nan,nan,nan,nan,1.167,nan,nan,1,1,1,1,nan,nan,nan,nan,nan,-0.067,nan,nan,0,0,0,0,nan,500,fresh
56425,0,0,0,0,0,0,7,0,0,4,19,1,7,0,nan,nan,nan,nan,1.167,nan,nan,1,1,1,1.167,nan,nan,nan,nan,nan,-0.067,nan,nan,0,0,0,-0.067,nan,500,fresh
57495,0,0,0,0,0,0,7,0,0,4,19,1,7,0,nan,nan,nan,nan,1.167,nan,nan,1,1,1,1.167,nan,nan,nan,nan,nan,-0.067,nan,nan,0,0,0,-0.067,nan,500,fresh
58564,0,0,0,0,0,0,7,0,0,4,19,1,7,0,nan,nan,nan,nan,1.167,nan,nan,1,1,1,1.167,nan,nan,nan,nan,nan,-0.067,nan,nan,0,0,0,-0.067,nan,500,fresh
59634,0,0,0,0,0,0,7,0,0,4,19,1,7,0,nan,nan,nan,nan,1.167,nan,nan,1,1,1,1.167,nan,nan,nan,nan,nan,-0.067,nan,nan,0,0,0,-0.067,nan,500,fresh
60704,0,0,0,0,0,0,7,0,0,4,19,1,7,0,nan,nan,nan,nan,1.167,nan,nan,1,1,1,1.167,nan,nan,nan,nan,nan,-0.067,nan,nan,0,0,0,-0.067,nan,500,fresh
61774,0,0,0,0,0,0,7,0,0,4,19,1,7,0,nan,nan,nan,nan,1.167,nan,nan,1,1,1,1.167,nan,nan,nan,nan,nan,-0.067,nan,nan,0,0,0,-0.067,nan,500,fresh
62844,0,0,0,0,0,0,6,0,0,4,19,1,7,0,nan,nan,nan,nan,1,nan,nan,1,1,1,1.167,nan,nan,nan,nan,nan,0,nan,nan,0,0,0,-0.067,nan,500,fresh
63913,0,0,0,0,0,0,7,0,0,4,19,1,7,0,nan,nan,nan,nan,1.167,nan,nan,1,1,1,1.167,nan,nan,nan,nan,nan,-0.067,nan,nan,0,0,0,-0.067,nan,500,fresh
64983,0,0,0,0,0,0,7,0,0,4,19,1,7,0,nan,nan,nan,nan,1.167,nan,nan,1,1,1,1.167,nan,nan,nan,nan,nan,-0.067,nan,nan,0,0,0,-0.067,nan,500,fresh
66053,0,0,0,0,0,0,7,0,0,4,19,1,7,0,nan,nan,nan,nan,1.167,nan,nan,1,1,1,1.167,nan,nan,nan,nan,nan,-0.067,nan,nan,0,0,0,-0.067,nan,500,fresh
67123,0,0,0,0,0,0,7,0,0,4,19,1,7,0,nan,nan,nan,nan,1.167,nan,nan,1,1,1,1.167,nan,nan,nan,nan,nan,-0.067,nan,nan,0,0,0,-0.067,nan,500,fresh
68193,0,0,0,0,0,0,7,0,0,4,19,1,7,0,nan,nan,nan,nan,1.167,nan,nan,1,1,1,1.167,nan,nan,nan,nan,nan,-0.067,nan,nan,0,0,0,-0.067,nan,500,fresh
69263,0,0,0,0,0,0,7,0,0,4,19,1,7,0,nan,nan,nan,nan,1.167,nan,nan,1,1,1,1.167,nan,nan,nan,nan,nan,-0.067,nan,nan,0,0,0,-0.067,nan,500,fresh
70333,0,0,0,0,0,0,7,0,0,4,19,1,7,0,nan,nan,nan,nan,1.167,nan,nan,1,1,1,1.167,nan,nan,nan,nan,nan,-0.067,nan,nan,0,0,0,-0.067,nan,500,fresh
71403,0,0,0,0,0,0,7,0,0,4,19,1,7,0,nan,nan,nan,nan,1.167,nan,nan,1,1,1,1.167,nan,nan,nan,nan,nan,-0.067,nan,nan,0,0,0,-0.067,nan,500,fresh
72473,0,0,0,0,0,0,6,0,0,4,19,1,7,0,nan,nan,nan,nan,1,nan,nan,1,1,1,1.167,nan,nan,nan,nan,nan,0,nan,nan,0,0,0,-0.067,nan,500,fresh
73542,0,0,0,0,0,0,7,0,0,4,19,1,6,0,nan,nan,nan,nan,1.167,nan,nan,1,1,1,1,nan,nan,nan,nan,nan,-0.067,nan,nan,0,0,0,0,nan,500,fresh
74611,0,0,0,0,0,0,7,0,0,4,19,1,7,0,nan,nan,nan,nan,1.167,nan,nan,1,1,1,1.167,nan,nan,nan,nan,nan,-0.067,nan,nan,0,0,0,-0.067,nan,500,fresh
75681,0,0,0,0,0,0,7,0,0,4,19,1,7,0,nan,nan,nan,nan,1.167,nan,nan,1,1,1,1.167,nan,nan,nan,nan,nan,-0.067,nan,nan,0,0,0,-0.067,nan,500,fresh
76751,0,0,0,0,0,0,7,0,0,4,19,1,7,0,nan,nan,nan,nan,1.167,nan,nan,1,1,1,1.167,nan,nan,nan,nan,nan,-0.067,nan,nan,0,0,0,-0.067,nan,500,fresh
77821,0,0,0,0,0,0,7,0,0,4,19,1,7,0,nan,nan,nan,nan,1.167,nan,nan,1,1,1,1.167,nan,nan,nan,nan,nan,-0.067,nan,nan,0,0,0,-0.067,nan,500,fresh
78891,0,0,0,0,0,0,7,0,0,4,19,1,7,0,nan,nan,nan,nan,1.167,nan,nan,1,1,1,1.167,nan,nan,nan,nan,nan,-0.067,nan,nan,0,0,0,-0.067,nan,500,fresh
79960,0,0,0,0,0,0,7,0,0,4,19,1,6,0,nan,nan,nan,nan,1.167,nan,nan,1,1,1,1,nan,nan,nan,nan,nan,-0.067,nan,nan,0,0,0,0,nan,500,fresh
81030,0,0,0,0,0,0,6,0,0,4,19,1,7,0,nan,nan,nan,nan,1,nan,nan,1,1,1,1.167,nan,nan,nan,nan,nan,0,nan,nan,0,0,0,-0.067,nan,500,fresh
82099,0,0,0,0,0,0,7,0,0,4,19,1,7,0,nan,nan,nan,nan,1.167,nan,nan,1,1,1,1.167,nan,nan,nan,nan,nan,-0.067,nan,nan,0,0,0,-0.067,nan,500,fresh
83168,0,0,0,0,0,0,7,0,0,4,19,1,7,0,nan,nan,nan,nan,1.167,nan,nan,1,1,1,1.167,nan,nan,nan,nan,nan,-0.067,nan,nan,0,0,0,-0.067,nan,500,fresh
84238,0,0,0,0,0,0,7,0,0,4,19,1,6,0,nan,nan,nan,nan,1.167,nan,nan,1,1,1,1,nan,nan,nan,nan,nan,-0.067,nan,nan,0,0,0,0,nan,500,fresh
85308,0,0,0,0,0,0,7,0,0,4,19,1,7,0,nan,nan,nan,nan,1.167,nan,nan,1,1,1,1.167,nan,nan,nan,nan,nan,-0.067,nan,nan,0,0,0,-0.067,nan,500,fresh
86377,0,0,0,0,0,0,7,0,0,4,19,1,7,0,nan,nan,nan,nan,1.167,nan,nan,1,1,1,1.167,nan,nan,nan,nan,nan,-0.067,nan,nan,0,0,0,-0.067,nan,500,fresh
87447,0,0,0,0,0,0,7,0,0,4,19,1,7,0,nan,nan,nan,nan,1.167,nan,nan,1,1,1,1.167,nan,nan,nan,nan,nan,-0.067,nan,nan,0,0,0,-0.067,nan,500,fresh
88516,0,0,0,0,0,0,6,0,0,4,19,1,7,0,nan,nan,nan,nan,1,nan,nan,1,1,1,1.167,nan,nan,nan,nan,nan,0,nan,nan,0,0,0,-0.067,nan,500,fresh
89586,0,0,0,0,0,0,7,0,0,4,19,1,7,0,nan,nan,nan,nan,1.167,nan,nan,1,1,1,1.167,nan,nan,nan,nan,nan,-0.067,nan,nan,0,0,0,-0.067,nan,500,fresh
90655,0,0,0,0,0,0,7,0,0,4,19,1,7,0,nan,nan,nan,nan,1.167,nan,nan,1,1,1,1.167,nan,nan,nan,nan,nan,-0.067,nan,nan,0,0,0,-0.067,nan,500,fresh
91723,0,0,0,0,0,0,7,0,0,4,19,1,7,0,nan,nan,nan,nan,1.167,nan,nan,1,1,1,1.167,nan,nan,nan,nan,nan,-0.067,nan,nan,0,0,0,-0.067,nan,500,fresh
92792,0,0,0,0,0,0,7,0,0,4,19,1,7,0,nan,nan,nan,nan,1.167,nan,nan,1,1,1,1.167,nan,nan,nan,nan,nan,-0.067,nan,nan,0,0,0,-0.067,nan,500,fresh
93862,0,0,0,0,0,0,6,0,0,4,19,1,7,0,nan,nan,nan,nan,1,nan,nan,1,1,1,1.167,nan,nan,nan,nan,nan,0,nan,nan,0,0,0,-0.067,nan,500,fresh
94931,0,0,0,0,0,0,7,0,0,4,19,1,7,0,nan,nan,nan,nan,1.167,nan,nan,1,1,1,1.167,nan,nan,nan,nan,nan,-0.067,nan,nan,0,0,0,-0.067,nan,500,fresh
96000,0,0,0,0,0,0,7,0,0,4,19,1,7,0,nan,nan,nan,nan,1.167,nan,nan,1,1,1,1.167,nan,nan,nan,nan,nan,-0.067,nan,nan,0,0,0,-0.067,nan,500,fresh
97069,0,0,0,0,0,0,7,0,0,4,19,1,7,0,nan,nan,nan,nan,1.167,nan,nan,1,1,1,1.167,nan,nan,nan,nan,nan,-0.067,nan,nan,0,0,0,-0.067,nan,500,fresh
98138,0,0,0,0,0,0,7,0,0,4,19,1,7,0,nan,nan,nan,nan,1.167,nan,nan,1,1,1,1.167,nan,nan,nan,nan,nan,-0.067,nan,nan,0,0,0,-0.067,nan,500,fresh
99207,0,0,0,0,0,0,7,0,0,4,19,1,7,0,nan,nan,nan,nan,1.167,nan,nan,1,1,1,1.167,nan,nan,nan,nan,nan,-0.067,nan,nan,0,0,0,-0.067,nan,500,fresh
100276,0,0,0,0,0,0,7,0,0,4,19,1,7,0,nan,nan,nan,nan,1.167,nan,nan,1,1,1,1.167,nan,nan,nan,nan,nan,-0.067,nan,nan,0,0,0,-0.067,nan,500,fresh
101346,0,0,0,0,0,0,7,0,0,4,19,1,7,0,nan,nan,nan,nan,1.167,nan,nan,1,1,1,1.167,nan,nan,nan,nan,nan,-0.067,nan,nan,0,0,0,-0.067,nan,500,fresh
102416,0,0,0,0,0,0,7,0,0,4,19,1,7,0,nan,nan,nan,nan,1.167,nan,nan,1,1,1,1.167,nan,nan,nan,nan,nan,-0.067,nan,nan,0,0,0,-0.067,nan,500,fresh
103485,0,0,0,0,0,0,7,0,0,3,19,1,7,0,nan,nan,nan,nan,1.167,nan,nan,0.75,1,1,1.167,nan,nan,nan,nan,nan,-0.067,nan,nan,0.125,0,0,-0.067,nan,500,fresh
104555,0,0,0,0,0,0,6,0,0,4,19,1,7,0,nan,nan,nan,nan,1,nan,nan,1,1,1,1.167,nan,nan,nan,nan,nan,0,nan,nan,0,0,0,-0.067,nan,500,fresh
105625,0,0,0,0,0,0,7,0,0,4,19,1,7,0,nan,nan,nan,nan,1.167,nan,nan,1,1,1,1.167,nan,nan,nan,nan,nan,-0.067,nan,nan,0,0,0,-0.067,nan,500,fresh
106694,0,0,0,0,0,0,7,0,0,4,19,1,7,0,nan,nan,nan,nan,1.167,nan,nan,1,1,1,1.167,nan,nan,nan,nan,nan,-0.067,nan,nan,0,0,0,-0.067,nan,500,fresh
107763,0,0,0,0,0,0,7,0,0,4,19,1,7,0,nan,nan,nan,nan,1.167,nan,nan,1,1,1,1.167,nan,nan,nan,nan,nan,-0.067,nan,nan,0,0,0,-0.067,nan,500,fresh
108833,0,0,0,0,0,0,7,0,0,4,19,1,7,0,nan,nan,nan,nan,1.167,nan,nan,1,1,1,1.167,nan,nan,nan,nan,nan,-0.067,nan,nan,0,0,0,-0.067,nan,500,fresh
109903,0,0,0,0,0,0,7,0,0,4,19,1,7,0,nan,nan,nan,nan,1.167,nan,nan,1,1,1,1.167,nan,nan,nan,nan,nan,-0.067,nan,nan,0,0,0,-0.067,nan,500,fresh
110971,0,0,0,0,0,0,7,0,0,4,19,1,7,0,nan,nan,nan,nan,1.167,nan,nan,1,1,1,1.167,nan,nan,nan,nan,nan,-0.067,nan,nan,0,0,0,-0.067,nan,500,fresh
112041,0,0,0,0,0,0,7,0,0,4,19,1,7,0,nan,nan,nan,nan,1.167,nan,nan,1,1,1,1.167,nan,nan,nan,nan,nan,-0.067,nan,nan,0,0,0,-0.067,nan,500,fresh
113111,0,0,0,0,0,0,7,0,0,4,19,1,7,0,nan,nan,nan,nan,1.167,nan,nan,1,1,1,1.167,nan,nan,nan,nan,nan,-0.067,nan,nan,0,0,0,-0.067,nan,500,fresh
114180,0,0,0,0,0,0,7,0,0,4,19,1,7,0,nan,nan,nan,nan,1.167,nan,nan,1,1,1,1.167,nan,nan,nan,nan,nan,-0.067,nan,nan,0,0,0,-0.067,nan,500,fresh
115250,0,0,0,0,0,0,7,0,0,4,19,1,7,0,nan,nan,nan,nan,1.167,nan,nan,1,1,1,1.167,nan,nan,nan,nan,nan,-0.067,nan,nan,0,0,0,-0.067,nan,500,fresh
116319,0,0,0,0,0,0,7,0,0,4,19,1,7,0,nan,nan,nan,nan,1.167,nan,nan,1,1,1,1.167,nan,nan,nan,nan,nan,-0.067,nan,nan,0,0,0,-0.067,nan,500,fresh
117388,0,0,0,0,0,0,7,0,0,4,19,1,7,0,nan,nan,nan,nan,1.167,nan,nan,1,1,1,1.167,nan,nan,nan,nan,nan,-0.067,nan,nan,0,0,0,-0.067,nan,500,fresh
118457,0,0,0,0,0,0,7,0,0,4,19,1,7,0,nan,nan,nan,nan,1.167,nan,nan,1,1,1,1.167,nan,nan,nan,nan,nan,-0.067,nan,nan,0,0,0,-0.067,nan,500,fresh
119526,0,0,0,0,0,0,7,0,0,4,19,1,7,0,nan,nan,nan,nan,1.167,nan,nan,1,1,1,1.167,nan,nan,nan,nan,nan,-0.067,nan,nan,0,0,0,-0.067,nan,500,fresh
120596,0,0,0,0,0,0,7,0,0,4,19,1,7,0,nan,nan,nan,nan,1.167,nan,nan,1,1,1,1.167,nan,nan,nan,nan,nan,-0.067,nan,nan,0,0,0,-0.067,nan,500,fresh
121664,0,0,0,0,0,0,7,0,0,4,19,1,7,0,nan,nan,nan,nan,1.167,nan,nan,1,1,1,1.167,nan,nan,nan,nan,nan,-0.067,nan,nan,0,0,0,-0.067,nan,500,fresh
122733,0,0,0,0,0,0,6,0,0,4,19,1,7,0,nan,nan,nan,nan,1,nan,nan,1,1,1,1.167,nan,nan,nan,nan,nan,0,nan,nan,0,0,0,-0.067,nan,500,fresh
123803,0,0,0,0,0,0,7,0,0,4,19,1,7,0,nan,nan,nan,nan,1.167,nan,nan,1,1,1,1.167,nan,nan,nan,nan,nan,-0.067,nan,nan,0,0,0,-0.067,nan,500,fresh
124872,0,0,0,0,0,0,7,0,0,4,19,1,7,0,nan,nan,nan,nan,1.167,nan,nan,1,1,1,1.167,nan,nan,nan,nan,nan,-0.067,nan,nan,0,0,0,-0.067,nan,500,fresh
125941,0,0,0,0,0,0,7,0,0,4,19,1,7,0,nan,nan,nan,nan,1.167,nan,nan,1,1,1,1.167,nan,nan,nan,nan,nan,-0.067,nan,nan,0,0,0,-0.067,nan,500,fresh
127011,0,0,0,0,0,0,7,0,0,4,19,1,7,0,nan,nan,nan,nan,1.167,nan,nan,1,1,1,1.167,nan,nan,nan,nan,nan,-0.067,nan,nan,0,0,0,-0.067,nan,500,fresh
128081,0,0,0,0,0,0,7,0,0,4,19,1,7,0,nan,nan,nan,nan,1.167,nan,nan,1,1,1,1.167,nan,nan,nan,nan,nan,-0.067,nan,nan,0,0,0,-0.067,nan,500,fresh
129149,0,0,0,0,0,0,7,0,0,4,19,1,7,0,nan,nan,nan,nan,1.167,nan,nan,1,1,1,1.167,nan,nan,nan,nan,nan,-0.067,nan,nan,0,0,0,-0.067,nan,500,fresh
130219,0,0,0,0,0,0,7,0,0,4,19,1,7,0,nan,nan,nan,nan,1.167,nan,nan,1,1,1,1.167,nan,nan,nan,nan,nan,-0.067,nan,nan,0,0,0,-0.067,nan,500,fresh
131289,0,0,0,0,0,0,7,0,0,4,19,1,7,0,nan,nan,nan,nan,1.167,nan,nan,1,1,1,1.167,nan,nan,nan,nan,nan,-0.067,nan,nan,0,0,0,-0.067,nan,500,fresh
132359,0,0,0,0,0,0,7,0,0,4,19,1,6,0,nan,nan,nan,nan,1.167,nan,nan,1,1,1,1,nan,nan,nan,nan,nan,-0.067,nan,nan,0,0,0,0,nan,500,fresh
133429,0,0,0,0,0,0,7,0,0,4,19,1,7,0,nan,nan,nan,nan,1.167,nan,nan,1,1,1,1.167,nan,nan,nan,nan,nan,-0.067,nan,nan,0,0,0,-0.067,nan,500,fresh
134497,0,0,0,0,0,0,7,0,0,4,19,1,7,0,nan,nan,nan,nan,1.167,nan,nan,1,1,1,1.167,nan,nan,nan,nan,nan,-0.067,nan,nan,0,0,0,-0.067,nan,500,fresh
135567,0,0,0,0,0,0,7,0,0,4,19,1,7,0,nan,nan,nan,nan,1.167,nan,nan,1,1,1,1.167,nan,nan,nan,nan,nan,-0.067,nan,nan,0,0,0,-0.067,nan,500,fresh
136637,0,0,0,0,0,0,7,0,0,4,19,1,7,0,nan,nan,nan,nan,1.167,nan,nan,1,1,1,1.167,nan,nan,nan,nan,nan,-0.067,nan,nan,0,0,0,-0.067,nan,500,fresh
137707,0,0,0,0,0,0,7,0,0,4,19,1,7,0,nan,nan,nan,nan,1.167,nan,nan,1,1,1,1.167,nan,nan,nan,nan,nan,-0.067,nan,nan,0,0,0,-0.067,nan,500,fresh
138776,0,0,0,0,0,0,7,0,0,4,19,1,7,0,nan,nan,nan,nan,1.167,nan,nan,1,1,1,1.167,nan,nan,nan,nan,nan,-0.067,nan,nan,0,0,0,-0.067,nan,500,fresh
139845,0,0,0,0,0,0,7,0,0,4,19,1,7,0,nan,nan,nan,nan,1.167,nan,nan,1,1,1,1.167,nan,nan,nan,nan,nan,-0.067,nan,nan,0,0,0,-0.067,nan,500,fresh
140915,0,0,0,0,0,0,7,0,0,4,19,1,7,0,nan,nan,nan,nan,1.167,nan,nan,1,1,1,1.167,nan,nan,nan,nan,nan,-0.067,nan,nan,0,0,0,-0.067,nan,500,fresh
141984,0,0,0,0,0,0,7,0,0,4,19,1,7,0,nan,nan,nan,nan,1.167,nan,nan,1,1,1,1.167,nan,nan,nan,nan,nan,-0.067,nan,nan,0,0,0,-0.067,nan,500,fresh
143054,0,0,0,0,0,0,7,0,0,4,19,1,7,0,nan,nan,nan,nan,1.167,nan,nan,1,1,1,1.167,nan,nan,nan,nan,nan,-0.067,nan,nan,0,0,0,-0.067,nan,500,fresh
144124,0,0,0,0,0,0,7,0,0,4,19,1,7,0,nan,nan,nan,nan,1.167,nan,nan,1,1,1,1.167,nan,nan,nan,nan,nan,-0.067,nan,nan,0,0,0,-0.067,nan,500,fresh
145194,0,0,0,0,0,0,7,0,0,4,19,1,7,0,nan,nan,nan,nan,1.167,nan,nan,1,1,1,1.167,nan,nan,nan,nan,nan,-0.067,nan,nan,0,0,0,-0.067,nan,500,fresh
146264,0,0,0,0,0,0,7,0,0,4,19,1,7,0,nan,nan,nan,nan,1.167,nan,nan,1,1,1,1.167,nan,nan,nan,nan,nan,-0.067,nan,nan,0,0,0,-0.067,nan,500,fresh
147332,0,0,0,0,0,0,7,0,0,4,19,1,7,0,nan,nan,nan,nan,1.167,nan,nan,1,1,1,1.167,nan,nan,nan,nan,nan,-0.067,nan,nan,0,0,0,-0.067,nan,500,fresh
148402,0,0,0,0,0,0,7,0,0,4,19,1,7,0,nan,nan,nan,nan,1.167,nan,nan,1,1,1,1.167,nan,nan,nan,nan,nan,-0.067,nan,nan,0,0,0,-0.067,nan,500,fresh
149471,0,0,0,0,0,0,7,0,0,4,19,1,7,0,nan,nan,nan,nan,1.167,nan,nan,1,1,1,1.167,nan,nan,nan,nan,nan,-0.067,nan,nan,0,0,0,-0.067,nan,500,fresh
150541,0,0,0,0,0,0,7,0,0,4,19,1,7,0,nan,nan,nan,nan,1.167,nan,nan,1,1,1,1.167,nan,nan,nan,nan,nan,-0.067,nan,nan,0,0,0,-0.067,nan,500,fresh
151611,0,0,0,0,0,0,7,0,0,4,19,1,7,0,nan,nan,nan,nan,1.167,nan,nan,1,1,1,1.167,nan,nan,nan,nan,nan,-0.067,nan,nan,0,0,0,-0.067,nan,500,fresh
152680,0,0,0,0,0,0,7,0,0,4,19,1,7,0,nan,nan,nan,nan,1.167,nan,nan,1,1,1,1.167,nan,nan,nan,nan,nan,-0.067,nan,nan,0,0,0,-0.067,nan,500,fresh
153750,0,0,0,0,0,0,7,0,0,4,19,1,7,0,nan,nan,nan,nan,1.167,nan,nan,1,1,1,1.167,nan,nan,nan,nan,nan,-0.067,nan,nan,0,0,0,-0.067,nan,500,fresh
154820,0,0,0,0,0,0,7,0,0,4,19,1,7,0,nan,nan,nan,nan,1.167,nan,nan,1,1,1,1.167,nan,nan,nan,nan,nan,-0.067,nan,nan,0,0,0,-0.067,nan,500,fresh
155890,0,0,0,0,0,0,7,0,0,4,19,1,7,0,nan,nan,nan,nan,1.167,nan,nan,1,1,1,1.167,nan,nan,nan,nan,nan,-0.067,nan,nan,0,0,0,-0.067,nan,500,fresh
156960,0,0,0,0,0,0,7,0,0,4,19,1,7,0,nan,nan,nan,nan,1.167,nan,nan,1,1,1,1.167,nan,nan,nan,nan,nan,-0.067,nan,nan,0,0,0,-0.067,nan,500,fresh
158030,0,0,0,0,0,0,7,0,0,4,19,1,7,0,nan,nan,nan,nan,1.167,nan,nan,1,1,1,1.167,nan,nan,nan,nan,nan,-0.067,nan,nan,0,0,0,-0.067,nan,500,fresh
159100,0,0,0,0,0,0,7,0,0,4,19,1,6,0,nan,nan,nan,nan,1.167,nan,nan,1,1,1,1,nan,nan,nan,nan,nan,-0.067,nan,nan,0,0,0,0,nan,500,fresh
160168,0,0,0,0,0,0,7,0,0,4,19,1,7,0,nan,nan,nan,nan,1.167,nan,nan,1,1,1,1.167,nan,nan,nan,nan,nan,-0.067,nan,nan,0,0,0,-0.067,nan,500,fresh
161237,0,0,0,0,0,0,7,0,0,4,19,1,7,0,nan,nan,nan,nan,1.167,nan,nan,1,1,1,1.167,nan,nan,nan,nan,nan,-0.067,nan,nan,0,0,0,-0.067,nan,500,fresh
162306,0,0,0,0,0,0,7,0,0,4,19,1,7,0,nan,nan,nan,nan,1.167,nan,nan,1,1,1,1.167,nan,nan,nan,nan,nan,-0.067,nan,nan,0,0,0,-0.067,nan,500,fresh
163376,0,0,0,0,0,0,7,0,0,4,19,1,7,0,nan,nan,nan,nan,1.167,nan,nan,1,1,1,1.167,nan,nan,nan,nan,nan,-0.067,nan,nan,0,0,0,-0.067,nan,500,fresh
164444,0,0,0,0,0,0,7,0,0,4,19,1,7,0,nan,nan,nan,nan,1.167,nan,nan,1,1,1,1.167,nan,nan,nan,nan,nan,-0.067,nan,nan,0,0,0,-0.067,nan,500,fresh
165513,0,0,0,0,0,0,7,0,0,4,19,1,7,0,nan,nan,nan,nan,1.167,nan,nan,1,1,1,1.167,nan,nan,nan,nan,nan,-0.067,nan,nan,0,0,0,-0.067,nan,500,fresh
166583,0,0,0,0,0,0,7,0,0,4,19,1,7,0,nan,nan,nan,nan,1.167,nan,nan,1,1,1,1.167,nan,nan,nan,nan,nan,-0.067,nan,nan,0,0,0,-0.067,nan,500,fresh
167652,0,0,0,0,0,0,7,0,0,4,19,1,7,0,nan,nan,nan,nan,1.167,nan,nan,1,1,1,1.167,nan,nan,nan,nan,nan,-0.067,nan,nan,0,0,0,-0.067,nan,500,fresh
168722,0,0,0,0,0,0,7,0,0,4,19,1,7,0,nan,nan,nan,nan,1.167,nan,nan,1,1,1,1.167,nan,nan,nan,nan,nan,-0.067,nan,nan,0,0,0,-0.067,nan,500,fresh
169792,0,0,0,0,0,0,7,0,0,4,19,1,7,0,nan,nan,nan,nan,1.167,nan,nan,1,1,1,1.167,nan,nan,nan,nan,nan,-0.067,nan,nan,0,0,0,-0.067,nan,500,fresh
170862,0,0,0,0,0,0,7,0,0,4,19,1,7,0,nan,nan,nan,nan,1.167,nan,nan,1,1,1,1.167,nan,nan,nan,nan,nan,-0.067,nan,nan,0,0,0,-0.067,nan,500,fresh
171932,0,0,0,0,0,0,6,0,0,4,19,1,7,0,nan,nan,nan,nan,1,nan,nan,1,1,1,1.167,nan,nan,nan,nan,nan,0,nan,nan,0,0,0,-0.067,nan,500,fresh
173002,0,0,0,0,0,0,7,0,0,4,19,1,7,0,nan,nan,nan,nan,1.167,nan,nan,1,1,1,1.167,nan,nan,nan,nan,nan,-0.067,nan,nan,0,0,0,-0.067,nan,500,fresh
174072,0,0,0,0,0,0,7,0,0,4,19,1,7,0,nan,nan,nan,nan,1.167,nan,nan,1,1,1,1.167,nan,nan,nan,nan,nan,-0.067,nan,nan,0,0,0,-0.067,nan,500,fresh
175140,0,0,0,0,0,0,6,0,0,4,19,1,7,0,nan,nan,nan,nan,1,nan,nan,1,1,1,1.167,nan,nan,nan,nan,nan,0,nan,nan,0,0,0,-0.067,nan,500,fresh
176210,0,0,0,0,0,0,7,0,0,4,19,1,7,0,nan,nan,nan,nan,1.167,nan,nan,1,1,1,1.167,nan,nan,nan,nan,nan,-0.067,nan,nan,0,0,0,-0.067,nan,500,fresh
177280,0,0,0,0,0,0,7,0,0,4,19,1,7,0,nan,nan,nan,nan,1.167,nan,nan,1,1,1,1.167,nan,nan,nan,nan,nan,-0.067,nan,nan,0,0,0,-0.067,nan,500,fresh
178350,0,0,0,0,0,0,6,0,0,4,19,1,7,0,nan,nan,nan,nan,1,nan,nan,1,1,1,1.167,nan,nan,nan,nan,nan,0,nan,nan,0,0,0,-0.067,nan,500,fresh
179419,0,0,0,0,0,0,7,0,0,4,19,1,7,0,nan,nan,nan,nan,1.167,nan,nan,1,1,1,1.167,nan,nan,nan,nan,nan,-0.067,nan,nan,0,0,0,-0.067,nan,500,fresh
180488,0,0,0,0,0,0,7,0,0,4,19,1,7,0,nan,nan,nan,nan,1.167,nan,nan,1,1,1,1.167,nan,nan,nan,nan,nan,-0.067,nan,nan,0,0,0,-0.067,nan,500,fresh
181557,0,0,0,0,0,0,7,0,0,4,19,1,7,0,nan,nan,nan,nan,1.167,nan,nan,1,1,1,1.167,nan,nan,nan,nan,nan,-0.067,nan,nan,0,0,0,-0.067,nan,500,fresh
182627,0,0,0,0,0,0,7,0,0,4,19,1,7,0,nan,nan,nan,nan,1.167,nan,nan,1,1,1,1.167,nan,nan,nan,nan,nan,-0.067,nan,nan,0,0,0,-0.067,nan,500,fresh
183697,0,0,0,0,0,0,7,0,0,4,19,1,7,0,nan,nan,nan,nan,1.167,nan,nan,1,1,1,1.167,nan,nan,nan,nan,nan,-0.067,nan,nan,0,0,0,-0.067,nan,500,fresh
184766,0,0,0,0,0,0,7,0,0,4,19,1,7,0,nan,nan,nan,nan,1.167,nan,nan,1,1,1,1.167,nan,nan,nan,nan,nan,-0.067,nan,nan,0,0,0,-0.067,nan,500,fresh
185836,0,0,0,0,0,0,7,0,0,4,19,1,7,0,nan,nan,nan,nan,1.167,nan,nan,1,1,1,1.167,nan,nan,nan,nan,nan,-0.067,nan,nan,0,0,0,-0.067,nan,500,fresh
186906,0,0,0,0,0,0,7,0,0,4,19,1,7,0,nan,nan,nan,nan,1.167,nan,nan,1,1,1,1.167,nan,nan,nan,nan,nan,-0.067,nan,nan,0,0,0,-0.067,nan,500,fresh
187976,0,0,0,0,0,0,7,0,0,4,19,1,6,0,nan,nan,nan,nan,1.167,nan,nan,1,1,1,1,nan,nan,nan,nan,nan,-0.067,nan,nan,0,0,0,0,nan,500,fresh
189046,0,0,0,0,0,0,7,0,0,4,19,1,6,0,nan,nan,nan,nan,1.167,nan,nan,1,1,1,1,nan,nan,nan,nan,nan,-0.067,nan,nan,0,0,0,0,nan,500,fresh
190115,0,0,0,0,0,0,6,0,0,4,19,1,7,0,nan,nan,nan,nan,1,nan,nan,1,1,1,1.167,nan,nan,nan,nan,nan,0,nan,nan,0,0,0,-0.067,nan,500,fresh
191185,0,0,0,0,0,0,7,0,0,4,19,1,6,0,nan,nan,nan,nan,1.167,nan,nan,1,1,1,1,nan,nan,nan,nan,nan,-0.067,nan,nan,0,0,0,0,nan,500,fresh
192255,0,0,0,0,0,0,7,0,0,4,19,1,7,0,nan,nan,nan,nan,1.167,nan,nan,1,1,1,1.167,nan,nan,nan,nan,nan,-0.067,nan,nan,0,0,0,-0.067,nan,500,fresh
193324,0,0,0,0,0,0,7,0,0,4,19,1,7,0,nan,nan,nan,nan,1.167,nan,nan,1,1,1,1.167,nan,nan,nan,nan,nan,-0.067,nan,nan,0,0,0,-0.067,nan,500,fresh
194394,0,0,0,0,0,0,7,0,0,4,19,1,7,0,nan,nan,nan,nan,1.167,nan,nan,1,1,1,1.167,nan,nan,nan,nan,nan,-0.067,nan,nan,0,0,0,-0.067,nan,500,fresh
195464,0,0,0,0,0,0,7,0,0,4,19,1,7,0,nan,nan,nan,nan,1.167,nan,nan,1,1,1,1.167,nan,nan,nan,nan,nan,-0.067,nan,nan,0,0,0,-0.067,nan,500,fresh
196534,0,0,0,0,0,0,7,0,0,4,19,1,7,0,nan,nan,nan,nan,1.167,nan,nan,1,1,1,1.167,nan,nan,nan,nan,nan,-0.067,nan,nan,0,0,0,-0.067,nan,500,fresh
197604,0,0,0,0,0,0,7,0,0,4,19,1,7,0,nan,nan,nan,nan,1.167,nan,nan,1,1,1,1.167,nan,nan,nan,nan,nan,-0.067,nan,nan,0,0,0,-0.067,nan,500,fresh
198673,0,0,0,0,0,0,7,0,0,4,19,1,7,0,nan,nan,nan,nan,1.167,nan,nan,1,1,1,1.167,nan,nan,nan,nan,nan,-0.067,nan,nan,0,0,0,-0.067,nan,500,fresh
199741,0,0,0,0,0,0,6,0,0,4,19,1,7,0,nan,nan,nan,nan,1,nan,nan,1,1,1,1.167,nan,nan,nan,nan,nan,0,nan,nan,0,0,0,-0.067,nan,500,fresh
200810,0,0,0,0,0,0,7,0,0,4,19,1,7,0,nan,nan,nan,nan,1.167,nan,nan,1,1,1,1.167,nan,nan,nan,nan,nan,-0.067,nan,nan,0,0,0,-0.067,nan,500,fresh
201880,0,0,0,0,0,0,7,0,0,4,19,1,7,0,nan,nan,nan,nan,1.167,nan,nan,1,1,1,1.167,nan,nan,nan,nan,nan,-0.067,nan,nan,0,0,0,-0.067,nan,500,fresh
202950,0,0,0,0,0,0,7,0,0,4,19,1,7,0,nan,nan,nan,nan,1.167,nan,nan,1,1,1,1.167,nan,nan,nan,nan,nan,-0.067,nan,nan,0,0,0,-0.067,nan,500,fresh
204019,0,0,0,0,0,0,7,0,0,4,19,1,7,0,nan,nan,nan,nan,1.167,nan,nan,1,1,1,1.167,nan,nan,nan,nan,nan,-0.067,nan,nan,0,0,0,-0.067,nan,500,fresh
205089,0,0,0,0,0,0,7,0,0,4,19,1,6,0,nan,nan,nan,nan,1.167,nan,nan,1,1,1,1,nan,nan,nan,nan,nan,-0.067,nan,nan,0,0,0,0,nan,500,fresh
206159,0,0,0,0,0,0,7,0,0,4,19,1,7,0,nan,nan,nan,nan,1.167,nan,nan,1,1,1,1.167,nan,nan,nan,nan,nan,-0.067,nan,nan,0,0,0,-0.067,nan,500,fresh
207228,0,0,0,0,0,0,7,0,0,4,19,1,7,0,nan,nan,nan,nan,1.167,nan,nan,1,1,1,1.167,nan,nan,nan,nan,nan,-0.067,nan,nan,0,0,0,-0.067,nan,500,fresh
208298,0,0,0,0,0,0,7,0,0,4,19,1,6,0,nan,nan,nan,nan,1.167,nan,nan,1,1,1,1,nan,nan,nan,nan,nan,-0.067,nan,nan,0,0,0,0,nan,500,fresh
209368,0,0,0,0,0,0,7,0,0,4,19,1,7,0,nan,nan,nan,nan,1.167,nan,nan,1,1,1,1.167,nan,nan,nan,nan,nan,-0.067,nan,nan,0,0,0,-0.067,nan,500,fresh
210437,0,0,0,0,0,0,7,0,0,4,19,1,7,0,nan,nan,nan,nan,1.167,nan,nan,1,1,1,1.167,nan,nan,nan,nan,nan,-0.067,nan,nan,0,0,0,-0.067,nan,500,fresh
211507,0,0,0,0,0,0,6,0,0,4,19,1,7,0,nan,nan,nan,nan,1,nan,nan,1,1,1,1.167,nan,nan,nan,nan,nan,0,nan,nan,0,0,0,-0.067,nan,500,fresh
212576,0,0,0,0,0,0,6,0,0,4,19,1,7,0,nan,nan,nan,nan,1,nan,nan,1,1,1,1.167,nan,nan,nan,nan,nan,0,nan,nan,0,0,0,-0.067,nan,500,fresh
213644,0,0,0,0,0,0,7,0,0,4,19,1,6,0,nan,nan,nan,nan,1.167,nan,nan,1,1,1,1,nan,nan,nan,nan,nan,-0.067,nan,nan,0,0,0,0,nan,500,fresh
214713,0,0,0,0,0,0,7,0,0,4,19,1,7,0,nan,nan,nan,nan,1.167,nan,nan,1,1,1,1.167,nan,nan,nan,nan,nan,-0.067,nan,nan,0,0,0,-0.067,nan,500,fresh
215783,0,0,0,0,0,0,7,0,0,4,19,1,7,0,nan,nan,nan,nan,1.167,nan,nan,1,1,1,1.167,nan,nan,nan,nan,nan,-0.067,nan,nan,0,0,0,-0.067,nan,500,fresh
216853,0,0,0,0,0,0,7,0,0,4,19,1,7,0,nan,nan,nan,nan,1.167,nan,nan,1,1,1,1.167,nan,nan,nan,nan,nan,-0.067,nan,nan,0,0,0,-0.067,nan,500,fresh
217921,0,0,0,0,0,0,7,0,0,4,19,1,6,0,nan,nan,nan,nan,1.167,nan,nan,1,1,1,1,nan,nan,nan,nan,nan,-0.067,nan,nan,0,0,0,0,nan,500,fresh
218990,0,0,0,0,0,0,7,0,0,4,19,1,7,0,nan,nan,nan,nan,1.167,nan,nan,1,1,1,1.167,nan,nan,nan,nan,nan,-0.067,nan,nan,0,0,0,-0.067,nan,500,fresh
220060,0,0,0,0,0,0,6,0,0,4,19,1,7,0,nan,nan,nan,nan,1,nan,nan,1,1,1,1.167,nan,nan,nan,nan,nan,0,nan,nan,0,0,0,-0.067,nan,500,fresh
221130,0,0,0,0,0,0,7,0,0,4,19,1,7,0,nan,nan,nan,nan,1.167,nan,nan,1,1,1,1.167,nan,nan,nan,nan,nan,-0.067,nan,nan,0,0,0,-0.067,nan,500,fresh
222198,0,0,0,0,0,0,7,0,0,4,19,1,7,0,nan,nan,nan,nan,1.167,nan,nan,1,1,1,1.167,nan,nan,nan,nan,nan,-0.067,nan,nan,0,0,0,-0.067,nan,500,fresh
223267,0,0,0,0,0,0,7,0,0,4,19,1,7,0,nan,nan,nan,nan,1.167,nan,nan,1,1,1,1.167,nan,nan,nan,nan,nan,-0.067,nan,nan,0,0,0,-0.067,nan,500,fresh
224337,0,0,0,0,0,0,6,0,0,4,19,1,7,0,nan,nan,nan,nan,1,nan,nan,1,1,1,1.167,nan,nan,nan,nan,nan,0,nan,nan,0,0,0,-0.067,nan,500,fresh
225406,0,0,0,0,0,0,6,0,0,4,19,1,7,0,nan,nan,nan,nan,1,nan,nan,1,1,1,1.167,nan,nan,nan,nan,nan,0,nan,nan,0,0,0,-0.067,nan,500,fresh
226475,0,0,0,0,0,0,7,0,0,4,19,1,7,0,nan,nan,nan,nan,1.167,nan,nan,1,1,1,1.167,nan,nan,nan,nan,nan,-0.067,nan,nan,0,0,0,-0.067,nan,500,fresh
227544,0,0,0,0,0,0,6,0,0,4,19,1,7,0,nan,nan,nan,nan,1,nan,nan,1,1,1,1.167,nan,nan,nan,nan,nan,0,nan,nan,0,0,0,-0.067,nan,500,fresh
228614,0,0,0,0,0,0,7,0,0,4,19,1,7,0,nan,nan,nan,nan,1.167,nan,nan,1,1,1,1.167,nan,nan,nan,nan,nan,-0.067,nan,nan,0,0,0,-0.067,nan,500,fresh
229683,0,0,0,0,0,0,7,0,0,3,19,1,7,0,nan,nan,nan,nan,1.167,nan,nan,0.75,1,1,1.167,nan,nan,nan,nan,nan,-0.067,nan,nan,0.125,0,0,-0.067,nan,500,fresh
230752,0,0,0,0,0,0,6,0,0,4,19,1,6,0,nan,nan,nan,nan,1,nan,nan,1,1,1,1,nan,nan,nan,nan,nan,0,nan,nan,0,0,0,0,nan,500,fresh
231822,0,0,0,0,0,0,7,0,0,4,19,1,7,0,nan,nan,nan,nan,1.167,nan,nan,1,1,1,1.167,nan,nan,nan,nan,nan,-0.067,nan,nan,0,0,0,-0.067,nan,500,fresh
232892,0,0,0,0,0,0,7,0,0,4,19,1,7,0,nan,nan,nan,nan,1.167,nan,nan,1,1,1,1.167,nan,nan,nan,nan,nan,-0.067,nan,nan,0,0,0,-0.067,nan,500,fresh
233962,0,0,0,0,0,0,6,0,0,4,19,1,7,0,nan,nan,nan,nan,1,nan,nan,1,1,1,1.167,nan,nan,nan,nan,nan,0,nan,nan,0,0,0,-0.067,nan,500,fresh
235031,0,0,0,0,0,0,6,0,0,4,19,1,7,0,nan,nan,nan,nan,1,nan,nan,1,1,1,1.167,nan,nan,nan,nan,nan,0,nan,nan,0,0,0,-0.067,nan,500,fresh
236100,0,0,0,0,0,0,7,0,0,4,19,1,6,0,nan,nan,nan,nan,1.167,nan,nan,1,1,1,1,nan,nan,nan,nan,nan,-0.067,nan,nan,0,0,0,0,nan,500,fresh
237170,0,0,0,0,0,0,7,0,0,4,19,1,7,0,nan,nan,nan,nan,1.167,nan,nan,1,1,1,1.167,nan,nan,nan,nan,nan,-0.067,nan,nan,0,0,0,-0.067,nan,500,fresh
238240,0,0,0,0,0,0,7,0,0,4,19,1,7,0,nan,nan,nan,nan,1.167,nan,nan,1,1,1,1.167,nan,nan,nan,nan,nan,-0.067,nan,nan,0,0,0,-0.067,nan,500,fresh
239309,0,0,0,0,0,0,7,0,0,4,19,1,6,0,nan,nan,nan,nan,1.167,nan,nan,1,1,1,1,nan,nan,nan,nan,nan,-0.067,nan,nan,0,0,0,0,nan,500,fresh
240379,0,0,0,0,0,0,7,0,0,4,19,1,7,0,nan,nan,nan,nan,1.167,nan,nan,1,1,1,1.167,nan,nan,nan,nan,nan,-0.067,nan,nan,0,0,0,-0.067,nan,500,fresh
241449,0,0,0,0,0,0,7,0,0,4,19,1,6,0,nan,nan,nan,nan,1.167,nan,nan,1,1,1,1,nan,nan,nan,nan,nan,-0.067,nan,nan,0,0,0,0,nan,500,fresh
242519,0,0,0,0,0,0,7,0,0,4,19,1,7,0,nan,nan,nan,nan,1.167,nan,nan,1,1,1,1.167,nan,nan,nan,nan,nan,-0.067,nan,nan,0,0,0,-0.067,nan,500,fresh
243588,0,0,0,0,0,0,7,0,0,4,19,1,6,0,nan,nan,nan,nan,1.167,nan,nan,1,1,1,1,nan,nan,nan,nan,nan,-0.067,nan,nan,0,0,0,0,nan,500,fresh
244657,0,0,0,0,0,0,7,0,0,4,19,1,7,0,nan,nan,nan,nan,1.167,nan,nan,1,1,1,1.167,nan,nan,nan,nan,nan,-0.067,nan,nan,0,0,0,-0.067,nan,500,fresh
245727,0,0,0,0,0,0,7,0,0,4,19,1,7,0,nan,nan,nan,nan,1.167,nan,nan,1,1,1,1.167,nan,nan,nan,nan,nan,-0.067,nan,nan,0,0,0,-0.067,nan,500,fresh
246795,0,0,0,0,0,0,7,0,0,4,19,1,7,0,nan,nan,nan,nan,1.167,nan,nan,1,1,1,1.167,nan,nan,nan,nan,nan,-0.067,nan,nan,0,0,0,-0.067,nan,500,fresh
247864,0,0,0,0,0,0,7,0,0,4,19,1,7,0,nan,nan,nan,nan,1.167,nan,nan,1,1,1,1.167,nan,nan,nan,nan,nan,-0.067,nan,nan,0,0,0,-0.067,nan,500,fresh
248934,0,0,0,0,0,0,7,0,0,4,19,1,7,0,nan,nan,nan,nan,1.167,nan,nan,1,1,1,1.167,nan,nan,nan,nan,nan,-0.067,nan,nan,0,0,0,-0.067,nan,500,fresh
250004,0,0,0,0,0,0,6,0,0,4,19,1,7,0,nan,nan,nan,nan,1,nan,nan,1,1,1,1.167,nan,nan,nan,nan,nan,0,nan,nan,0,0,0,-0.067,nan,500,fresh
251073,0,0,0,0,0,0,7,0,0,4,19,1,7,0,nan,nan,nan,nan,1.167,nan,nan,1,1,1,1.167,nan,nan,nan,nan,nan,-0.067,nan,nan,0,0,0,-0.067,nan,500,fresh
252142,0,0,0,0,0,0,7,0,0,4,19,1,7,0,nan,nan,nan,nan,1.167,nan,nan,1,1,1,1.167,nan,nan,nan,nan,nan,-0.067,nan,nan,0,0,0,-0.067,nan,500,fresh
253212,0,0,0,0,0,0,7,0,0,4,19,1,7,0,nan,nan,nan,nan,1.167,nan,nan,1,1,1,1.167,nan,nan,nan,nan,nan,-0.067,nan,nan,0,0,0,-0.067,nan,500,fresh
254280,0,0,0,0,0,0,7,0,0,4,19,1,6,0,nan,nan,nan,nan,1.167,nan,nan,1,1,1,1,nan,nan,nan,nan,nan,-0.067,nan,nan,0,0,0,0,nan,500,fresh
255350,0,0,0,0,0,0,7,0,0,4,19,1,7,0,nan,nan,nan,nan,1.167,nan,nan,1,1,1,1.167,nan,nan,nan,nan,nan,-0.067,nan,nan,0,0,0,-0.067,nan,500,fresh
256419,0,0,0,0,0,0,7,0,0,4,19,1,7,0,nan,nan,nan,nan,1.167,nan,nan,1,1,1,1.167,nan,nan,nan,nan,nan,-0.067,nan,nan,0,0,0,-0.067,nan,500,fresh
257489,0,0,0,0,0,0,7,0,0,4,19,1,7,0,nan,nan,nan,nan,1.167,nan,nan,1,1,1,1.167,nan,nan,nan,nan,nan,-0.067,nan,nan,0,0,0,-0.067,nan,500,fresh
258559,0,0,0,0,0,0,7,0,0,4,19,1,7,0,nan,nan,nan,nan,1.167,nan,nan,1,1,1,1.167,nan,nan,nan,nan,nan,-0.067,nan,nan,0,0,0,-0.067,nan,500,fresh
259627,0,0,0,0,0,0,7,0,0,4,19,1,7,0,nan,nan,nan,nan,1.167,nan,nan,1,1,1,1.167,nan,nan,nan,nan,nan,-0.067,nan,nan,0,0,0,-0.067,nan,500,fresh
260695,0,0,0,0,0,0,7,0,0,4,19,1,7,0,nan,nan,nan,nan,1.167,nan,nan,1,1,1,1.167,nan,nan,nan,nan,nan,-0.067,nan,nan,0,0,0,-0.067,nan,500,fresh
261765,0,0,0,0,0,0,7,0,0,4,19,1,7,0,nan,nan,nan,nan,1.167,nan,nan,1,1,1,1.167,nan,nan,nan,nan,nan,-0.067,nan,nan,0,0,0,-0.067,nan,500,fresh
262834,0,0,0,0,0,0,7,0,0,4,19,1,7,0,nan,nan,nan,nan,1.167,nan,nan,1,1,1,1.167,nan,nan,nan,nan,nan,-0.067,nan,nan,0,0,0,-0.067,nan,500,fresh
263904,0,0,0,0,0,0,7,0,0,4,19,1,7,0,nan,nan,nan,nan,1.167,nan,nan,1,1,1,1.167,nan,nan,nan,nan,nan,-0.067,nan,nan,0,0,0,-0.067,nan,500,fresh
264974,0,0,0,0,0,0,6,0,0,4,19,1,6,0,nan,nan,nan,nan,1,nan,nan,1,1,1,1,nan,nan,nan,nan,nan,0,nan,nan,0,0,0,0,nan,500,fresh
266042,0,0,0,0,0,0,7,0,0,4,19,1,7,0,nan,nan,nan,nan,1.167,nan,nan,1,1,1,1.167,nan,nan,nan,nan,nan,-0.067,nan,nan,0,0,0,-0.067,nan,500,fresh
267111,0,0,0,0,0,0,7,0,0,4,19,1,7,0,nan,nan,nan,nan,1.167,nan,nan,1,1,1,1.167,nan,nan,nan,nan,nan,-0.067,nan,nan,0,0,0,-0.067,nan,500,fresh
268181,0,0,0,0,0,0,7,0,0,4,19,1,7,0,nan,nan,nan,nan,1.167,nan,nan,1,1,1,1.167,nan,nan,nan,nan,nan,-0.067,nan,nan,0,0,0,-0.067,nan,500,fresh
269251,0,0,0,0,0,0,7,0,0,4,19,1,7,0,nan,nan,nan,nan,1.167,nan,nan,1,1,1,1.167,nan,nan,nan,nan,nan,-0.067,nan,nan,0,0,0,-0.067,nan,500,fresh
270321,0,0,0,0,0,0,6,0,0,4,19,1,7,0,nan,nan,nan,nan,1,nan,nan,1,1,1,1.167,nan,nan,nan,nan,nan,0,nan,nan,0,0,0,-0.067,nan,500,fresh
271390,0,0,0,0,0,0,7,0,0,4,19,1,7,0,nan,nan,nan,nan,1.167,nan,nan,1,1,1,1.167,nan,nan,nan,nan,nan,-0.067,nan,nan,0,0,0,-0.067,nan,500,fresh
272459,0,0,0,0,0,0,7,0,0,4,19,1,6,0,nan,nan,nan,nan,1.167,nan,nan,1,1,1,1,nan,nan,nan,nan,nan,-0.067,nan,nan,0,0,0,0,nan,500,fresh
273528,0,0,0,0,0,0,7,0,0,4,19,1,6,0,nan,nan,nan,nan,1.167,nan,nan,1,1,1,1,nan,nan,nan,nan,nan,-0.067,nan,nan,0,0,0,0,nan,500,fresh
274597,0,0,0,0,0,0,7,0,0,4,19,1,7,0,nan,nan,nan,nan,1.167,nan,nan,1,1,1,1.167,nan,nan,nan,nan,nan,-0.067,nan,nan,0,0,0,-0.067,nan,500,fresh
275667,0,0,0,0,0,0,7,0,0,4,19,1,7,0,nan,nan,nan,nan,1.167,nan,nan,1,1,1,1.167,nan,nan,nan,nan,nan,-0.067,nan,nan,0,0,0,-0.067,nan,500,fresh
276737,0,0,0,0,0,0,6,0,0,4,19,1,7,0,nan,nan,nan,nan,1,nan,nan,1,1,1,1.167,nan,nan,nan,nan,nan,0,nan,nan,0,0,0,-0.067,nan,500,fresh
277806,0,0,0,0,0,0,7,0,0,4,19,1,7,0,nan,nan,nan,nan,1.167,nan,nan,1,1,1,1.167,nan,nan,nan,nan,nan,-0.067,nan,nan,0,0,0,-0.067,nan,500,fresh
278875,0,0,0,0,0,0,6,0,0,4,19,1,6,0,nan,nan,nan,nan,1,nan,nan,1,1,1,1,nan,nan,nan,nan,nan,0,nan,nan,0,0,0,0,nan,500,fresh
279945,0,0,0,0,0,0,7,0,0,4,19,1,7,0,nan,nan,nan,nan,1.167,nan,nan,1,1,1,1.167,nan,nan,nan,nan,nan,-0.067,nan,nan,0,0,0,-0.067,nan,500,fresh
281015,0,0,0,0,0,0,6,0,0,4,19,1,7,0,nan,nan,nan,nan,1,nan,nan,1,1,1,1.167,nan,nan,nan,nan,nan,0,nan,nan,0,0,0,-0.067,nan,500,fresh
282084,0,0,0,0,0,0,7,0,0,4,19,1,7,0,nan,nan,nan,nan,1.167,nan,nan,1,1,1,1.167,nan,nan,nan,nan,nan,-0.067,nan,nan,0,0,0,-0.067,nan,500,fresh
283153,0,0,0,0,0,0,7,0,0,4,19,1,7,0,nan,nan,nan,nan,1.167,nan,nan,1,1,1,1.167,nan,nan,nan,nan,nan,-0.067,nan,nan,0,0,0,-0.067,nan,500,fresh
284222,0,0,0,0,0,0,6,0,0,4,19,1,7,0,nan,nan,nan,nan,1,nan,nan,1,1,1,1.167,nan,nan,nan,nan,nan,0,nan,nan,0,0,0,-0.067,nan,500,fresh
285292,0,0,0,0,0,0,7,0,0,4,19,1,7,0,nan,nan,nan,nan,1.167,nan,nan,1,1,1,1.167,nan,nan,nan,nan,nan,-0.067,nan,nan,0,0,0,-0.067,nan,500,fresh
286361,0,0,0,0,0,0,7,0,0,4,19,1,7,0,nan,nan,nan,nan,1.167,nan,nan,1,1,1,1.167,nan,nan,nan,nan,nan,-0.067,nan,nan,0,0,0,-0.067,nan,500,fresh
287430,0,0,0,0,0,0,7,0,0,4,19,1,7,0,nan,nan,nan,nan,1.167,nan,nan,1,1,1,1.167,nan,nan,nan,nan,nan,-0.067,nan,nan,0,0,0,-0.067,nan,500,fresh
288499,0,0,0,0,0,0,6,0,0,4,19,1,7,0,nan,nan,nan,nan,1,nan,nan,1,1,1,1.167,nan,nan,nan,nan,nan,0,nan,nan,0,0,0,-0.067,nan,500,fresh
289569,0,0,0,0,0,0,7,0,0,4,19,1,7,0,nan,nan,nan,nan,1.167,nan,nan,1,1,1,1.167,nan,nan,nan,nan,nan,-0.067,nan,nan,0,0,0,-0.067,nan,500,fresh
290639,0,0,0,0,0,0,7,0,0,4,19,1,7,0,nan,nan,nan,nan,1.167,nan,nan,1,1,1,1.167,nan,nan,nan,nan,nan,-0.067,nan,nan,0,0,0,-0.067,nan,500,fresh
291709,0,0,0,0,0,0,6,0,0,4,19,1,7,0,nan,nan,nan,nan,1,nan,nan,1,1,1,1.167,nan,nan,nan,nan,nan,0,nan,nan,0,0,0,-0.067,nan,500,fresh
292779,0,0,0,0,0,0,7,0,0,4,19,1,7,0,nan,nan,nan,nan,1.167,nan,nan,1,1,1,1.167,nan,nan,nan,nan,nan,-0.067,nan,nan,0,0,0,-0.067,nan,500,fresh
293848,0,0,0,0,0,0,7,0,0,4,19,1,7,0,nan,nan,nan,nan,1.167,nan,nan,1,1,1,1.167,nan,nan,nan,nan,nan,-0.067,nan,nan,0,0,0,-0.067,nan,500,fresh
294918,0,0,0,0,0,0,7,0,0,4,19,1,7,0,nan,nan,nan,nan,1.167,nan,nan,1,1,1,1.167,nan,nan,nan,nan,nan,-0.067,nan,nan,0,0,0,-0.067,nan,500,fresh
295987,0,0,0,0,0,0,6,0,0,4,19,1,7,0,nan,nan,nan,nan,1,nan,nan,1,1,1,1.167,nan,nan,nan,nan,nan,0,nan,nan,0,0,0,-0.067,nan,500,fresh
297057,0,0,0,0,0,0,7,0,0,4,19,1,6,0,nan,nan,nan,nan,1.167,nan,nan,1,1,1,1,nan,nan,nan,nan,nan,-0.067,nan,nan,0,0,0,0,nan,500,fresh
298126,0,0,0,0,0,0,7,0,0,4,19,1,6,0,nan,nan,nan,nan,1.167,nan,nan,1,1,1,1,nan,nan,nan,nan,nan,-0.067,nan,nan,0,0,0,0,nan,500,fresh
299195,0,0,0,0,0,0,7,0,0,4,19,1,7,0,nan,nan,nan,nan,1.167,nan,nan,1,1,1,1.167,nan,nan,nan,nan,nan,-0.067,nan,nan,0,0,0,-0.067,nan,500,fresh
300265,0,0,0,0,0,0,7,0,0,4,19,1,6,0,nan,nan,nan,nan,1.167,nan,nan,1,1,1,1,nan,nan,nan,nan,nan,-0.067,nan,nan,0,0,0,0,nan,500,fresh
301335,0,0,0,0,0,0,7,0,0,4,19,1,7,0,nan,nan,nan,nan,1.167,nan,nan,1,1,1,1.167,nan,nan,nan,nan,nan,-0.067,nan,nan,0,0,0,-0.067,nan,500,fresh
302405,0,0,0,0,0,0,7,0,0,4,19,1,7,0,nan,nan,nan,nan,1.167,nan,nan,1,1,1,1.167,nan,nan,nan,nan,nan,-0.067,nan,nan,0,0,0,-0.067,nan,500,fresh
303475,0,0,0,0,0,0,7,0,0,4,19,1,7,0,nan,nan,nan,nan,1.167,nan,nan,1,1,1,1.167,nan,nan,nan,nan,nan,-0.067,nan,nan,0,0,0,-0.067,nan,500,fresh
304544,0,0,0,0,0,0,6,0,0,4,19,1,7,0,nan,nan,nan,nan,1,nan,nan,1,1,1,1.167,nan,nan,nan,nan,nan,0,nan,nan,0,0,0,-0.067,nan,500,fresh
305613,0,0,0,0,0,0,6,0,0,4,19,1,7,0,nan,nan,nan,nan,1,nan,nan,1,1,1,1.167,nan,nan,nan,nan,nan,0,nan,nan,0,0,0,-0.067,nan,500,fresh
306683,0,0,0,0,0,0,7,0,0,4,19,1,7,0,nan,nan,nan,nan,1.167,nan,nan,1,1,1,1.167,nan,nan,nan,nan,nan,-0.067,nan,nan,0,0,0,-0.067,nan,500,fresh
307752,0,0,0,0,0,0,7,0,0,3,19,1,7,0,nan,nan,nan,nan,1.167,nan,nan,0.75,1,1,1.167,nan,nan,nan,nan,nan,-0.067,nan,nan,0.125,0,0,-0.067,nan,500,fresh
308821,0,0,0,0,0,0,7,0,0,4,19,1,7,0,nan,nan,nan,nan,1.167,nan,nan,1,1,1,1.167,nan,nan,nan,nan,nan,-0.067,nan,nan,0,0,0,-0.067,nan,500,fresh
309891,0,0,0,0,0,0,7,0,0,4,19,1,6,0,nan,nan,nan,nan,1.167,nan,nan,1,1,1,1,nan,nan,nan,nan,nan,-0.067,nan,nan,0,0,0,0,nan,500,fresh
310960,0,0,0,0,0,0,7,0,0,4,19,1,7,0,nan,nan,nan,nan,1.167,nan,nan,1,1,1,1.167,nan,nan,nan,nan,nan,-0.067,nan,nan,0,0,0,-0.067,nan,500,fresh
312029,0,0,0,0,0,0,7,0,0,4,19,1,6,0,nan,nan,nan,nan,1.167,nan,nan,1,1,1,1,nan,nan,nan,nan,nan,-0.067,nan,nan,0,0,0,0,nan,500,fresh
313098,0,0,0,0,0,0,7,0,0,4,19,1,7,0,nan,nan,nan,nan,1.167,nan,nan,1,1,1,1.167,nan,nan,nan,nan,nan,-0.067,nan,nan,0,0,0,-0.067,nan,500,fresh
323795,0,0,0,0,0,0,7,0,0,4,19,1,7,0,nan,nan,nan,nan,1.167,nan,nan,1,1,1,1.167,nan,nan,nan,nan,nan,-0.067,nan,nan,0,0,0,-0.067,nan,500,fresh
324865,0,0,0,0,0,0,7,0,0,4,19,1,7,0,nan,nan,nan,nan,1.167,nan,nan,1,1,1,1.167,nan,nan,nan,nan,nan,-0.067,nan,nan,0,0,0,-0.067,nan,500,fresh
325934,0,0,0,0,0,0,7,0,0,4,19,1,7,0,nan,nan,nan,nan,1.167,nan,nan,1,1,1,1.167,nan,nan,nan,nan,nan,-0.067,nan,nan,0,0,0,-0.067,nan,500,fresh
327004,0,0,0,0,0,0,7,0,0,4,19,1,7,0,nan,nan,nan,nan,1.167,nan,nan,1,1,1,1.167,nan,nan,nan,nan,nan,-0.067,nan,nan,0,0,0,-0.067,nan,500,fresh
347322,0,0,0,0,0,0,7,0,0,4,20,1,7,0,nan,nan,nan,nan,1.167,nan,nan,1,1.053,1,1.167,nan,nan,nan,nan,nan,-0.067,nan,nan,0,-0.022,0,-0.067,nan,500,fresh
348392,0,0,0,0,0,0,7,0,0,4,20,1,7,0,nan,nan,nan,nan,1.167,nan,nan,1,1.053,1,1.167,nan,nan,nan,nan,nan,-0.067,nan,nan,0,-0.022,0,-0.067,nan,500,fresh
349461,0,0,0,0,0,0,7,0,0,4,19,1,7,0,nan,nan,nan,nan,1.167,nan,nan,1,1,1,1.167,nan,nan,nan,nan,nan,-0.067,nan,nan,0,0,0,-0.067,nan,500,fresh
350530,0,0,0,0,0,0,7,0,0,4,20,1,7,0,nan,nan,nan,nan,1.167,nan,nan,1,1.053,1,1.167,nan,nan,nan,nan,nan,-0.067,nan,nan,0,-0.022,0,-0.067,nan,500,fresh
351600,0,0,0,0,0,0,7,0,0,4,20,1,7,0,nan,nan,nan,nan,1.167,nan,nan,1,1.053,1,1.167,nan,nan,nan,nan,nan,-0.067,nan,nan,0,-0.022,0,-0.067,nan,500,fresh
352669,0,0,0,0,0,0,7,0,0,4,20,1,7,0,nan,nan,nan,nan,1.167,nan,nan,1,1.053,1,1.167,nan,nan,nan,nan,nan,-0.067,nan,nan,0,-0.022,0,-0.067,nan,500,fresh
353738,0,0,0,0,0,0,7,0,0,4,20,1,7,0,nan,nan,nan,nan,1.167,nan,nan,1,1.053,1,1.167,nan,nan,nan,nan,nan,-0.067,nan,nan,0,-0.022,0,-0.067,nan,500,fresh
354807,0,0,0,0,0,0,7,0,0,4,20,1,7,0,nan,nan,nan,nan,1.167,nan,nan,1,1.053,1,1.167,nan,nan,nan,nan,nan,-0.067,nan,nan,0,-0.022,0,-0.067,nan,500,fresh
355876,0,0,0,0,0,0,7,0,0,4,20,1,7,0,nan,nan,nan,nan,1.167,nan,nan,1,1.053,1,1.167,nan,nan,nan,nan,nan,-0.067,nan,nan,0,-0.022,0,-0.067,nan,500,fresh
356945,0,0,0,0,0,0,7,0,0,4,20,1,7,0,nan,nan,nan,nan,1.167,nan,nan,1,1.053,1,1.167,nan,nan,nan,nan,nan,-0.067,nan,nan,0,-0.022,0,-0.067,nan,500,fresh
358014,0,0,0,0,0,0,7,0,0,4,20,1,7,0,nan,nan,nan,nan,1.167,nan,nan,1,1.053,1,1.167,nan,nan,nan,nan,nan,-0.067,nan,nan,0,-0.022,0,-0.067,nan,500,fresh
359084,0,0,0,0,0,0,7,0,0,4,20,1,7,0,nan,nan,nan,nan,1.167,nan,nan,1,1.053,1,1.167,nan,nan,nan,nan,nan,-0.067,nan,nan,0,-0.022,0,-0.067,nan,500,fresh
360154,0,0,0,0,0,0,7,0,0,4,20,1,7,0,nan,nan,nan,nan,1.167,nan,nan,1,1.053,1,1.167,nan,nan,nan,nan,nan,-0.067,nan,nan,0,-0.022,0,-0.067,nan,500,fresh
361224,0,0,0,0,0,0,7,0,0,4,20,1,7,0,nan,nan,nan,nan,1.167,nan,nan,1,1.053,1,1.167,nan,nan,nan,nan,nan,-0.067,nan,nan,0,-0.022,0,-0.067,nan,500,fresh
362294,0,0,0,0,0,0,7,0,0,4,19,1,7,0,nan,nan,nan,nan,1.167,nan,nan,1,1,1,1.167,nan,nan,nan,nan,nan,-0.067,nan,nan,0,0,0,-0.067,nan,500,fresh
363364,0,0,0,0,0,0,7,0,0,4,20,1,7,0,nan,nan,nan,nan,1.167,nan,nan,1,1.053,1,1.167,nan,nan,nan,nan,nan,-0.067,nan,nan,0,-0.022,0,-0.067,nan,500,fresh
364434,0,0,0,0,0,0,7,0,0,4,20,1,7,0,nan,nan,nan,nan,1.167,nan,nan,1,1.053,1,1.167,nan,nan,nan,nan,nan,-0.067,nan,nan,0,-0.022,0,-0.067,nan,500,fresh
365504,0,0,0,0,0,0,7,0,0,4,20,1,7,0,nan,nan,nan,nan,1.167,nan,nan,1,1.053,1,1.167,nan,nan,nan,nan,nan,-0.067,nan,nan,0,-0.022,0,-0.067,nan,500,fresh
366574,0,0,0,0,0,0,7,0,0,4,20,1,7,0,nan,nan,nan,nan,1.167,nan,nan,1,1.053,1,1.167,nan,nan,nan,nan,nan,-0.067,nan,nan,0,-0.022,0,-0.067,nan,500,fresh
367643,0,0,0,0,0,0,7,0,0,4,20,1,7,0,nan,nan,nan,nan,1.167,nan,nan,1,1.053,1,1.167,nan,nan,nan,nan,nan,-0.067,nan,nan,0,-0.022,0,-0.067,nan,500,fresh
368713,0,0,0,0,0,0,7,0,0,4,20,1,7,0,nan,nan,nan,nan,1.167,nan,nan,1,1.053,1,1.167,nan,nan,nan,nan,nan,-0.067,nan,nan,0,-0.022,0,-0.067,nan,500,fresh
369783,0,0,0,0,0,0,7,0,0,4,20,1,7,0,nan,nan,nan,nan,1.167,nan,nan,1,1.053,1,1.167,nan,nan,nan,nan,nan,-0.067,nan,nan,0,-0.022,0,-0.067,nan,500,fresh
370852,0,0,0,0,0,0,7,0,0,4,20,1,7,0,nan,nan,nan,nan,1.167,nan,nan,1,1.053,1,1.167,nan,nan,nan,nan,nan,-0.067,nan,nan,0,-0.022,0,-0.067,nan,500,fresh
371922,0,0,0,0,0,0,7,0,0,4,20,1,7,0,nan,nan,nan,nan,1.167,nan,nan,1,1.053,1,1.167,nan,nan,nan,nan,nan,-0.067,nan,nan,0,-0.022,0,-0.067,nan,500,fresh
372991,0,0,0,0,0,0,7,0,0,4,20,1,7,0,nan,nan,nan,nan,1.167,nan,nan,1,1.053,1,1.167,nan,nan,nan,nan,nan,-0.067,nan,nan,0,-0.022,0,-0.067,nan,500,fresh
374059,0,0,0,0,0,0,7,0,0,4,19,1,7,0,nan,nan,nan,nan,1.167,nan,nan,1,1,1,1.167,nan,nan,nan,nan,nan,-0.067,nan,nan,0,0,0,-0.067,nan,500,fresh
375127,0,0,0,0,0,0,7,0,0,4,20,1,7,0,nan,nan,nan,nan,1.167,nan,nan,1,1.053,1,1.167,nan,nan,nan,nan,nan,-0.067,nan,nan,0,-0.022,0,-0.067,nan,500,fresh
376197,0,0,0,0,0,0,7,0,0,4,20,1,7,0,nan,nan,nan,nan,1.167,nan,nan,1,1.053,1,1.167,nan,nan,nan,nan,nan,-0.067,nan,nan,0,-0.022,0,-0.067,nan,500,fresh
377265,0,0,0,0,0,0,7,0,0,4,19,1,7,0,nan,nan,nan,nan,1.167,nan,nan,1,1,1,1.167,nan,nan,nan,nan,nan,-0.067,nan,nan,0,0,0,-0.067,nan,500,fresh
378333,0,0,0,0,0,0,7,0,0,4,20,1,7,0,nan,nan,nan,nan,1.167,nan,nan,1,1.053,1,1.167,nan,nan,nan,nan,nan,-0.067,nan,nan,0,-0.022,0,-0.067,nan,500,fresh
379403,0,0,0,0,0,0,7,0,0,4,20,1,7,0,nan,nan,nan,nan,1.167,nan,nan,1,1.053,1,1.167,nan,nan,nan,nan,nan,-0.067,nan,nan,0,-0.022,0,-0.067,nan,500,fresh
380473,0,0,0,0,0,0,7,0,0,4,20,1,7,0,nan,nan,nan,nan,1.167,nan,nan,1,1.053,1,1.167,nan,nan,nan,nan,nan,-0.067,nan,nan,0,-0.022,0,-0.067,nan,500,fresh
381542,0,0,0,0,0,0,7,0,0,4,20,1,7,0,nan,nan,nan,nan,1.167,nan,nan,1,1.053,1,1.167,nan,nan,nan,nan,nan,-0.067,nan,nan,0,-0.022,0,-0.067,nan,500,fresh
382612,0,0,0,0,0,0,7,0,0,4,20,1,7,0,nan,nan,nan,nan,1.167,nan,nan,1,1.053,1,1.167,nan,nan,nan,nan,nan,-0.067,nan,nan,0,-0.022,0,-0.067,nan,500,fresh
383681,0,0,0,0,0,0,7,0,0,4,19,1,7,0,nan,nan,nan,nan,1.167,nan,nan,1,1,1,1.167,nan,nan,nan,nan,nan,-0.067,nan,nan,0,0,0,-0.067,nan,500,fresh
384750,0,0,0,0,0,0,7,0,0,4,20,1,7,0,nan,nan,nan,nan,1.167,nan,nan,1,1.053,1,1.167,nan,nan,nan,nan,nan,-0.067,nan,nan,0,-0.022,0,-0.067,nan,500,fresh
385819,0,0,0,0,0,0,7,0,0,4,20,1,7,0,nan,nan,nan,nan,1.167,nan,nan,1,1.053,1,1.167,nan,nan,nan,nan,nan,-0.067,nan,nan,0,-0.022,0,-0.067,nan,500,fresh
386889,0,0,0,0,0,0,6,0,0,4,19,1,7,0,nan,nan,nan,nan,1,nan,nan,1,1,1,1.167,nan,nan,nan,nan,nan,0,nan,nan,0,0,0,-0.067,nan,500,fresh
387957,0,0,0,0,0,0,7,0,0,4,20,1,7,0,nan,nan,nan,nan,1.167,nan,nan,1,1.053,1,1.167,nan,nan,nan,nan,nan,-0.067,nan,nan,0,-0.022,0,-0.067,nan,500,fresh
389027,0,0,0,0,0,0,7,0,0,4,20,1,7,0,nan,nan,nan,nan,1.167,nan,nan,1,1.053,1,1.167,nan,nan,nan,nan,nan,-0.067,nan,nan,0,-0.022,0,-0.067,nan,500,fresh
390096,0,0,0,0,0,0,7,0,0,4,20,1,7,0,nan,nan,nan,nan,1.167,nan,nan,1,1.053,1,1.167,nan,nan,nan,nan,nan,-0.067,nan,nan,0,-0.022,0,-0.067,nan,500,fresh
391165,0,0,0,0,0,0,7,0,0,4,20,1,7,0,nan,nan,nan,nan,1.167,nan,nan,1,1.053,1,1.167,nan,nan,nan,nan,nan,-0.067,nan,nan,0,-0.022,0,-0.067,nan,500,fresh
392235,0,0,0,0,0,0,7,0,0,4,19,1,7,0,nan,nan,nan,nan,1.167,nan,nan,1,1,1,1.167,nan,nan,nan,nan,nan,-0.067,nan,nan,0,0,0,-0.067,nan,500,fresh
393304,0,0,0,0,0,0,7,0,0,4,19,1,7,0,nan,nan,nan,nan,1.167,nan,nan,1,1,1,1.167,nan,nan,nan,nan,nan,-0.067,nan,nan,0,0,0,-0.067,nan,500,fresh
394373,0,0,0,0,0,0,7,0,0,4,19,1,7,0,nan,nan,nan,nan,1.167,nan,nan,1,1,1,1.167,nan,nan,nan,nan,nan,-0.067,nan,nan,0,0,0,-0.067,nan,500,fresh
395443,0,0,0,0,0,0,7,0,0,4,19,1,7,0,nan,nan,nan,nan,1.167,nan,nan,1,1,1,1.167,nan,nan,nan,nan,nan,-0.067,nan,nan,0,0,0,-0.067,nan,500,fresh
396513,0,0,0,0,0,0,7,0,0,4,19,1,7,0,nan,nan,nan,nan,1.167,nan,nan,1,1,1,1.167,nan,nan,nan,nan,nan,-0.067,nan,nan,0,0,0,-0.067,nan,500,fresh
397582,0,0,0,0,0,0,7,0,0,4,20,1,7,0,nan,nan,nan,nan,1.167,nan,nan,1,1.053,1,1.167,nan,nan,nan,nan,nan,-0.067,nan,nan,0,-0.022,0,-0.067,nan,500,fresh
398651,0,0,0,0,0,0,7,0,0,4,19,1,7,0,nan,nan,nan,nan,1.167,nan,nan,1,1,1,1.167,nan,nan,nan,nan,nan,-0.067,nan,nan,0,0,0,-0.067,nan,500,fresh
399720,0,0,0,0,0,0,7,0,0,4,20,1,7,0,nan,nan,nan,nan,1.167,nan,nan,1,1.053,1,1.167,nan,nan,nan,nan,nan,-0.067,nan,nan,0,-0.022,0,-0.067,nan,500,fresh
400789,0,0,0,0,0,0,7,0,0,4,20,1,7,0,nan,nan,nan,nan,1.167,nan,nan,1,1.053,1,1.167,nan,nan,nan,nan,nan,-0.067,nan,nan,0,-0.022,0,-0.067,nan,500,fresh
401859,0,0,0,0,0,0,7,0,0,4,19,1,7,0,nan,nan,nan,nan,1.167,nan,nan,1,1,1,1.167,nan,nan,nan,nan,nan,-0.067,nan,nan,0,0,0,-0.067,nan,500,fresh
402928,0,0,0,0,0,0,7,0,0,4,20,1,7,0,nan,nan,nan,nan,1.167,nan,nan,1,1.053,1,1.167,nan,nan,nan,nan,nan,-0.067,nan,nan,0,-0.022,0,-0.067,nan,500,fresh
403997,0,0,0,0,0,0,7,0,0,4,19,1,7,0,nan,nan,nan,nan,1.167,nan,nan,1,1,1,1.167,nan,nan,nan,nan,nan,-0.067,nan,nan,0,0,0,-0.067,nan,500,fresh
405067,0,0,0,0,0,0,7,0,0,4,19,1,7,0,nan,nan,nan,nan,1.167,nan,nan,1,1,1,1.167,nan,nan,nan,nan,nan,-0.067,nan,nan,0,0,0,-0.067,nan,500,fresh
406136,0,0,0,0,0,0,6,0,0,4,19,1,7,0,nan,nan,nan,nan,1,nan,nan,1,1,1,1.167,nan,nan,nan,nan,nan,0,nan,nan,0,0,0,-0.067,nan,500,fresh
407206,0,0,0,0,0,0,7,0,0,4,19,1,7,0,nan,nan,nan,nan,1.167,nan,nan,1,1,1,1.167,nan,nan,nan,nan,nan,-0.067,nan,nan,0,0,0,-0.067,nan,500,fresh
408276,0,0,0,0,0,0,7,0,0,4,19,1,7,0,nan,nan,nan,nan,1.167,nan,nan,1,1,1,1.167,nan,nan,nan,nan,nan,-0.067,nan,nan,0,0,0,-0.067,nan,500,fresh
409345,0,0,0,0,0,0,7,0,0,4,19,1,7,0,nan,nan,nan,nan,1.167,nan,nan,1,1,1,1.167,nan,nan,nan,nan,nan,-0.067,nan,nan,0,0,0,-0.067,nan,500,fresh
410415,0,0,0,0,0,0,7,0,0,4,19,1,7,0,nan,nan,nan,nan,1.167,nan,nan,1,1,1,1.167,nan,nan,nan,nan,nan,-0.067,nan,nan,0,0,0,-0.067,nan,500,fresh
411485,0,0,0,0,0,0,7,0,0,4,19,1,7,0,nan,nan,nan,nan,1.167,nan,nan,1,1,1,1.167,nan,nan,nan,nan,nan,-0.067,nan,nan,0,0,0,-0.067,nan,500,fresh
412555,0,0,0,0,0,0,7,0,0,4,19,1,7,0,nan,nan,nan,nan,1.167,nan,nan,1,1,1,1.167,nan,nan,nan,nan,nan,-0.067,nan,nan,0,0,0,-0.067,nan,500,fresh
413625,0,0,0,0,0,0,7,0,0,4,19,1,7,0,nan,nan,nan,nan,1.167,nan,nan,1,1,1,1.167,nan,nan,nan,nan,nan,-0.067,nan,nan,0,0,0,-0.067,nan,500,fresh
414694,0,0,0,0,0,0,7,0,0,4,19,1,7,0,nan,nan,nan,nan,1.167,nan,nan,1,1,1,1.167,nan,nan,nan,nan,nan,-0.067,nan,nan,0,0,0,-0.067,nan,500,fresh
415763,0,0,0,0,0,0,7,0,0,4,19,1,7,0,nan,nan,nan,nan,1.167,nan,nan,1,1,1,1.167,nan,nan,nan,nan,nan,-0.067,nan,nan,0,0,0,-0.067,nan,500,fresh
416832,0,0,0,0,0,0,7,0,0,4,19,1,7,0,nan,nan,nan,nan,1.167,nan,nan,1,1,1,1.167,nan,nan,nan,nan,nan,-0.067,nan,nan,0,0,0,-0.067,nan,500,fresh
417901,0,0,0,0,0,0,7,0,0,4,19,1,7,0,nan,nan,nan,nan,1.167,nan,nan,1,1,1,1.167,nan,nan,nan,nan,nan,-0.067,nan,nan,0,0,0,-0.067,nan,500,fresh
418971,0,0,0,0,0,0,7,0,0,4,19,1,7,0,nan,nan,nan,nan,1.167,nan,nan,1,1,1,1.167,nan,nan,nan,nan,nan,-0.067,nan,nan,0,0,0,-0.067,nan,500,fresh
420041,0,0,0,0,0,0,7,0,0,4,19,1,7,0,nan,nan,nan,nan,1.167,nan,nan,1,1,1,1.167,nan,nan,nan,nan,nan,-0.067,nan,nan,0,0,0,-0.067,nan,500,fresh
421111,0,0,0,0,0,0,7,0,0,4,19,1,7,0,nan,nan,nan,nan,1.167,nan,nan,1,1,1,1.167,nan,nan,nan,nan,nan,-0.067,nan,nan,0,0,0,-0.067,nan,500,fresh
422181,0,0,0,0,0,0,7,0,0,4,20,1,7,0,nan,nan,nan,nan,1.167,nan,nan,1,1.053,1,1.167,nan,nan,nan,nan,nan,-0.067,nan,nan,0,-0.022,0,-0.067,nan,500,fresh
423250,0,0,0,0,0,0,7,0,0,4,19,1,7,0,nan,nan,nan,nan,1.167,nan,nan,1,1,1,1.167,nan,nan,nan,nan,nan,-0.067,nan,nan,0,0,0,-0.067,nan,500,fresh
424319,0,0,0,0,0,0,7,0,0,4,19,1,7,0,nan,nan,nan,nan,1.167,nan,nan,1,1,1,1.167,nan,nan,nan,nan,nan,-0.067,nan,nan,0,0,0,-0.067,nan,500,fresh
425389,0,0,0,0,0,0,7,0,0,4,19,1,7,0,nan,nan,nan,nan,1.167,nan,nan,1,1,1,1.167,nan,nan,nan,nan,nan,-0.067,nan,nan,0,0,0,-0.067,nan,500,fresh
426457,0,0,0,0,0,0,7,0,0,4,20,1,7,0,nan,nan,nan,nan,1.167,nan,nan,1,1.053,1,1.167,nan,nan,nan,nan,nan,-0.067,nan,nan,0,-0.022,0,-0.067,nan,500,fresh
427527,0,0,0,0,0,0,7,0,0,4,19,1,7,0,nan,nan,nan,nan,1.167,nan,nan,1,1,1,1.167,nan,nan,nan,nan,nan,-0.067,nan,nan,0,0,0,-0.067,nan,500,fresh
428597,0,0,0,0,0,0,7,0,0,4,19,1,7,0,nan,nan,nan,nan,1.167,nan,nan,1,1,1,1.167,nan,nan,nan,nan,nan,-0.067,nan,nan,0,0,0,-0.067,nan,500,fresh
429666,0,0,0,0,0,0,7,0,0,4,19,1,7,0,nan,nan,nan,nan,1.167,nan,nan,1,1,1,1.167,nan,nan,nan,nan,nan,-0.067,nan,nan,0,0,0,-0.067,nan,500,fresh
430736,0,0,0,0,0,0,7,0,0,4,19,1,7,0,nan,nan,nan,nan,1.167,nan,nan,1,1,1,1.167,nan,nan,nan,nan,nan,-0.067,nan,nan,0,0,0,-0.067,nan,500,fresh
431806,0,0,0,0,0,0,7,0,0,4,19,1,7,0,nan,nan,nan,nan,1.167,nan,nan,1,1,1,1.167,nan,nan,nan,nan,nan,-0.067,nan,nan,0,0,0,-0.067,nan,500,fresh
432875,0,0,0,0,0,0,7,0,0,4,19,1,7,0,nan,nan,nan,nan,1.167,nan,nan,1,1,1,1.167,nan,nan,nan,nan,nan,-0.067,nan,nan,0,0,0,-0.067,nan,500,fresh
433945,0,0,0,0,0,0,7,0,0,4,19,1,7,0,nan,nan,nan,nan,1.167,nan,nan,1,1,1,1.167,nan,nan,nan,nan,nan,-0.067,nan,nan,0,0,0,-0.067,nan,500,fresh
435015,0,0,0,0,0,0,7,0,0,4,19,1,7,0,nan,nan,nan,nan,1.167,nan,nan,1,1,1,1.167,nan,nan,nan,nan,nan,-0.067,nan,nan,0,0,0,-0.067,nan,500,fresh
436085,0,0,0,0,0,0,7,0,0,4,19,1,7,0,nan,nan,nan,nan,1.167,nan,nan,1,1,1,1.167,nan,nan,nan,nan,nan,-0.067,nan,nan,0,0,0,-0.067,nan,500,fresh
437154,0,0,0,0,0,0,7,0,0,4,19,1,7,0,nan,nan,nan,nan,1.167,nan,nan,1,1,1,1.167,nan,nan,nan,nan,nan,-0.067,nan,nan,0,0,0,-0.067,nan,500,fresh
438224,0,0,0,0,0,0,7,0,0,4,19,1,7,0,nan,nan,nan,nan,1.167,nan,nan,1,1,1,1.167,nan,nan,nan,nan,nan,-0.067,nan,nan,0,0,0,-0.067,nan,500,fresh
50008,0,0,0,0,0,0,7,0,0,4,19,1,7,0,nan,nan,nan,nan,1.167,nan,nan,1,1,1,1.167,nan,nan,nan,nan,nan,-0.067,nan,nan,0,0,0,-0.067,nan,500,fresh
51077,0,0,0,0,0,0,6,0,0,4,19,1,7,0,nan,nan,nan,nan,1,nan,nan,1,1,1,1.167,nan,nan,nan,nan,nan,0,nan,nan,0,0,0,-0.067,nan,500,fresh
52146,0,0,0,0,0,0,7,0,0,4,19,1,7,0,nan,nan,nan,nan,1.167,nan,nan,1,1,1,1.167,nan,nan,nan,nan,nan,-0.067,nan,nan,0,0,0,-0.067,nan,500,fresh
53216,0,0,0,0,0,0,7,0,0,4,19,1,6,0,nan,nan,nan,nan,1.167,nan,nan,1,1,1,1,nan,nan,nan,nan,nan,-0.067,nan,nan,0,0,0,0,nan,500,fresh
54285,0,0,0,0,0,0,7,0,0,4,19,1,7,0,nan,nan,nan,nan,1.167,nan,nan,1,1,1,1.167,nan,nan,nan,nan,nan,-0.067,nan,nan,0,0,0,-0.067,nan,500,fresh
55355,0,0,0,0,0,0,7,0,0,4,19,1,6,0,nan,nan,nan,nan,1.167,nan,nan,1,1,1,1,nan,nan,nan,nan,nan,-0.067,nan,nan,0,0,0,0,nan,500,fresh
56425,0,0,0,0,0,0,7,0,0,4,19,1,7,0,nan,nan,nan,nan,1.167,nan,nan,1,1,1,1.167,nan,nan,nan,nan,nan,-0.067,nan,nan,0,0,0,-0.067,nan,500,fresh
57495,0,0,0,0,0,0,7,0,0,4,19,1,7,0,nan,nan,nan,nan,1.167,nan,nan,1,1,1,1.167,nan,nan,nan,nan,nan,-0.067,nan,nan,0,0,0,-0.067,nan,500,fresh
58564,0,0,0,0,0,0,7,0,0,4,19,1,7,0,nan,nan,nan,nan,1.167,nan,nan,1,1,1,1.167,nan,nan,nan,nan,nan,-0.067,nan,nan,0,0,0,-0.067,nan,500,fresh
59634,0,0,0,0,0,0,7,0,0,4,19,1,7,0,nan,nan,nan,nan,1.167,nan,nan,1,1,1,1.167,nan,nan,nan,nan,nan,-0.067,nan,nan,0,0,0,-0.067,nan,500,fresh
60704,0,0,0,0,0,0,7,0,0,4,19,1,7,0,nan,nan,nan,nan,1.167,nan,nan,1,1,1,1.167,nan,nan,nan,nan,nan,-0.067,nan,nan,0,0,0,-0.067,nan,500,fresh
61774,0,0,0,0,0,0,7,0,0,4,19,1,7,0,nan,nan,nan,nan,1.167,nan,nan,1,1,1,1.167,nan,nan,nan,nan,nan,-0.067,nan,nan,0,0,0,-0.067,nan,500,fresh
62844,0,0,0,0,0,0,6,0,0,4,19,1,7,0,nan,nan,nan,nan,1,nan,nan,1,1,1,1.167,nan,nan,nan,nan,nan,0,nan,nan,0,0,0,-0.067,nan,500,fresh
63913,0,0,0,0,0,0,7,0,0,4,19,1,7,0,nan,nan,nan,nan,1.167,nan,nan,1,1,1,1.167,nan,nan,nan,nan,nan,-0.067,nan,nan,0,0,0,-0.067,nan,500,fresh
64983,0,0,0,0,0,0,7,0,0,4,19,1,7,0,nan,nan,nan,nan,1.167,nan,nan,1,1,1,1.167,nan,nan,nan,nan,nan,-0.067,nan,nan,0,0,0,-0.067,nan,500,fresh
66053,0,0,0,0,0,0,7,0,0,4,19,1,7,0,nan,nan,nan,nan,1.167,nan,nan,1,1,1,1.167,nan,nan,nan,nan,nan,-0.067,nan,nan,0,0,0,-0.067,nan,500,fresh
67123,0,0,0,0,0,0,7,0,0,4,19,1,7,0,nan,nan,nan,nan,1.167,nan,nan,1,1,1,1.167,nan,nan,nan,nan,nan,-0.067,nan,nan,0,0,0,-0.067,nan,500,fresh
68193,0,0,0,0,0,0,7,0,0,4,19,1,7,0,nan,nan,nan,nan,1.167,nan,nan,1,1,1,1.167,nan,nan,nan,nan,nan,-0.067,nan,nan,0,0,0,-0.067,nan,500,fresh
69263,0,0,0,0,0,0,7,0,0,4,19,1,7,0,nan,nan,nan,nan,1.167,nan,nan,1,1,1,1.167,nan,nan,nan,nan,nan,-0.067,nan,nan,0,0,0,-0.067,nan,500,fresh
70333,0,0,0,0,0,0,7,0,0,4,19,1,7,0,nan,nan,nan,nan,1.167,nan,nan,1,1,1,1.167,nan,nan,nan,nan,nan,-0.067,nan,nan,0,0,0,-0.067,nan,500,fresh
71403,0,0,0,0,0,0,7,0,0,4,19,1,7,0,nan,nan,nan,nan,1.167,nan,nan,1,1,1,1.167,nan,nan,nan,nan,nan,-0.067,nan,nan,0,0,0,-0.067,nan,500,fresh
72473,0,0,0,0,0,0,6,0,0,4,19,1,7,0,nan,nan,nan,nan,1,nan,nan,1,1,1,1.167,nan,nan,nan,nan,nan,0,nan,nan,0,0,0,-0.067,nan,500,fresh
73542,0,0,0,0,0,0,7,0,0,4,19,1,6,0,nan,nan,nan,nan,1.167,nan,nan,1,1,1,1,nan,nan,nan,nan,nan,-0.067,nan,nan,0,0,0,0,nan,500,fresh
74611,0,0,0,0,0,0,7,0,0,4,19,1,7,0,nan,nan,nan,nan,1.167,nan,nan,1,1,1,1.167,nan,nan,nan,nan,nan,-0.067,nan,nan,0,0,0,-0.067,nan,500,fresh
75681,0,0,0,0,0,0,7,0,0,4,19,1,7,0,nan,nan,nan,nan,1.167,nan,nan,1,1,1,1.167,nan,nan,nan,nan,nan,-0.067,nan,nan,0,0,0,-0.067,nan,500,fresh
76751,0,0,0,0,0,0,7,0,0,4,19,1,7,0,nan,nan,nan,nan,1.167,nan,nan,1,1,1,1.167,nan,nan,nan,nan,nan,-0.067,nan,nan,0,0,0,-0.067,nan,500,fresh
77821,0,0,0,0,0,0,7,0,0,4,19,1,7,0,nan,nan,nan,nan,1.167,nan,nan,1,1,1,1.167,nan,nan,nan,nan,nan,-0.067,nan,nan,0,0,0,-0.067,nan,500,fresh
78891,0,0,0,0,0,0,7,0,0,4,19,1,7,0,nan,nan,nan,nan,1.167,nan,nan,1,1,1,1.167,nan,nan,nan,nan,nan,-0.067,nan,nan,0,0,0,-0.067,nan,500,fresh
79960,0,0,0,0,0,0,7,0,0,4,19,1,6,0,nan,nan,nan,nan,1.167,nan,nan,1,1,1,1,nan,nan,nan,nan,nan,-0.067,nan,nan,0,0,0,0,nan,500,fresh
81030,0,0,0,0,0,0,6,0,0,4,19,1,7,0,nan,nan,nan,nan,1,nan,nan,1,1,1,1.167,nan,nan,nan,nan,nan,0,nan,nan,0,0,0,-0.067,nan,500,fresh
82099,0,0,0,0,0,0,7,0,0,4,19,1,7,0,nan,nan,nan,nan,1.167,nan,nan,1,1,1,1.167,nan,nan,nan,nan,nan,-0.067,nan,nan,0,0,0,-0.067,nan,500,fresh
83168,0,0,0,0,0,0,7,0,0,4,19,1,7,0,nan,nan,nan,nan,1.167,nan,nan,1,1,1,1.167,nan,nan,nan,nan,nan,-0.067,nan,nan,0,0,0,-0.067,nan,500,fresh
84238,0,0,0,0,0,0,7,0,0,4,19,1,6,0,nan,nan,nan,nan,1.167,nan,nan,1,1,1,1,nan,nan,nan,nan,nan,-0.067,nan,nan,0,0,0,0,nan,500,fresh
85308,0,0,0,0,0,0,7,0,0,4,19,1,7,0,nan,nan,nan,nan,1.167,nan,nan,1,1,1,1.167,nan,nan,nan,nan,nan,-0.067,nan,nan,0,0,0,-0.067,nan,500,fresh
86377,0,0,0,0,0,0,7,0,0,4,19,1,7,0,nan,nan,nan,nan,1.167,nan,nan,1,1,1,1.167,nan,nan,nan,nan,nan,-0.067,nan,nan,0,0,0,-0.067,nan,500,fresh
87447,0,0,0,0,0,0,7,0,0,4,19,1,7,0,nan,nan,nan,nan,1.167,nan,nan,1,1,1,1.167,nan,nan,nan,nan,nan,-0.067,nan,nan,0,0,0,-0.067,nan,500,fresh
88516,0,0,0,0,0,0,6,0,0,4,19,1,7,0,nan,nan,nan,nan,1,nan,nan,1,1,1,1.167,nan,nan,nan,nan,nan,0,nan,nan,0,0,0,-0.067,nan,500,fresh
89586,0,0,0,0,0,0,7,0,0,4,19,1,7,0,nan,nan,nan,nan,1.167,nan,nan,1,1,1,1.167,nan,nan,nan,nan,nan,-0.067,nan,nan,0,0,0,-0.067,nan,500,fresh
90655,0,0,0,0,0,0,7,0,0,4,19,1,7,0,nan,nan,nan,nan,1.167,nan,nan,1,1,1,1.167,nan,nan,nan,nan,nan,-0.067,nan,nan,0,0,0,-0.067,nan,500,fresh
91723,0,0,0,0,0,0,7,0,0,4,19,1,7,0,nan,nan,nan,nan,1.167,nan,nan,1,1,1,1.167,nan,nan,nan,nan,nan,-0.067,nan,nan,0,0,0,-0.067,nan,500,fresh
92792,0,0,0,0,0,0,7,0,0,4,19,1,7,0,nan,nan,nan,nan,1.167,nan,nan,1,1,1,1.167,nan,nan,nan,nan,nan,-0.067,nan,nan,0,0,0,-0.067,nan,500,fresh
93862,0,0,0,0,0,0,6,0,0,4,19,1,7,0,nan,nan,nan,nan,1,nan,nan,1,1,1,1.167,nan,nan,nan,nan,nan,0,nan,nan,0,0,0,-0.067,nan,500,fresh
94931,0,0,0,0,0,0,7,0,0,4,19,1,7,0,nan,nan,nan,nan,1.167,nan,nan,1,1,1,1.167,nan,nan,nan,nan,nan,-0.067,nan,nan,0,0,0,-0.067,nan,500,fresh
96000,0,0,0,0,0,0,7,0,0,4,19,1,7,0,nan,nan,nan,nan,1.167,nan,nan,1,1,1,1.167,nan,nan,nan,nan,nan,-0.067,nan,nan,0,0,0,-0.067,nan,500,fresh
97069,0,0,0,0,0,0,7,0,0,4,19,1,7,0,nan,nan,nan,nan,1.167,nan,nan,1,1,1,1.167,nan,nan,nan,nan,nan,-0.067,nan,nan,0,0,0,-0.067,nan,500,fresh
98138,0,0,0,0,0,0,7,0,0,4,19,1,7,0,nan,nan,nan,nan,1.167,nan,nan,1,1,1,1.167,nan,nan,nan,nan,nan,-0.067,nan,nan,0,0,0,-0.067,nan,500,fresh
99207,0,0,0,0,0,0,7,0,0,4,19,1,7,0,nan,nan,nan,nan,1.167,nan,nan,1,1,1,1.167,nan,nan,nan,nan,nan,-0.067,nan,nan,0,0,0,-0.067,nan,500,fresh
100276,0,0,0,0,0,0,7,0,0,4,19,1,7,0,nan,nan,nan,nan,1.167,nan,nan,1,1,1,1.167,nan,nan,nan,nan,nan,-0.067,nan,nan,0,0,0,-0.067,nan,500,fresh
101346,0,0,0,0,0,0,7,0,0,4,19,1,7,0,nan,nan,nan,nan,1.167,nan,nan,1,1,1,1.167,nan,nan,nan,nan,nan,-0.067,nan,nan,0,0,0,-0.067,nan,500,fresh
102416,0,0,0,0,0,0,7,0,0,4,19,1,7,0,nan,nan,nan,nan,1.167,nan,nan,1,1,1,1.167,nan,nan,nan,nan,nan,-0.067,nan,nan,0,0,0,-0.067,nan,500,fresh
103485,0,0,0,0,0,0,7,0,0,3,19,1,7,0,nan,nan,nan,nan,1.167,nan,nan,0.75,1,1,1.167,nan,nan,nan,nan,nan,-0.067,nan,nan,0.125,0,0,-0.067,nan,500,fresh
104555,0,0,0,0,0,0,6,0,0,4,19,1,7,0,nan,nan,nan,nan,1,nan,nan,1,1,1,1.167,nan,nan,nan,nan,nan,0,nan,nan,0,0,0,-0.067,nan,500,fresh
105625,0,0,0,0,0,0,7,0,0,4,19,1,7,0,nan,nan,nan,nan,1.167,nan,nan,1,1,1,1.167,nan,nan,nan,nan,nan,-0.067,nan,nan,0,0,0,-0.067,nan,500,fresh
106694,0,0,0,0,0,0,7,0,0,4,19,1,7,0,nan,nan,nan,nan,1.167,nan,nan,1,1,1,1.167,nan,nan,nan,nan,nan,-0.067,nan,nan,0,0,0,-0.067,nan,500,fresh
107763,0,0,0,0,0,0,7,0,0,4,19,1,7,0,nan,nan,nan,nan,1.167,nan,nan,1,1,1,1.167,nan,nan,nan,nan,nan,-0.067,nan,nan,0,0,0,-0.067,nan,500,fresh
108833,0,0,0,0,0,0,7,0,0,4,19,1,7,0,nan,nan,nan,nan,1.167,nan,nan,1,1,1,1.167,nan,nan,nan,nan,nan,-0.067,nan,nan,0,0,0,-0.067,nan,500,fresh
109903,0,0,0,0,0,0,7,0,0,4,19,1,7,0,nan,nan,nan,nan,1.167,nan,nan,1,1,1,1.167,nan,nan,nan,nan,nan,-0.067,nan,nan,0,0,0,-0.067,nan,500,fresh
110971,0,0,0,0,0,0,7,0,0,4,19,1,7,0,nan,nan,nan,nan,1.167,nan,nan,1,1,1,1.167,nan,nan,nan,nan,nan,-0.067,nan,nan,0,0,0,-0.067,nan,500,fresh
112041,0,0,0,0,0,0,7,0,0,4,19,1,7,0,nan,nan,nan,nan,1.167,nan,nan,1,1,1,1.167,nan,nan,nan,nan,nan,-0.067,nan,nan,0,0,0,-0.067,nan,500,fresh
113111,0,0,0,0,0,0,7,0,0,4,19,1,7,0,nan,nan,nan,nan,1.167,nan,nan,1,1,1,1.167,nan,nan,nan,nan,nan,-0.067,nan,nan,0,0,0,-0.067,nan,500,fresh
114180,0,0,0,0,0,0,7,0,0,4,19,1,7,0,nan,nan,nan,nan,1.167,nan,nan,1,1,1,1.167,nan,nan,nan,nan,nan,-0.067,nan,nan,0,0,0,-0.067,nan,500,fresh
115250,0,0,0,0,0,0,7,0,0,4,19,1,7,0,nan,nan,nan,nan,1.167,nan,nan,1,1,1,1.167,nan,nan,nan,nan,nan,-0.067,nan,nan,0,0,0,-0.067,nan,500,fresh
116319,0,0,0,0,0,0,7,0,0,4,19,1,7,0,nan,nan,nan,nan,1.167,nan,nan,1,1,1,1.167,nan,nan,nan,nan,nan,-0.067,nan,nan,0,0,0,-0.067,nan,500,fresh
117388,0,0,0,0,0,0,7,0,0,4,19,1,7,0,nan,nan,nan,nan,1.167,nan,nan,1,1,1,1.167,nan,nan,nan,nan,nan,-0.067,nan,nan,0,0,0,-0.067,nan,500,fresh
118457,0,0,0,0,0,0,7,0,0,4,19,1,7,0,nan,nan,nan,nan,1.167,nan,nan,1,1,1,1.167,nan,nan,nan,nan,nan,-0.067,nan,nan,0,0,0,-0.067,nan,500,fresh
119526,0,0,0,0,0,0,7,0,0,4,19,1,7,0,nan,nan,nan,nan,1.167,nan,nan,1,1,1,1.167,nan,nan,nan,nan,nan,-0.067,nan,nan,0,0,0,-0.067,nan,500,fresh
120596,0,0,0,0,0,0,7,0,0,4,19,1,7,0,nan,nan,nan,nan,1.167,nan,nan,1,1,1,1.167,nan,nan,nan,nan,nan,-0.067,nan,nan,0,0,0,-0.067,nan,500,fresh
121664,0,0,0,0,0,0,7,0,0,4,19,1,7,0,nan,nan,nan,nan,1.167,nan,nan,1,1,1,1.167,nan,nan,nan,nan,nan,-0.067,nan,nan,0,0,0,-0.067,nan,500,fresh
122733,0,0,0,0,0,0,6,0,0,4,19,1,7,0,nan,nan,nan,nan,1,nan,nan,1,1,1,1.167,nan,nan,nan,nan,nan,0,nan,nan,0,0,0,-0.067,nan,500,fresh
123803,0,0,0,0,0,0,7,0,0,4,19,1,7,0,nan,nan,nan,nan,1.167,nan,nan,1,1,1,1.167,nan,nan,nan,nan,nan,-0.067,nan,nan,0,0,0,-0.067,nan,500,fresh
124872,0,0,0,0,0,0,7,0,0,4,19,1,7,0,nan,nan,nan,nan,1.167,nan,nan,1,1,1,1.167,nan,nan,nan,nan,nan,-0.067,nan,nan,0,0,0,-0.067,nan,500,fresh
125941,0,0,0,0,0,0,7,0,0,4,19,1,7,0,nan,nan,nan,nan,1.167,nan,nan,1,1,1,1.167,nan,nan,nan,nan,nan,-0.067,nan,nan,0,0,0,-0.067,nan,500,fresh
127011,0,0,0,0,0,0,7,0,0,4,19,1,7,0,nan,nan,nan,nan,1.167,nan,nan,1,1,1,1.167,nan,nan,nan,nan,nan,-0.067,nan,nan,0,0,0,-0.067,nan,500,fresh
128081,0,0,0,0,0,0,7,0,0,4,19,1,7,0,nan,nan,nan,nan,1.167,nan,nan,1,1,1,1.167,nan,nan,nan,nan,nan,-0.067,nan,nan,0,0,0,-0.067,nan,500,fresh
129149,0,0,0,0,0,0,7,0,0,4,19,1,7,0,nan,nan,nan,nan,1.167,nan,nan,1,1,1,1.167,nan,nan,nan,nan,nan,-0.067,nan,nan,0,0,0,-0.067,nan,500,fresh
130219,0,0,0,0,0,0,7,0,0,4,19,1,7,0,nan,nan,nan,nan,1.167,nan,nan,1,1,1,1.167,nan,nan,nan,nan,nan,-0.067,nan,nan,0,0,0,-0.067,nan,500,fresh
131289,0,0,0,0,0,0,7,0,0,4,19,1,7,0,nan,nan,nan,nan,1.167,nan,nan,1,1,1,1.167,nan,nan,nan,nan,nan,-0.067,nan,nan,0,0,0,-0.067,nan,500,fresh
132359,0,0,0,0,0,0,7,0,0,4,19,1,6,0,nan,nan,nan,nan,1.167,nan,nan,1,1,1,1,nan,nan,nan,nan,nan,-0.067,nan,nan,0,0,0,0,nan,500,fresh
133429,0,0,0,0,0,0,7,0,0,4,19,1,7,0,nan,nan,nan,nan,1.167,nan,nan,1,1,1,1.167,nan,nan,nan,nan,nan,-0.067,nan,nan,0,0,0,-0.067,nan,500,fresh
134497,0,0,0,0,0,0,7,0,0,4,19,1,7,0,nan,nan,nan,nan,1.167,nan,nan,1,1,1,1.167,nan,nan,nan,nan,nan,-0.067,nan,nan,0,0,0,-0.067,nan,500,fresh
135567,0,0,0,0,0,0,7,0,0,4,19,1,7,0,nan,nan,nan,nan,1.167,nan,nan,1,1,1,1.167,nan,nan,nan,nan,nan,-0.067,nan,nan,0,0,0,-0.067,nan,500,fresh
136637,0,0,0,0,0,0,7,0,0,4,19,1,7,0,nan,nan,nan,nan,1.167,nan,nan,1,1,1,1.167,nan,nan,nan,nan,nan,-0.067,nan,nan,0,0,0,-0.067,nan,500,fresh
137707,0,0,0,0,0,0,7,0,0,4,19,1,7,0,nan,nan,nan,nan,1.167,nan,nan,1,1,1,1.167,nan,nan,nan,nan,nan,-0.067,nan,nan,0,0,0,-0.067,nan,500,fresh
138776,0,0,0,0,0,0,7,0,0,4,19,1,7,0,nan,nan,nan,nan,1.167,nan,nan,1,1,1,1.167,nan,nan,nan,nan,nan,-0.067,nan,nan,0,0,0,-0.067,nan,500,fresh
139845,0,0,0,0,0,0,7,0,0,4,19,1,7,0,nan,nan,nan,nan,1.167,nan,nan,1,1,1,1.167,nan,nan,nan,nan,nan,-0.067,nan,nan,0,0,0,-0.067,nan,500,fresh
140915,0,0,0,0,0,0,7,0,0,4,19,1,7,0,nan,nan,nan,nan,1.167,nan,nan,1,1,1,1.167,nan,nan,nan,nan,nan,-0.067,nan,nan,0,0,0,-0.067,nan,500,fresh
141984,0,0,0,0,0,0,7,0,0,4,19,1,7,0,nan,nan,nan,nan,1.167,nan,nan,1,1,1,1.167,nan,nan,nan,nan,nan,-0.067,nan,nan,0,0,0,-0.067,nan,500,fresh
143054,0,0,0,0,0,0,7,0,0,4,19,1,7,0,nan,nan,nan,nan,1.167,nan,nan,1,1,1,1.167,nan,nan,nan,nan,nan,-0.067,nan,nan,0,0,0,-0.067,nan,500,fresh
144124,0,0,0,0,0,0,7,0,0,4,19,1,7,0,nan,nan,nan,nan,1.167,nan,nan,1,1,1,1.167,nan,nan,nan,nan,nan,-0.067,nan,nan,0,0,0,-0.067,nan,500,fresh
145194,0,0,0,0,0,0,7,0,0,4,19,1,7,0,nan,nan,nan,nan,1.167,nan,nan,1,1,1,1.167,nan,nan,nan,nan,nan,-0.067,nan,nan,0,0,0,-0.067,nan,500,fresh
146264,0,0,0,0,0,0,7,0,0,4,19,1,7,0,nan,nan,nan,nan,1.167,nan,nan,1,1,1,1.167,nan,nan,nan,nan,nan,-0.067,nan,nan,0,0,0,-0.067,nan,500,fresh
147332,0,0,0,0,0,0,7,0,0,4,19,1,7,0,nan,nan,nan,nan,1.167,nan,nan,1,1,1,1.167,nan,nan,nan,nan,nan,-0.067,nan,nan,0,0,0,-0.067,nan,500,fresh
148402,0,0,0,0,0,0,7,0,0,4,19,1,7,0,nan,nan,nan,nan,1.167,nan,nan,1,1,1,1.167,nan,nan,nan,nan,nan,-0.067,nan,nan,0,0,0,-0.067,nan,500,fresh
149471,0,0,0,0,0,0,7,0,0,4,19,1,7,0,nan,nan,nan,nan,1.167,nan,nan,1,1,1,1.167,nan,nan,nan,nan,nan,-0.067,nan,nan,0,0,0,-0.067,nan,500,fresh
150541,0,0,0,0,0,0,7,0,0,4,19,1,7,0,nan,nan,nan,nan,1.167,nan,nan,1,1,1,1.167,nan,nan,nan,nan,nan,-0.067,nan,nan,0,0,0,-0.067,nan,500,fresh
151611,0,0,0,0,0,0,7,0,0,4,19,1,7,0,nan,nan,nan,nan,1.167,nan,nan,1,1,1,1.167,nan,nan,nan,nan,nan,-0.067,nan,nan,0,0,0,-0.067,nan,500,fresh
152680,0,0,0,0,0,0,7,0,0,4,19,1,7,0,nan,nan,nan,nan,1.167,nan,nan,1,1,1,1.167,nan,nan,nan,nan,nan,-0.067,nan,nan,0,0,0,-0.067,nan,500,fresh
153750,0,0,0,0,0,0,7,0,0,4,19,1,7,0,nan,nan,nan,nan,1.167,nan,nan,1,1,1,1.167,nan,nan,nan,nan,nan,-0.067,nan,nan,0,0,0,-0.067,nan,500,fresh
154820,0,0,0,0,0,0,7,0,0,4,19,1,7,0,nan,nan,nan,nan,1.167,nan,nan,1,1,1,1.167,nan,nan,nan,nan,nan,-0.067,nan,nan,0,0,0,-0.067,nan,500,fresh
155890,0,0,0,0,0,0,7,0,0,4,19,1,7,0,nan,nan,nan,nan,1.167,nan,nan,1,1,1,1.167,nan,nan,nan,nan,nan,-0.067,nan,nan,0,0,0,-0.067,nan,500,fresh
156960,0,0,0,0,0,0,7,0,0,4,19,1,7,0,nan,nan,nan,nan,1.167,nan,nan,1,1,1,1.167,nan,nan,nan,nan,nan,-0.067,nan,nan,0,0,0,-0.067,nan,500,fresh
158030,0,0,0,0,0,0,7,0,0,4,19,1,7,0,nan,nan,nan,nan,1.167,nan,nan,1,1,1,1.167,nan,nan,nan,nan,nan,-0.067,nan,nan,0,0,0,-0.067,nan,500,fresh
159100,0,0,0,0,0,0,7,0,0,4,19,1,6,0,nan,nan,nan,nan,1.167,nan,nan,1,1,1,1,nan,nan,nan,nan,nan,-0.067,nan,nan,0,0,0,0,nan,500,fresh
160168,0,0,0,0,0,0,7,0,0,4,19,1,7,0,nan,nan,nan,nan,1.167,nan,nan,1,1,1,1.167,nan,nan,nan,nan,nan,-0.067,nan,nan,0,0,0,-0.067,nan,500,fresh
161237,0,0,0,0,0,0,7,0,0,4,19,1,7,0,nan,nan,nan,nan,1.167,nan,nan,1,1,1,1.167,nan,nan,nan,nan,nan,-0.067,nan,nan,0,0,0,-0.067,nan,500,fresh
162306,0,0,0,0,0,0,7,0,0,4,19,1,7,0,nan,nan,nan,nan,1.167,nan,nan,1,1,1,1.167,nan,nan,nan,nan,nan,-0.067,nan,nan,0,0,0,-0.067,nan,500,fresh
163376,0,0,0,0,0,0,7,0,0,4,19,1,7,0,nan,nan,nan,nan,1.167,nan,nan,1,1,1,1.167,nan,nan,nan,nan,nan,-0.067,nan,nan,0,0,0,-0.067,nan,500,fresh
164444,0,0,0,0,0,0,7,0,0,4,19,1,7,0,nan,nan,nan,nan,1.167,nan,nan,1,1,1,1.167,nan,nan,nan,nan,nan,-0.067,nan,nan,0,0,0,-0.067,nan,500,fresh
165513,0,0,0,0,0,0,7,0,0,4,19,1,7,0,nan,nan,nan,nan,1.167,nan,nan,1,1,1,1.167,nan,nan,nan,nan,nan,-0.067,nan,nan,0,0,0,-0.067,nan,500,fresh
166583,0,0,0,0,0,0,7,0,0,4,19,1,7,0,nan,nan,nan,nan,1.167,nan,nan,1,1,1,1.167,nan,nan,nan,nan,nan,-0.067,nan,nan,0,0,0,-0.067,nan,500,fresh
167652,0,0,0,0,0,0,7,0,0,4,19,1,7,0,nan,nan,nan,nan,1.167,nan,nan,1,1,1,1.167,nan,nan,nan,nan,nan,-0.067,nan,nan,0,0,0,-0.067,nan,500,fresh
168722,0,0,0,0,0,0,7,0,0,4,19,1,7,0,nan,nan,nan,nan,1.167,nan,nan,1,1,1,1.167,nan,nan,nan,nan,nan,-0.067,nan,nan,0,0,0,-0.067,nan,500,fresh
169792,0,0,0,0,0,0,7,0,0,4,19,1,7,0,nan,nan,nan,nan,1.167,nan,nan,1,1,1,1.167,nan,nan,nan,nan,nan,-0.067,nan,nan,0,0,0,-0.067,nan,500,fresh
170862,0,0,0,0,0,0,7,0,0,4,19,1,7,0,nan,nan,nan,nan,1.167,nan,nan,1,1,1,1.167,nan,nan,nan,nan,nan,-0.067,nan,nan,0,0,0,-0.067,nan,500,fresh
171932,0,0,0,0,0,0,6,0,0,4,19,1,7,0,nan,nan,nan,nan,1,nan,nan,1,1,1,1.167,nan,nan,nan,nan,nan,0,nan,nan,0,0,0,-0.067,nan,500,fresh
173002,0,0,0,0,0,0,7,0,0,4,19,1,7,0,nan,nan,nan,nan,1.167,nan,nan,1,1,1,1.167,nan,nan,nan,nan,nan,-0.067,nan,nan,0,0,0,-0.067,nan,500,fresh
174072,0,0,0,0,0,0,7,0,0,4,19,1,7,0,nan,nan,nan,nan,1.167,nan,nan,1,1,1,1.167,nan,nan,nan,nan,nan,-0.067,nan,nan,0,0,0,-0.067,nan,500,fresh
175140,0,0,0,0,0,0,6,0,0,4,19,1,7,0,nan,nan,nan,nan,1,nan,nan,1,1,1,1.167,nan,nan,nan,nan,nan,0,nan,nan,0,0,0,-0.067,nan,500,fresh
176210,0,0,0,0,0,0,7,0,0,4,19,1,7,0,nan,nan,nan,nan,1.167,nan,nan,1,1,1,1.167,nan,nan,nan,nan,nan,-0.067,nan,nan,0,0,0,-0.067,nan,500,fresh
177280,0,0,0,0,0,0,7,0,0,4,19,1,7,0,nan,nan,nan,nan,1.167,nan,nan,1,1,1,1.167,nan,nan,nan,nan,nan,-0.067,nan,nan,0,0,0,-0.067,nan,500,fresh
178350,0,0,0,0,0,0,6,0,0,4,19,1,7,0,nan,nan,nan,nan,1,nan,nan,1,1,1,1.167,nan,nan,nan,nan,nan,0,nan,nan,0,0,0,-0.067,nan,500,fresh
179419,0,0,0,0,0,0,7,0,0,4,19,1,7,0,nan,nan,nan,nan,1.167,nan,nan,1,1,1,1.167,nan,nan,nan,nan,nan,-0.067,nan,nan,0,0,0,-0.067,nan,500,fresh
180488,0,0,0,0,0,0,7,0,0,4,19,1,7,0,nan,nan,nan,nan,1.167,nan,nan,1,1,1,1.167,nan,nan,nan,nan,nan,-0.067,nan,nan,0,0,0,-0.067,nan,500,fresh
181557,0,0,0,0,0,0,7,0,0,4,19,1,7,0,nan,nan,nan,nan,1.167,nan,nan,1,1,1,1.167,nan,nan,nan,nan,nan,-0.067,nan,nan,0,0,0,-0.067,nan,500,fresh
182627,0,0,0,0,0,0,7,0,0,4,19,1,7,0,nan,nan,nan,nan,1.167,nan,nan,1,1,1,1.167,nan,nan,nan,nan,nan,-0.067,nan,nan,0,0,0,-0.067,nan,500,fresh
183697,0,0,0,0,0,0,7,0,0,4,19,1,7,0,nan,nan,nan,nan,1.167,nan,nan,1,1,1,1.167,nan,nan,nan,nan,nan,-0.067,nan,nan,0,0,0,-0.067,nan,500,fresh
184766,0,0,0,0,0,0,7,0,0,4,19,1,7,0,nan,nan,nan,nan,1.167,nan,nan,1,1,1,1.167,nan,nan,nan,nan,nan,-0.067,nan,nan,0,0,0,-0.067,nan,500,fresh
185836,0,0,0,0,0,0,7,0,0,4,19,1,7,0,nan,nan,nan,nan,1.167,nan,nan,1,1,1,1.167,nan,nan,nan,nan,nan,-0.067,nan,nan,0,0,0,-0.067,nan,500,fresh
186906,0,0,0,0,0,0,7,0,0,4,19,1,7,0,nan,nan,nan,nan,1.167,nan,nan,1,1,1,1.167,nan,nan,nan,nan,nan,-0.067,nan,nan,0,0,0,-0.067,nan,500,fresh
187976,0,0,0,0,0,0,7,0,0,4,19,1,6,0,nan,nan,nan,nan,1.167,nan,nan,1,1,1,1,nan,nan,nan,nan,nan,-0.067,nan,nan,0,0,0,0,nan,500,fresh
189046,0,0,0,0,0,0,7,0,0,4,19,1,6,0,nan,nan,nan,nan,1.167,nan,nan,1,1,1,1,nan,nan,nan,nan,nan,-0.067,nan,nan,0,0,0,0,nan,500,fresh
190115,0,0,0,0,0,0,6,0,0,4,19,1,7,0,nan,nan,nan,nan,1,nan,nan,1,1,1,1.167,nan,nan,nan,nan,nan,0,nan,nan,0,0,0,-0.067,nan,500,fresh
191185,0,0,0,0,0,0,7,0,0,4,19,1,6,0,nan,nan,nan,nan,1.167,nan,nan,1,1,1,1,nan,nan,nan,nan,nan,-0.067,nan,nan,0,0,0,0,nan,500,fresh
192255,0,0,0,0,0,0,7,0,0,4,19,1,7,0,nan,nan,nan,nan,1.167,nan,nan,1,1,1,1.167,nan,nan,nan,nan,nan,-0.067,nan,nan,0,0,0,-0.067,nan,500,fresh
193324,0,0,0,0,0,0,7,0,0,4,19,1,7,0,nan,nan,nan,nan,1.167,nan,nan,1,1,1,1.167,nan,nan,nan,nan,nan,-0.067,nan,nan,0,0,0,-0.067,nan,500,fresh
194394,0,0,0,0,0,0,7,0,0,4,19,1,7,0,nan,nan,nan,nan,1.167,nan,nan,1,1,1,1.167,nan,nan,nan,nan,nan,-0.067,nan,nan,0,0,0,-0.067,nan,500,fresh
195464,0,0,0,0,0,0,7,0,0,4,19,1,7,0,nan,nan,nan,nan,1.167,nan,nan,1,1,1,1.167,nan,nan,nan,nan,nan,-0.067,nan,nan,0,0,0,-0.067,nan,500,fresh
196534,0,0,0,0,0,0,7,0,0,4,19,1,7,0,nan,nan,nan,nan,1.167,nan,nan,1,1,1,1.167,nan,nan,nan,nan,nan,-0.067,nan,nan,0,0,0,-0.067,nan,500,fresh
197604,0,0,0,0,0,0,7,0,0,4,19,1,7,0,nan,nan,nan,nan,1.167,nan,nan,1,1,1,1.167,nan,nan,nan,nan,nan,-0.067,nan,nan,0,0,0,-0.067,nan,500,fresh
198673,0,0,0,0,0,0,7,0,0,4,19,1,7,0,nan,nan,nan,nan,1.167,nan,nan,1,1,1,1.167,nan,nan,nan,nan,nan,-0.067,nan,nan,0,0,0,-0.067,nan,500,fresh
199741,0,0,0,0,0,0,6,0,0,4,19,1,7,0,nan,nan,nan,nan,1,nan,nan,1,1,1,1.167,nan,nan,nan,nan,nan,0,nan,nan,0,0,0,-0.067,nan,500,fresh
200810,0,0,0,0,0,0,7,0,0,4,19,1,7,0,nan,nan,nan,nan,1.167,nan,nan,1,1,1,1.167,nan,nan,nan,nan,nan,-0.067,nan,nan,0,0,0,-0.067,nan,500,fresh
201880,0,0,0,0,0,0,7,0,0,4,19,1,7,0,nan,nan,nan,nan,1.167,nan,nan,1,1,1,1.167,nan,nan,nan,nan,nan,-0.067,nan,nan,0,0,0,-0.067,nan,500,fresh
202950,0,0,0,0,0,0,7,0,0,4,19,1,7,0,nan,nan,nan,nan,1.167,nan,nan,1,1,1,1.167,nan,nan,nan,nan,nan,-0.067,nan,nan,0,0,0,-0.067,nan,500,fresh
204019,0,0,0,0,0,0,7,0,0,4,19,1,7,0,nan,nan,nan,nan,1.167,nan,nan,1,1,1,1.167,nan,nan,nan,nan,nan,-0.067,nan,nan,0,0,0,-0.067,nan,500,fresh
205089,0,0,0,0,0,0,7,0,0,4,19,1,6,0,nan,nan,nan,nan,1.167,nan,nan,1,1,1,1,nan,nan,nan,nan,nan,-0.067,nan,nan,0,0,0,0,nan,500,fresh
206159,0,0,0,0,0,0,7,0,0,4,19,1,7,0,nan,nan,nan,nan,1.167,nan,nan,1,1,1,1.167,nan,nan,nan,nan,nan,-0.067,nan,nan,0,0,0,-0.067,nan,500,fresh
207228,0,0,0,0,0,0,7,0,0,4,19,1,7,0,nan,nan,nan,nan,1.167,nan,nan,1,1,1,1.167,nan,nan,nan,nan,nan,-0.067,nan,nan,0,0,0,-0.067,nan,500,fresh
208298,0,0,0,0,0,0,7,0,0,4,19,1,6,0,nan,nan,nan,nan,1.167,nan,nan,1,1,1,1,nan,nan,nan,nan,nan,-0.067,nan,nan,0,0,0,0,nan,500,fresh
209368,0,0,0,0,0,0,7,0,0,4,19,1,7,0,nan,nan,nan,nan,1.167,nan,nan,1,1,1,1.167,nan,nan,nan,nan,nan,-0.067,nan,nan,0,0,0,-0.067,nan,500,fresh
210437,0,0,0,0,0,0,7,0,0,4,19,1,7,0,nan,nan,nan,nan,1.167,nan,nan,1,1,1,1.167,nan,nan,nan,nan,nan,-0.067,nan,nan,0,0,0,-0.067,nan,500,fresh
211507,0,0,0,0,0,0,6,0,0,4,19,1,7,0,nan,nan,nan,nan,1,nan,nan,1,1,1,1.167,nan,nan,nan,nan,nan,0,nan,nan,0,0,0,-0.067,nan,500,fresh
212576,0,0,0,0,0,0,6,0,0,4,19,1,7,0,nan,nan,nan,nan,1,nan,nan,1,1,1,1.167,nan,nan,nan,nan,nan,0,nan,nan,0,0,0,-0.067,nan,500,fresh
213644,0,0,0,0,0,0,7,0,0,4,19,1,6,0,nan,nan,nan,nan,1.167,nan,nan,1,1,1,1,nan,nan,nan,nan,nan,-0.067,nan,nan,0,0,0,0,nan,500,fresh
214713,0,0,0,0,0,0,7,0,0,4,19,1,7,0,nan,nan,nan,nan,1.167,nan,nan,1,1,1,1.167,nan,nan,nan,nan,nan,-0.067,nan,nan,0,0,0,-0.067,nan,500,fresh
215783,0,0,0,0,0,0,7,0,0,4,19,1,7,0,nan,nan,nan,nan,1.167,nan,nan,1,1,1,1.167,nan,nan,nan,nan,nan,-0.067,nan,nan,0,0,0,-0.067,nan,500,fresh
216853,0,0,0,0,0,0,7,0,0,4,19,1,7,0,nan,nan,nan,nan,1.167,nan,nan,1,1,1,1.167,nan,nan,nan,nan,nan,-0.067,nan,nan,0,0,0,-0.067,nan,500,fresh
217921,0,0,0,0,0,0,7,0,0,4,19,1,6,0,nan,nan,nan,nan,1.167,nan,nan,1,1,1,1,nan,nan,nan,nan,nan,-0.067,nan,nan,0,0,0,0,nan,500,fresh
218990,0,0,0,0,0,0,7,0,0,4,19,1,7,0,nan,nan,nan,nan,1.167,nan,nan,1,1,1,1.167,nan,nan,nan,nan,nan,-0.067,nan,nan,0,0,0,-0.067,nan,500,fresh
220060,0,0,0,0,0,0,6,0,0,4,19,1,7,0,nan,nan,nan,nan,1,nan,nan,1,1,1,1.167,nan,nan,nan,nan,nan,0,nan,nan,0,0,0,-0.067,nan,500,fresh
221130,0,0,0,0,0,0,7,0,0,4,19,1,7,0,nan,nan,nan,nan,1.167,nan,nan,1,1,1,1.167,nan,nan,nan,nan,nan,-0.067,nan,nan,0,0,0,-0.067,nan,500,fresh
222198,0,0,0,0,0,0,7,0,0,4,19,1,7,0,nan,nan,nan,nan,1.167,nan,nan,1,1,1,1.167,nan,nan,nan,nan,nan,-0.067,nan,nan,0,0,0,-0.067,nan,500,fresh
223267,0,0,0,0,0,0,7,0,0,4,19,1,7,0,nan,nan,nan,nan,1.167,nan,nan,1,1,1,1.167,nan,nan,nan,nan,nan,-0.067,nan,nan,0,0,0,-0.067,nan,500,fresh
224337,0,0,0,0,0,0,6,0,0,4,19,1,7,0,nan,nan,nan,nan,1,nan,nan,1,1,1,1.167,nan,nan,nan,nan,nan,0,nan,nan,0,0,0,-0.067,nan,500,fresh
225406,0,0,0,0,0,0,6,0,0,4,19,1,7,0,nan,nan,nan,nan,1,nan,nan,1,1,1,1.167,nan,nan,nan,nan,nan,0,nan,nan,0,0,0,-0.067,nan,500,fresh
226475,0,0,0,0,0,0,7,0,0,4,19,1,7,0,nan,nan,nan,nan,1.167,nan,nan,1,1,1,1.167,nan,nan,nan,nan,nan,-0.067,nan,nan,0,0,0,-0.067,nan,500,fresh
227544,0,0,0,0,0,0,6,0,0,4,19,1,7,0,nan,nan,nan,nan,1,nan,nan,1,1,1,1.167,nan,nan,nan,nan,nan,0,nan,nan,0,0,0,-0.067,nan,500,fresh
228614,0,0,0,0,0,0,7,0,0,4,19,1,7,0,nan,nan,nan,nan,1.167,nan,nan,1,1,1,1.167,nan,nan,nan,nan,nan,-0.067,nan,nan,0,0,0,-0.067,nan,500,fresh
229683,0,0,0,0,0,0,7,0,0,3,19,1,7,0,nan,nan,nan,nan,1.167,nan,nan,0.75,1,1,1.167,nan,nan,nan,nan,nan,-0.067,nan,nan,0.125,0,0,-0.067,nan,500,fresh
230752,0,0,0,0,0,0,6,0,0,4,19,1,6,0,nan,nan,nan,nan,1,nan,nan,1,1,1,1,nan,nan,nan,nan,nan,0,nan,nan,0,0,0,0,nan,500,fresh
231822,0,0,0,0,0,0,7,0,0,4,19,1,7,0,nan,nan,nan,nan,1.167,nan,nan,1,1,1,1.167,nan,nan,nan,nan,nan,-0.067,nan,nan,0,0,0,-0.067,nan,500,fresh
232892,0,0,0,0,0,0,7,0,0,4,19,1,7,0,nan,nan,nan,nan,1.167,nan,nan,1,1,1,1.167,nan,nan,nan,nan,nan,-0.067,nan,nan,0,0,0,-0.067,nan,500,fresh
233962,0,0,0,0,0,0,6,0,0,4,19,1,7,0,nan,nan,nan,nan,1,nan,nan,1,1,1,1.167,nan,nan,nan,nan,nan,0,nan,nan,0,0,0,-0.067,nan,500,fresh
235031,0,0,0,0,0,0,6,0,0,4,19,1,7,0,nan,nan,nan,nan,1,nan,nan,1,1,1,1.167,nan,nan,nan,nan,nan,0,nan,nan,0,0,0,-0.067,nan,500,fresh
236100,0,0,0,0,0,0,7,0,0,4,19,1,6,0,nan,nan,nan,nan,1.167,nan,nan,1,1,1,1,nan,nan,nan,nan,nan,-0.067,nan,nan,0,0,0,0,nan,500,fresh
237170,0,0,0,0,0,0,7,0,0,4,19,1,7,0,nan,nan,nan,nan,1.167,nan,nan,1,1,1,1.167,nan,nan,nan,nan,nan,-0.067,nan,nan,0,0,0,-0.067,nan,500,fresh
238240,0,0,0,0,0,0,7,0,0,4,19,1,7,0,nan,nan,nan,nan,1.167,nan,nan,1,1,1,1.167,nan,nan,nan,nan,nan,-0.067,nan,nan,0,0,0,-0.067,nan,500,fresh
239309,0,0,0,0,0,0,7,0,0,4,19,1,6,0,nan,nan,nan,nan,1.167,nan,nan,1,1,1,1,nan,nan,nan,nan,nan,-0.067,nan,nan,0,0,0,0,nan,500,fresh
240379,0,0,0,0,0,0,7,0,0,4,19,1,7,0,nan,nan,nan,nan,1.167,nan,nan,1,1,1,1.167,nan,nan,nan,nan,nan,-0.067,nan,nan,0,0,0,-0.067,nan,500,fresh
241449,0,0,0,0,0,0,7,0,0,4,19,1,6,0,nan,nan,nan,nan,1.167,nan,nan,1,1,1,1,nan,nan,nan,nan,nan,-0.067,nan,nan,0,0,0,0,nan,500,fresh
242519,0,0,0,0,0,0,7,0,0,4,19,1,7,0,nan,nan,nan,nan,1.167,nan,nan,1,1,1,1.167,nan,nan,nan,nan,nan,-0.067,nan,nan,0,0,0,-0.067,nan,500,fresh
243588,0,0,0,0,0,0,7,0,0,4,19,1,6,0,nan,nan,nan,nan,1.167,nan,nan,1,1,1,1,nan,nan,nan,nan,nan,-0.067,nan,nan,0,0,0,0,nan,500,fresh
244657,0,0,0,0,0,0,7,0,0,4,19,1,7,0,nan,nan,nan,nan,1.167,nan,nan,1,1,1,1.167,nan,nan,nan,nan,nan,-0.067,nan,nan,0,0,0,-0.067,nan,500,fresh
245727,0,0,0,0,0,0,7,0,0,4,19,1,7,0,nan,nan,nan,nan,1.167,nan,nan,1,1,1,1.167,nan,nan,nan,nan,nan,-0.067,nan,nan,0,0,0,-0.067,nan,500,fresh
246795,0,0,0,0,0,0,7,0,0,4,19,1,7,0,nan,nan,nan,nan,1.167,nan,nan,1,1,1,1.167,nan,nan,nan,nan,nan,-0.067,nan,nan,0,0,0,-0.067,nan,500,fresh
247864,0,0,0,0,0,0,7,0,0,4,19,1,7,0,nan,nan,nan,nan,1.167,nan,nan,1,1,1,1.167,nan,nan,nan,nan,nan,-0.067,nan,nan,0,0,0,-0.067,nan,500,fresh
248934,0,0,0,0,0,0,7,0,0,4,19,1,7,0,nan,nan,nan,nan,1.167,nan,nan,1,1,1,1.167,nan,nan,nan,nan,nan,-0.067,nan,nan,0,0,0,-0.067,nan,500,fresh
250004,0,0,0,0,0,0,6,0,0,4,19,1,7,0,nan,nan,nan,nan,1,nan,nan,1,1,1,1.167,nan,nan,nan,nan,nan,0,nan,nan,0,0,0,-0.067,nan,500,fresh
251073,0,0,0,0,0,0,7,0,0,4,19,1,7,0,nan,nan,nan,nan,1.167,nan,nan,1,1,1,1.167,nan,nan,nan,nan,nan,-0.067,nan,nan,0,0,0,-0.067,nan,500,fresh
252142,0,0,0,0,0,0,7,0,0,4,19,1,7,0,nan,nan,nan,nan,1.167,nan,nan,1,1,1,1.167,nan,nan,nan,nan,nan,-0.067,nan,nan,0,0,0,-0.067,nan,500,fresh
253212,0,0,0,0,0,0,7,0,0,4,19,1,7,0,nan,nan,nan,nan,1.167,nan,nan,1,1,1,1.167,nan,nan,nan,nan,nan,-0.067,nan,nan,0,0,0,-0.067,nan,500,fresh
254280,0,0,0,0,0,0,7,0,0,4,19,1,6,0,nan,nan,nan,nan,1.167,nan,nan,1,1,1,1,nan,nan,nan,nan,nan,-0.067,nan,nan,0,0,0,0,nan,500,fresh
255350,0,0,0,0,0,0,7,0,0,4,19,1,7,0,nan,nan,nan,nan,1.167,nan,nan,1,1,1,1.167,nan,nan,nan,nan,nan,-0.067,nan,nan,0,0,0,-0.067,nan,500,fresh
256419,0,0,0,0,0,0,7,0,0,4,19,1,7,0,nan,nan,nan,nan,1.167,nan,nan,1,1,1,1.167,nan,nan,nan,nan,nan,-0.067,nan,nan,0,0,0,-0.067,nan,500,fresh
257489,0,0,0,0,0,0,7,0,0,4,19,1,7,0,nan,nan,nan,nan,1.167,nan,nan,1,1,1,1.167,nan,nan,nan,nan,nan,-0.067,nan,nan,0,0,0,-0.067,nan,500,fresh
258559,0,0,0,0,0,0,7,0,0,4,19,1,7,0,nan,nan,nan,nan,1.167,nan,nan,1,1,1,1.167,nan,nan,nan,nan,nan,-0.067,nan,nan,0,0,0,-0.067,nan,500,fresh
259627,0,0,0,0,0,0,7,0,0,4,19,1,7,0,nan,nan,nan,nan,1.167,nan,nan,1,1,1,1.167,nan,nan,nan,nan,nan,-0.067,nan,nan,0,0,0,-0.067,nan,500,fresh
260695,0,0,0,0,0,0,7,0,0,4,19,1,7,0,nan,nan,nan,nan,1.167,nan,nan,1,1,1,1.167,nan,nan,nan,nan,nan,-0.067,nan,nan,0,0,0,-0.067,nan,500,fresh
261765,0,0,0,0,0,0,7,0,0,4,19,1,7,0,nan,nan,nan,nan,1.167,nan,nan,1,1,1,1.167,nan,nan,nan,nan,nan,-0.067,nan,nan,0,0,0,-0.067,nan,500,fresh
262834,0,0,0,0,0,0,7,0,0,4,19,1,7,0,nan,nan,nan,nan,1.167,nan,nan,1,1,1,1.167,nan,nan,nan,nan,nan,-0.067,nan,nan,0,0,0,-0.067,nan,500,fresh
263904,0,0,0,0,0,0,7,0,0,4,19,1,7,0,nan,nan,nan,nan,1.167,nan,nan,1,1,1,1.167,nan,nan,nan,nan,nan,-0.067,nan,nan,0,0,0,-0.067,nan,500,fresh
264974,0,0,0,0,0,0,6,0,0,4,19,1,6,0,nan,nan,nan,nan,1,nan,nan,1,1,1,1,nan,nan,nan,nan,nan,0,nan,nan,0,0,0,0,nan,500,fresh
266042,0,0,0,0,0,0,7,0,0,4,19,1,7,0,nan,nan,nan,nan,1.167,nan,nan,1,1,1,1.167,nan,nan,nan,nan,nan,-0.067,nan,nan,0,0,0,-0.067,nan,500,fresh
267111,0,0,0,0,0,0,7,0,0,4,19,1,7,0,nan,nan,nan,nan,1.167,nan,nan,1,1,1,1.167,nan,nan,nan,nan,nan,-0.067,nan,nan,0,0,0,-0.067,nan,500,fresh
268181,0,0,0,0,0,0,7,0,0,4,19,1,7,0,nan,nan,nan,nan,1.167,nan,nan,1,1,1,1.167,nan,nan,nan,nan,nan,-0.067,nan,nan,0,0,0,-0.067,nan,500,fresh
269251,0,0,0,0,0,0,7,0,0,4,19,1,7,0,nan,nan,nan,nan,1.167,nan,nan,1,1,1,1.167,nan,nan,nan,nan,nan,-0.067,nan,nan,0,0,0,-0.067,nan,500,fresh
270321,0,0,0,0,0,0,6,0,0,4,19,1,7,0,nan,nan,nan,nan,1,nan,nan,1,1,1,1.167,nan,nan,nan,nan,nan,0,nan,nan,0,0,0,-0.067,nan,500,fresh
271390,0,0,0,0,0,0,7,0,0,4,19,1,7,0,nan,nan,nan,nan,1.167,nan,nan,1,1,1,1.167,nan,nan,nan,nan,nan,-0.067,nan,nan,0,0,0,-0.067,nan,500,fresh
272459,0,0,0,0,0,0,7,0,0,4,19,1,6,0,nan,nan,nan,nan,1.167,nan,nan,1,1,1,1,nan,nan,nan,nan,nan,-0.067,nan,nan,0,0,0,0,nan,500,fresh
273528,0,0,0,0,0,0,7,0,0,4,19,1,6,0,nan,nan,nan,nan,1.167,nan,nan,1,1,1,1,nan,nan,nan,nan,nan,-0.067,nan,nan,0,0,0,0,nan,500,fresh
274597,0,0,0,0,0,0,7,0,0,4,19,1,7,0,nan,nan,nan,nan,1.167,nan,nan,1,1,1,1.167,nan,nan,nan,nan,nan,-0.067,nan,nan,0,0,0,-0.067,nan,500,fresh
275667,0,0,0,0,0,0,7,0,0,4,19,1,7,0,nan,nan,nan,nan,1.167,nan,nan,1,1,1,1.167,nan,nan,nan,nan,nan,-0.067,nan,nan,0,0,0,-0.067,nan,500,fresh
276737,0,0,0,0,0,0,6,0,0,4,19,1,7,0,nan,nan,nan,nan,1,nan,nan,1,1,1,1.167,nan,nan,nan,nan,nan,0,nan,nan,0,0,0,-0.067,nan,500,fresh
277806,0,0,0,0,0,0,7,0,0,4,19,1,7,0,nan,nan,nan,nan,1.167,nan,nan,1,1,1,1.167,nan,nan,nan,nan,nan,-0.067,nan,nan,0,0,0,-0.067,nan,500,fresh
278875,0,0,0,0,0,0,6,0,0,4,19,1,6,0,nan,nan,nan,nan,1,nan,nan,1,1,1,1,nan,nan,nan,nan,nan,0,nan,nan,0,0,0,0,nan,500,fresh
279945,0,0,0,0,0,0,7,0,0,4,19,1,7,0,nan,nan,nan,nan,1.167,nan,nan,1,1,1,1.167,nan,nan,nan,nan,nan,-0.067,nan,nan,0,0,0,-0.067,nan,500,fresh
281015,0,0,0,0,0,0,6,0,0,4,19,1,7,0,nan,nan,nan,nan,1,nan,nan,1,1,1,1.167,nan,nan,nan,nan,nan,0,nan,nan,0,0,0,-0.067,nan,500,fresh
282084,0,0,0,0,0,0,7,0,0,4,19,1,7,0,nan,nan,nan,nan,1.167,nan,nan,1,1,1,1.167,nan,nan,nan,nan,nan,-0.067,nan,nan,0,0,0,-0.067,nan,500,fresh
283153,0,0,0,0,0,0,7,0,0,4,19,1,7,0,nan,nan,nan,nan,1.167,nan,nan,1,1,1,1.167,nan,nan,nan,nan,nan,-0.067,nan,nan,0,0,0,-0.067,nan,500,fresh
284222,0,0,0,0,0,0,6,0,0,4,19,1,7,0,nan,nan,nan,nan,1,nan,nan,1,1,1,1.167,nan,nan,nan,nan,nan,0,nan,nan,0,0,0,-0.067,nan,500,fresh
285292,0,0,0,0,0,0,7,0,0,4,19,1,7,0,nan,nan,nan,nan,1.167,nan,nan,1,1,1,1.167,nan,nan,nan,nan,nan,-0.067,nan,nan,0,0,0,-0.067,nan,500,fresh
286361,0,0,0,0,0,0,7,0,0,4,19,1,7,0,nan,nan,nan,nan,1.167,nan,nan,1,1,1,1.167,nan,nan,nan,nan,nan,-0.067,nan,nan,0,0,0,-0.067,nan,500,fresh
287430,0,0,0,0,0,0,7,0,0,4,19,1,7,0,nan,nan,nan,nan,1.167,nan,nan,1,1,1,1.167,nan,nan,nan,nan,nan,-0.067,nan,nan,0,0,0,-0.067,nan,500,fresh
288499,0,0,0,0,0,0,6,0,0,4,19,1,7,0,nan,nan,nan,nan,1,nan,nan,1,1,1,1.167,nan,nan,nan,nan,nan,0,nan,nan,0,0,0,-0.067,nan,500,fresh
289569,0,0,0,0,0,0,7,0,0,4,19,1,7,0,nan,nan,nan,nan,1.167,nan,nan,1,1,1,1.167,nan,nan,nan,nan,nan,-0.067,nan,nan,0,0,0,-0.067,nan,500,fresh
290639,0,0,0,0,0,0,7,0,0,4,19,1,7,0,nan,nan,nan,nan,1.167,nan,nan,1,1,1,1.167,nan,nan,nan,nan,nan,-0.067,nan,nan,0,0,0,-0.067,nan,500,fresh
291709,0,0,0,0,0,0,6,0,0,4,19,1,7,0,nan,nan,nan,nan,1,nan,nan,1,1,1,1.167,nan,nan,nan,nan,nan,0,nan,nan,0,0,0,-0.067,nan,500,fresh
292779,0,0,0,0,0,0,7,0,0,4,19,1,7,0,nan,nan,nan,nan,1.167,nan,nan,1,1,1,1.167,nan,nan,nan,nan,nan,-0.067,nan,nan,0,0,0,-0.067,nan,500,fresh
293848,0,0,0,0,0,0,7,0,0,4,19,1,7,0,nan,nan,nan,nan,1.167,nan,nan,1,1,1,1.167,nan,nan,nan,nan,nan,-0.067,nan,nan,0,0,0,-0.067,nan,500,fresh
294918,0,0,0,0,0,0,7,0,0,4,19,1,7,0,nan,nan,nan,nan,1.167,nan,nan,1,1,1,1.167,nan,nan,nan,nan,nan,-0.067,nan,nan,0,0,0,-0.067,nan,500,fresh
295987,0,0,0,0,0,0,6,0,0,4,19,1,7,0,nan,nan,nan,nan,1,nan,nan,1,1,1,1.167,nan,nan,nan,nan,nan,0,nan,nan,0,0,0,-0.067,nan,500,fresh
297057,0,0,0,0,0,0,7,0,0,4,19,1,6,0,nan,nan,nan,nan,1.167,nan,nan,1,1,1,1,nan,nan,nan,nan,nan,-0.067,nan,nan,0,0,0,0,nan,500,fresh
298126,0,0,0,0,0,0,7,0,0,4,19,1,6,0,nan,nan,nan,nan,1.167,nan,nan,1,1,1,1,nan,nan,nan,nan,nan,-0.067,nan,nan,0,0,0,0,nan,500,fresh
299195,0,0,0,0,0,0,7,0,0,4,19,1,7,0,nan,nan,nan,nan,1.167,nan,nan,1,1,1,1.167,nan,nan,nan,nan,nan,-0.067,nan,nan,0,0,0,-0.067,nan,500,fresh
300265,0,0,0,0,0,0,7,0,0,4,19,1,6,0,nan,nan,nan,nan,1.167,nan,nan,1,1,1,1,nan,nan,nan,nan,nan,-0.067,nan,nan,0,0,0,0,nan,500,fresh
301335,0,0,0,0,0,0,7,0,0,4,19,1,7,0,nan,nan,nan,nan,1.167,nan,nan,1,1,1,1.167,nan,nan,nan,nan,nan,-0.067,nan,nan,0,0,0,-0.067,nan,500,fresh
302405,0,0,0,0,0,0,7,0,0,4,19,1,7,0,nan,nan,nan,nan,1.167,nan,nan,1,1,1,1.167,nan,nan,nan,nan,nan,-0.067,nan,nan,0,0,0,-0.067,nan,500,fresh
303475,0,0,0,0,0,0,7,0,0,4,19,1,7,0,nan,nan,nan,nan,1.167,nan,nan,1,1,1,1.167,nan,nan,nan,nan,nan,-0.067,nan,nan,0,0,0,-0.067,nan,500,fresh
304544,0,0,0,0,0,0,6,0,0,4,19,1,7,0,nan,nan,nan,nan,1,nan,nan,1,1,1,1.167,nan,nan,nan,nan,nan,0,nan,nan,0,0,0,-0.067,nan,500,fresh
305613,0,0,0,0,0,0,6,0,0,4,19,1,7,0,nan,nan,nan,nan,1,nan,nan,1,1,1,1.167,nan,nan,nan,nan,nan,0,nan,nan,0,0,0,-0.067,nan,500,fresh
306683,0,0,0,0,0,0,7,0,0,4,19,1,7,0,nan,nan,nan,nan,1.167,nan,nan,1,1,1,1.167,nan,nan,nan,nan,nan,-0.067,nan,nan,0,0,0,-0.067,nan,500,fresh
307752,0,0,0,0,0,0,7,0,0,3,19,1,7,0,nan,nan,nan,nan,1.167,nan,nan,0.75,1,1,1.167,nan,nan,nan,nan,nan,-0.067,nan,nan,0.125,0,0,-0.067,nan,500,fresh
308821,0,0,0,0,0,0,7,0,0,4,19,1,7,0,nan,nan,nan,nan,1.167,nan,nan,1,1,1,1.167,nan,nan,nan,nan,nan,-0.067,nan,nan,0,0,0,-0.067,nan,500,fresh
309891,0,0,0,0,0,0,7,0,0,4,19,1,6,0,nan,nan,nan,nan,1.167,nan,nan,1,1,1,1,nan,nan,nan,nan,nan,-0.067,nan,nan,0,0,0,0,nan,500,fresh
310960,0,0,0,0,0,0,7,0,0,4,19,1,7,0,nan,nan,nan,nan,1.167,nan,nan,1,1,1,1.167,nan,nan,nan,nan,nan,-0.067,nan,nan,0,0,0,-0.067,nan,500,fresh
312029,0,0,0,0,0,0,7,0,0,4,19,1,6,0,nan,nan,nan,nan,1.167,nan,nan,1,1,1,1,nan,nan,nan,nan,nan,-0.067,nan,nan,0,0,0,0,nan,500,fresh
313098,0,0,0,0,0,0,7,0,0,4,19,1,7,0,nan,nan,nan,nan,1.167,nan,nan,1,1,1,1.167,nan,nan,nan,nan,nan,-0.067,nan,nan,0,0,0,-0.067,nan,500,fresh
323795,0,0,0,0,0,0,7,0,0,4,19,1,7,0,nan,nan,nan,nan,1.167,nan,nan,1,1,1,1.167,nan,nan,nan,nan,nan,-0.067,nan,nan,0,0,0,-0.067,nan,500,fresh
324865,0,0,0,0,0,0,7,0,0,4,19,1,7,0,nan,nan,nan,nan,1.167,nan,nan,1,1,1,1.167,nan,nan,nan,nan,nan,-0.067,nan,nan,0,0,0,-0.067,nan,500,fresh
325934,0,0,0,0,0,0,7,0,0,4,19,1,7,0,nan,nan,nan,nan,1.167,nan,nan,1,1,1,1.167,nan,nan,nan,nan,nan,-0.067,nan,nan,0,0,0,-0.067,nan,500,fresh
327004,0,0,0,0,0,0,7,0,0,4,19,1,7,0,nan,nan,nan,nan,1.167,nan,nan,1,1,1,1.167,nan,nan,nan,nan,nan,-0.067,nan,nan,0,0,0,-0.067,nan,500,fresh
347322,0,0,0,0,0,0,7,0,0,4,20,1,7,0,nan,nan,nan,nan,1.167,nan,nan,1,1.053,1,1.167,nan,nan,nan,nan,nan,-0.067,nan,nan,0,-0.022,0,-0.067,nan,500,fresh
348392,0,0,0,0,0,0,7,0,0,4,20,1,7,0,nan,nan,nan,nan,1.167,nan,nan,1,1.053,1,1.167,nan,nan,nan,nan,nan,-0.067,nan,nan,0,-0.022,0,-0.067,nan,500,fresh
349461,0,0,0,0,0,0,7,0,0,4,19,1,7,0,nan,nan,nan,nan,1.167,nan,nan,1,1,1,1.167,nan,nan,nan,nan,nan,-0.067,nan,nan,0,0,0,-0.067,nan,500,fresh
350530,0,0,0,0,0,0,7,0,0,4,20,1,7,0,nan,nan,nan,nan,1.167,nan,nan,1,1.053,1,1.167,nan,nan,nan,nan,nan,-0.067,nan,nan,0,-0.022,0,-0.067,nan,500,fresh
351600,0,0,0,0,0,0,7,0,0,4,20,1,7,0,nan,nan,nan,nan,1.167,nan,nan,1,1.053,1,1.167,nan,nan,nan,nan,nan,-0.067,nan,nan,0,-0.022,0,-0.067,nan,500,fresh
352669,0,0,0,0,0,0,7,0,0,4,20,1,7,0,nan,nan,nan,nan,1.167,nan,nan,1,1.053,1,1.167,nan,nan,nan,nan,nan,-0.067,nan,nan,0,-0.022,0,-0.067,nan,500,fresh
353738,0,0,0,0,0,0,7,0,0,4,20,1,7,0,nan,nan,nan,nan,1.167,nan,nan,1,1.053,1,1.167,nan,nan,nan,nan,nan,-0.067,nan,nan,0,-0.022,0,-0.067,nan,500,fresh
354807,0,0,0,0,0,0,7,0,0,4,20,1,7,0,nan,nan,nan,nan,1.167,nan,nan,1,1.053,1,1.167,nan,nan,nan,nan,nan,-0.067,nan,nan,0,-0.022,0,-0.067,nan,500,fresh
355876,0,0,0,0,0,0,7,0,0,4,20,1,7,0,nan,nan,nan,nan,1.167,nan,nan,1,1.053,1,1.167,nan,nan,nan,nan,nan,-0.067,nan,nan,0,-0.022,0,-0.067,nan,500,fresh
356945,0,0,0,0,0,0,7,0,0,4,20,1,7,0,nan,nan,nan,nan,1.167,nan,nan,1,1.053,1,1.167,nan,nan,nan,nan,nan,-0.067,nan,nan,0,-0.022,0,-0.067,nan,500,fresh
358014,0,0,0,0,0,0,7,0,0,4,20,1,7,0,nan,nan,nan,nan,1.167,nan,nan,1,1.053,1,1.167,nan,nan,nan,nan,nan,-0.067,nan,nan,0,-0.022,0,-0.067,nan,500,fresh
359084,0,0,0,0,0,0,7,0,0,4,20,1,7,0,nan,nan,nan,nan,1.167,nan,nan,1,1.053,1,1.167,nan,nan,nan,nan,nan,-0.067,nan,nan,0,-0.022,0,-0.067,nan,500,fresh
360154,0,0,0,0,0,0,7,0,0,4,20,1,7,0,nan,nan,nan,nan,1.167,nan,nan,1,1.053,1,1.167,nan,nan,nan,nan,nan,-0.067,nan,nan,0,-0.022,0,-0.067,nan,500,fresh
361224,0,0,0,0,0,0,7,0,0,4,20,1,7,0,nan,nan,nan,nan,1.167,nan,nan,1,1.053,1,1.167,nan,nan,nan,nan,nan,-0.067,nan,nan,0,-0.022,0,-0.067,nan,500,fresh
362294,0,0,0,0,0,0,7,0,0,4,19,1,7,0,nan,nan,nan,nan,1.167,nan,nan,1,1,1,1.167,nan,nan,nan,nan,nan,-0.067,nan,nan,0,0,0,-0.067,nan,500,fresh
363364,0,0,0,0,0,0,7,0,0,4,20,1,7,0,nan,nan,nan,nan,1.167,nan,nan,1,1.053,1,1.167,nan,nan,nan,nan,nan,-0.067,nan,nan,0,-0.022,0,-0.067,nan,500,fresh
364434,0,0,0,0,0,0,7,0,0,4,20,1,7,0,nan,nan,nan,nan,1.167,nan,nan,1,1.053,1,1.167,nan,nan,nan,nan,nan,-0.067,nan,nan,0,-0.022,0,-0.067,nan,500,fresh
365504,0,0,0,0,0,0,7,0,0,4,20,1,7,0,nan,nan,nan,nan,1.167,nan,nan,1,1.053,1,1.167,nan,nan,nan,nan,nan,-0.067,nan,nan,0,-0.022,0,-0.067,nan,500,fresh
366574,0,0,0,0,0,0,7,0,0,4,20,1,7,0,nan,nan,nan,nan,1.167,nan,nan,1,1.053,1,1.167,nan,nan,nan,nan,nan,-0.067,nan,nan,0,-0.022,0,-0.067,nan,500,fresh
367643,0,0,0,0,0,0,7,0,0,4,20,1,7,0,nan,nan,nan,nan,1.167,nan,nan,1,1.053,1,1.167,nan,nan,nan,nan,nan,-0.067,nan,nan,0,-0.022,0,-0.067,nan,500,fresh
368713,0,0,0,0,0,0,7,0,0,4,20,1,7,0,nan,nan,nan,nan,1.167,nan,nan,1,1.053,1,1.167,nan,nan,nan,nan,nan,-0.067,nan,nan,0,-0.022,0,-0.067,nan,500,fresh
369783,0,0,0,0,0,0,7,0,0,4,20,1,7,0,nan,nan,nan,nan,1.167,nan,nan,1,1.053,1,1.167,nan,nan,nan,nan,nan,-0.067,nan,nan,0,-0.022,0,-0.067,nan,500,fresh
370852,0,0,0,0,0,0,7,0,0,4,20,1,7,0,nan,nan,nan,nan,1.167,nan,nan,1,1.053,1,1.167,nan,nan,nan,nan,nan,-0.067,nan,nan,0,-0.022,0,-0.067,nan,500,fresh
371922,0,0,0,0,0,0,7,0,0,4,20,1,7,0,nan,nan,nan,nan,1.167,nan,nan,1,1.053,1,1.167,nan,nan,nan,nan,nan,-0.067,nan,nan,0,-0.022,0,-0.067,nan,500,fresh
372991,0,0,0,0,0,0,7,0,0,4,20,1,7,0,nan,nan,nan,nan,1.167,nan,nan,1,1.053,1,1.167,nan,nan,nan,nan,nan,-0.067,nan,nan,0,-0.022,0,-0.067,nan,500,fresh
374059,0,0,0,0,0,0,7,0,0,4,19,1,7,0,nan,nan,nan,nan,1.167,nan,nan,1,1,1,1.167,nan,nan,nan,nan,nan,-0.067,nan,nan,0,0,0,-0.067,nan,500,fresh
375127,0,0,0,0,0,0,7,0,0,4,20,1,7,0,nan,nan,nan,nan,1.167,nan,nan,1,1.053,1,1.167,nan,nan,nan,nan,nan,-0.067,nan,nan,0,-0.022,0,-0.067,nan,500,fresh
376197,0,0,0,0,0,0,7,0,0,4,20,1,7,0,nan,nan,nan,nan,1.167,nan,nan,1,1.053,1,1.167,nan,nan,nan,nan,nan,-0.067,nan,nan,0,-0.022,0,-0.067,nan,500,fresh
377265,0,0,0,0,0,0,7,0,0,4,19,1,7,0,nan,nan,nan,nan,1.167,nan,nan,1,1,1,1.167,nan,nan,nan,nan,nan,-0.067,nan,nan,0,0,0,-0.067,nan,500,fresh
378333,0,0,0,0,0,0,7,0,0,4,20,1,7,0,nan,nan,nan,nan,1.167,nan,nan,1,1.053,1,1.167,nan,nan,nan,nan,nan,-0.067,nan,nan,0,-0.022,0,-0.067,nan,500,fresh
379403,0,0,0,0,0,0,7,0,0,4,20,1,7,0,nan,nan,nan,nan,1.167,nan,nan,1,1.053,1,1.167,nan,nan,nan,nan,nan,-0.067,nan,nan,0,-0.022,0,-0.067,nan,500,fresh
380473,0,0,0,0,0,0,7,0,0,4,20,1,7,0,nan,nan,nan,nan,1.167,nan,nan,1,1.053,1,1.167,nan,nan,nan,nan,nan,-0.067,nan,nan,0,-0.022,0,-0.067,nan,500,fresh
381542,0,0,0,0,0,0,7,0,0,4,20,1,7,0,nan,nan,nan,nan,1.167,nan,nan,1,1.053,1,1.167,nan,nan,nan,nan,nan,-0.067,nan,nan,0,-0.022,0,-0.067,nan,500,fresh
382612,0,0,0,0,0,0,7,0,0,4,20,1,7,0,nan,nan,nan,nan,1.167,nan,nan,1,1.053,1,1.167,nan,nan,nan,nan,nan,-0.067,nan,nan,0,-0.022,0,-0.067,nan,500,fresh
383681,0,0,0,0,0,0,7,0,0,4,19,1,7,0,nan,nan,nan,nan,1.167,nan,nan,1,1,1,1.167,nan,nan,nan,nan,nan,-0.067,nan,nan,0,0,0,-0.067,nan,500,fresh
384750,0,0,0,0,0,0,7,0,0,4,20,1,7,0,nan,nan,nan,nan,1.167,nan,nan,1,1.053,1,1.167,nan,nan,nan,nan,nan,-0.067,nan,nan,0,-0.022,0,-0.067,nan,500,fresh
385819,0,0,0,0,0,0,7,0,0,4,20,1,7,0,nan,nan,nan,nan,1.167,nan,nan,1,1.053,1,1.167,nan,nan,nan,nan,nan,-0.067,nan,nan,0,-0.022,0,-0.067,nan,500,fresh
386889,0,0,0,0,0,0,6,0,0,4,19,1,7,0,nan,nan,nan,nan,1,nan,nan,1,1,1,1.167,nan,nan,nan,nan,nan,0,nan,nan,0,0,0,-0.067,nan,500,fresh
387957,0,0,0,0,0,0,7,0,0,4,20,1,7,0,nan,nan,nan,nan,1.167,nan,nan,1,1.053,1,1.167,nan,nan,nan,nan,nan,-0.067,nan,nan,0,-0.022,0,-0.067,nan,500,fresh
389027,0,0,0,0,0,0,7,0,0,4,20,1,7,0,nan,nan,nan,nan,1.167,nan,nan,1,1.053,1,1.167,nan,nan,nan,nan,nan,-0.067,nan,nan,0,-0.022,0,-0.067,nan,500,fresh
390096,0,0,0,0,0,0,7,0,0,4,20,1,7,0,nan,nan,nan,nan,1.167,nan,nan,1,1.053,1,1.167,nan,nan,nan,nan,nan,-0.067,nan,nan,0,-0.022,0,-0.067,nan,500,fresh
391165,0,0,0,0,0,0,7,0,0,4,20,1,7,0,nan,nan,nan,nan,1.167,nan,nan,1,1.053,1,1.167,nan,nan,nan,nan,nan,-0.067,nan,nan,0,-0.022,0,-0.067,nan,500,fresh
392235,0,0,0,0,0,0,7,0,0,4,19,1,7,0,nan,nan,nan,nan,1.167,nan,nan,1,1,1,1.167,nan,nan,nan,nan,nan,-0.067,nan,nan,0,0,0,-0.067,nan,500,fresh
393304,0,0,0,0,0,0,7,0,0,4,19,1,7,0,nan,nan,nan,nan,1.167,nan,nan,1,1,1,1.167,nan,nan,nan,nan,nan,-0.067,nan,nan,0,0,0,-0.067,nan,500,fresh
394373,0,0,0,0,0,0,7,0,0,4,19,1,7,0,nan,nan,nan,nan,1.167,nan,nan,1,1,1,1.167,nan,nan,nan,nan,nan,-0.067,nan,nan,0,0,0,-0.067,nan,500,fresh
395443,0,0,0,0,0,0,7,0,0,4,19,1,7,0,nan,nan,nan,nan,1.167,nan,nan,1,1,1,1.167,nan,nan,nan,nan,nan,-0.067,nan,nan,0,0,0,-0.067,nan,500,fresh
396513,0,0,0,0,0,0,7,0,0,4,19,1,7,0,nan,nan,nan,nan,1.167,nan,nan,1,1,1,1.167,nan,nan,nan,nan,nan,-0.067,nan,nan,0,0,0,-0.067,nan,500,fresh
397582,0,0,0,0,0,0,7,0,0,4,20,1,7,0,nan,nan,nan,nan,1.167,nan,nan,1,1.053,1,1.167,nan,nan,nan,nan,nan,-0.067,nan,nan,0,-0.022,0,-0.067,nan,500,fresh
398651,0,0,0,0,0,0,7,0,0,4,19,1,7,0,nan,nan,nan,nan,1.167,nan,nan,1,1,1,1.167,nan,nan,nan,nan,nan,-0.067,nan,nan,0,0,0,-0.067,nan,500,fresh
399720,0,0,0,0,0,0,7,0,0,4,20,1,7,0,nan,nan,nan,nan,1.167,nan,nan,1,1.053,1,1.167,nan,nan,nan,nan,nan,-0.067,nan,nan,0,-0.022,0,-0.067,nan,500,fresh
400789,0,0,0,0,0,0,7,0,0,4,20,1,7,0,nan,nan,nan,nan,1.167,nan,nan,1,1.053,1,1.167,nan,nan,nan,nan,nan,-0.067,nan,nan,0,-0.022,0,-0.067,nan,500,fresh
401859,0,0,0,0,0,0,7,0,0,4,19,1,7,0,nan,nan,nan,nan,1.167,nan,nan,1,1,1,1.167,nan,nan,nan,nan,nan,-0.067,nan,nan,0,0,0,-0.067,nan,500,fresh
402928,0,0,0,0,0,0,7,0,0,4,20,1,7,0,nan,nan,nan,nan,1.167,nan,nan,1,1.053,1,1.167,nan,nan,nan,nan,nan,-0.067,nan,nan,0,-0.022,0,-0.067,nan,500,fresh
403997,0,0,0,0,0,0,7,0,0,4,19,1,7,0,nan,nan,nan,nan,1.167,nan,nan,1,1,1,1.167,nan,nan,nan,nan,nan,-0.067,nan,nan,0,0,0,-0.067,nan,500,fresh
405067,0,0,0,0,0,0,7,0,0,4,19,1,7,0,nan,nan,nan,nan,1.167,nan,nan,1,1,1,1.167,nan,nan,nan,nan,nan,-0.067,nan,nan,0,0,0,-0.067,nan,500,fresh
406136,0,0,0,0,0,0,6,0,0,4,19,1,7,0,nan,nan,nan,nan,1,nan,nan,1,1,1,1.167,nan,nan,nan,nan,nan,0,nan,nan,0,0,0,-0.067,nan,500,fresh
407206,0,0,0,0,0,0,7,0,0,4,19,1,7,0,nan,nan,nan,nan,1.167,nan,nan,1,1,1,1.167,nan,nan,nan,nan,nan,-0.067,nan,nan,0,0,0,-0.067,nan,500,fresh
408276,0,0,0,0,0,0,7,0,0,4,19,1,7,0,nan,nan,nan,nan,1.167,nan,nan,1,1,1,1.167,nan,nan,nan,nan,nan,-0.067,nan,nan,0,0,0,-0.067,nan,500,fresh
409345,0,0,0,0,0,0,7,0,0,4,19,1,7,0,nan,nan,nan,nan,1.167,nan,nan,1,1,1,1.167,nan,nan,nan,nan,nan,-0.067,nan,nan,0,0,0,-0.067,nan,500,fresh
410415,0,0,0,0,0,0,7,0,0,4,19,1,7,0,nan,nan,nan,nan,1.167,nan,nan,1,1,1,1.167,nan,nan,nan,nan,nan,-0.067,nan,nan,0,0,0,-0.067,nan,500,fresh
411485,0,0,0,0,0,0,7,0,0,4,19,1,7,0,nan,nan,nan,nan,1.167,nan,nan,1,1,1,1.167,nan,nan,nan,nan,nan,-0.067,nan,nan,0,0,0,-0.067,nan,500,fresh
412555,0,0,0,0,0,0,7,0,0,4,19,1,7,0,nan,nan,nan,nan,1.167,nan,nan,1,1,1,1.167,nan,nan,nan,nan,nan,-0.067,nan,nan,0,0,0,-0.067,nan,500,fresh
413625,0,0,0,0,0,0,7,0,0,4,19,1,7,0,nan,nan,nan,nan,1.167,nan,nan,1,1,1,1.167,nan,nan,nan,nan,nan,-0.067,nan,nan,0,0,0,-0.067,nan,500,fresh
414694,0,0,0,0,0,0,7,0,0,4,19,1,7,0,nan,nan,nan,nan,1.167,nan,nan,1,1,1,1.167,nan,nan,nan,nan,nan,-0.067,nan,nan,0,0,0,-0.067,nan,500,fresh
415763,0,0,0,0,0,0,7,0,0,4,19,1,7,0,nan,nan,nan,nan,1.167,nan,nan,1,1,1,1.167,nan,nan,nan,nan,nan,-0.067,nan,nan,0,0,0,-0.067,nan,500,fresh
416832,0,0,0,0,0,0,7,0,0,4,19,1,7,0,nan,nan,nan,nan,1.167,nan,nan,1,1,1,1.167,nan,nan,nan,nan,nan,-0.067,nan,nan,0,0,0,-0.067,nan,500,fresh
417901,0,0,0,0,0,0,7,0,0,4,19,1,7,0,nan,nan,nan,nan,1.167,nan,nan,1,1,1,1.167,nan,nan,nan,nan,nan,-0.067,nan,nan,0,0,0,-0.067,nan,500,fresh
418971,0,0,0,0,0,0,7,0,0,4,19,1,7,0,nan,nan,nan,nan,1.167,nan,nan,1,1,1,1.167,nan,nan,nan,nan,nan,-0.067,nan,nan,0,0,0,-0.067,nan,500,fresh
420041,0,0,0,0,0,0,7,0,0,4,19,1,7,0,nan,nan,nan,nan,1.167,nan,nan,1,1,1,1.167,nan,nan,nan,nan,nan,-0.067,nan,nan,0,0,0,-0.067,nan,500,fresh
421111,0,0,0,0,0,0,7,0,0,4,19,1,7,0,nan,nan,nan,nan,1.167,nan,nan,1,1,1,1.167,nan,nan,nan,nan,nan,-0.067,nan,nan,0,0,0,-0.067,nan,500,fresh
422181,0,0,0,0,0,0,7,0,0,4,20,1,7,0,nan,nan,nan,nan,1.167,nan,nan,1,1.053,1,1.167,nan,nan,nan,nan,nan,-0.067,nan,nan,0,-0.022,0,-0.067,nan,500,fresh
423250,0,0,0,0,0,0,7,0,0,4,19,1,7,0,nan,nan,nan,nan,1.167,nan,nan,1,1,1,1.167,nan,nan,nan,nan,nan,-0.067,nan,nan,0,0,0,-0.067,nan,500,fresh
424319,0,0,0,0,0,0,7,0,0,4,19,1,7,0,nan,nan,nan,nan,1.167,nan,nan,1,1,1,1.167,nan,nan,nan,nan,nan,-0.067,nan,nan,0,0,0,-0.067,nan,500,fresh
425389,0,0,0,0,0,0,7,0,0,4,19,1,7,0,nan,nan,nan,nan,1.167,nan,nan,1,1,1,1.167,nan,nan,nan,nan,nan,-0.067,nan,nan,0,0,0,-0.067,nan,500,fresh
426457,0,0,0,0,0,0,7,0,0,4,20,1,7,0,nan,nan,nan,nan,1.167,nan,nan,1,1.053,1,1.167,nan,nan,nan,nan,nan,-0.067,nan,nan,0,-0.022,0,-0.067,nan,500,fresh
427527,0,0,0,0,0,0,7,0,0,4,19,1,7,0,nan,nan,nan,nan,1.167,nan,nan,1,1,1,1.167,nan,nan,nan,nan,nan,-0.067,nan,nan,0,0,0,-0.067,nan,500,fresh
428597,0,0,0,0,0,0,7,0,0,4,19,1,7,0,nan,nan,nan,nan,1.167,nan,nan,1,1,1,1.167,nan,nan,nan,nan,nan,-0.067,nan,nan,0,0,0,-0.067,nan,500,fresh
429666,0,0,0,0,0,0,7,0,0,4,19,1,7,0,nan,nan,nan,nan,1.167,nan,nan,1,1,1,1.167,nan,nan,nan,nan,nan,-0.067,nan,nan,0,0,0,-0.067,nan,500,fresh
430736,0,0,0,0,0,0,7,0,0,4,19,1,7,0,nan,nan,nan,nan,1.167,nan,nan,1,1,1,1.167,nan,nan,nan,nan,nan,-0.067,nan,nan,0,0,0,-0.067,nan,500,fresh
431806,0,0,0,0,0,0,7,0,0,4,19,1,7,0,nan,nan,nan,nan,1.167,nan,nan,1,1,1,1.167,nan,nan,nan,nan,nan,-0.067,nan,nan,0,0,0,-0.067,nan,500,fresh
432875,0,0,0,0,0,0,7,0,0,4,19,1,7,0,nan,nan,nan,nan,1.167,nan,nan,1,1,1,1.167,nan,nan,nan,nan,nan,-0.067,nan,nan,0,0,0,-0.067,nan,500,fresh
433945,0,0,0,0,0,0,7,0,0,4,19,1,7,0,nan,nan,nan,nan,1.167,nan,nan,1,1,1,1.167,nan,nan,nan,nan,nan,-0.067,nan,nan,0,0,0,-0.067,nan,500,fresh
435015,0,0,0,0,0,0,7,0,0,4,19,1,7,0,nan,nan,nan,nan,1.167,nan,nan,1,1,1,1.167,nan,nan,nan,nan,nan,-0.067,nan,nan,0,0,0,-0.067,nan,500,fresh
436085,0,0,0,0,0,0,7,0,0,4,19,1,7,0,nan,nan,nan,nan,1.167,nan,nan,1,1,1,1.167,nan,nan,nan,nan,nan,-0.067,nan,nan,0,0,0,-0.067,nan,500,fresh
437154,0,0,0,0,0,0,7,0,0,4,19,1,7,0,nan,nan,nan,nan,1.167,nan,nan,1,1,1,1.167,nan,nan,nan,nan,nan,-0.067,nan,nan,0,0,0,-0.067,nan,500,fresh
438224,0,0,0,0,0,0,7,0,0,4,19,1,7,0,nan,nan,nan,nan,1.167,nan,nan,1,1,1,1.167,nan,nan,nan,nan,nan,-0.067,nan,nan,0,0,0,-0.067,nan,500,fresh
50008,0,0,0,0,0,0,7,0,0,4,19,1,7,0,nan,nan,nan,nan,1.167,nan,nan,1,1,1,1.167,nan,nan,nan,nan,nan,-0.067,nan,nan,0,0,0,-0.067,nan,500,fresh
51077,0,0,0,0,0,0,6,0,0,4,19,1,7,0,nan,nan,nan,nan,1,nan,nan,1,1,1,1.167,nan,nan,nan,nan,nan,0,nan,nan,0,0,0,-0.067,nan,500,fresh
52146,0,0,0,0,0,0,7,0,0,4,19,1,7,0,nan,nan,nan,nan,1.167,nan,nan,1,1,1,1.167,nan,nan,nan,nan,nan,-0.067,nan,nan,0,0,0,-0.067,nan,500,fresh
53216,0,0,0,0,0,0,7,0,0,4,19,1,6,0,nan,nan,nan,nan,1.167,nan,nan,1,1,1,1,nan,nan,nan,nan,nan,-0.067,nan,nan,0,0,0,0,nan,500,fresh
54285,0,0,0,0,0,0,7,0,0,4,19,1,7,0,nan,nan,nan,nan,1.167,nan,nan,1,1,1,1.167,nan,nan,nan,nan,nan,-0.067,nan,nan,0,0,0,-0.067,nan,500,fresh
55355,0,0,0,0,0,0,7,0,0,4,19,1,6,0,nan,nan,nan,nan,1.167,nan,nan,1,1,1,1,nan,nan,nan,nan,nan,-0.067,nan,nan,0,0,0,0,nan,500,fresh
56425,0,0,0,0,0,0,7,0,0,4,19,1,7,0,nan,nan,nan,nan,1.167,nan,nan,1,1,1,1.167,nan,nan,nan,nan,nan,-0.067,nan,nan,0,0,0,-0.067,nan,500,fresh
57495,0,0,0,0,0,0,7,0,0,4,19,1,7,0,nan,nan,nan,nan,1.167,nan,nan,1,1,1,1.167,nan,nan,nan,nan,nan,-0.067,nan,nan,0,0,0,-0.067,nan,500,fresh
58564,0,0,0,0,0,0,7,0,0,4,19,1,7,0,nan,nan,nan,nan,1.167,nan,nan,1,1,1,1.167,nan,nan,nan,nan,nan,-0.067,nan,nan,0,0,0,-0.067,nan,500,fresh
59634,0,0,0,0,0,0,7,0,0,4,19,1,7,0,nan,nan,nan,nan,1.167,nan,nan,1,1,1,1.167,nan,nan,nan,nan,nan,-0.067,nan,nan,0,0,0,-0.067,nan,500,fresh
60704,0,0,0,0,0,0,7,0,0,4,19,1,7,0,nan,nan,nan,nan,1.167,nan,nan,1,1,1,1.167,nan,nan,nan,nan,nan,-0.067,nan,nan,0,0,0,-0.067,nan,500,fresh
61774,0,0,0,0,0,0,7,0,0,4,19,1,7,0,nan,nan,nan,nan,1.167,nan,nan,1,1,1,1.167,nan,nan,nan,nan,nan,-0.067,nan,nan,0,0,0,-0.067,nan,500,fresh
62844,0,0,0,0,0,0,6,0,0,4,19,1,7,0,nan,nan,nan,nan,1,nan,nan,1,1,1,1.167,nan,nan,nan,nan,nan,0,nan,nan,0,0,0,-0.067,nan,500,fresh
63913,0,0,0,0,0,0,7,0,0,4,19,1,7,0,nan,nan,nan,nan,1.167,nan,nan,1,1,1,1.167,nan,nan,nan,nan,nan,-0.067,nan,nan,0,0,0,-0.067,nan,500,fresh
64983,0,0,0,0,0,0,7,0,0,4,19,1,7,0,nan,nan,nan,nan,1.167,nan,nan,1,1,1,1.167,nan,nan,nan,nan,nan,-0.067,nan,nan,0,0,0,-0.067,nan,500,fresh
66053,0,0,0,0,0,0,7,0,0,4,19,1,7,0,nan,nan,nan,nan,1.167,nan,nan,1,1,1,1.167,nan,nan,nan,nan,nan,-0.067,nan,nan,0,0,0,-0.067,nan,500,fresh
67123,0,0,0,0,0,0,7,0,0,4,19,1,7,0,nan,nan,nan,nan,1.167,nan,nan,1,1,1,1.167,nan,nan,nan,nan,nan,-0.067,nan,nan,0,0,0,-0.067,nan,500,fresh
68193,0,0,0,0,0,0,7,0,0,4,19,1,7,0,nan,nan,nan,nan,1.167,nan,nan,1,1,1,1.167,nan,nan,nan,nan,nan,-0.067,nan,nan,0,0,0,-0.067,nan,500,fresh
69263,0,0,0,0,0,0,7,0,0,4,19,1,7,0,nan,nan,nan,nan,1.167,nan,nan,1,1,1,1.167,nan,nan,nan,nan,nan,-0.067,nan,nan,0,0,0,-0.067,nan,500,fresh
70333,0,0,0,0,0,0,7,0,0,4,19,1,7,0,nan,nan,nan,nan,1.167,nan,nan,1,1,1,1.167,nan,nan,nan,nan,nan,-0.067,nan,nan,0,0,0,-0.067,nan,500,fresh
71403,0,0,0,0,0,0,7,0,0,4,19,1,7,0,nan,nan,nan,nan,1.167,nan,nan,1,1,1,1.167,nan,nan,nan,nan,nan,-0.067,nan,nan,0,0,0,-0.067,nan,500,fresh
72473,0,0,0,0,0,0,6,0,0,4,19,1,7,0,nan,nan,nan,nan,1,nan,nan,1,1,1,1.167,nan,nan,nan,nan,nan,0,nan,nan,0,0,0,-0.067,nan,500,fresh
73542,0,0,0,0,0,0,7,0,0,4,19,1,6,0,nan,nan,nan,nan,1.167,nan,nan,1,1,1,1,nan,nan,nan,nan,nan,-0.067,nan,nan,0,0,0,0,nan,500,fresh
74611,0,0,0,0,0,0,7,0,0,4,19,1,7,0,nan,nan,nan,nan,1.167,nan,nan,1,1,1,1.167,nan,nan,nan,nan,nan,-0.067,nan,nan,0,0,0,-0.067,nan,500,fresh
75681,0,0,0,0,0,0,7,0,0,4,19,1,7,0,nan,nan,nan,nan,1.167,nan,nan,1,1,1,1.167,nan,nan,nan,nan,nan,-0.067,nan,nan,0,0,0,-0.067,nan,500,fresh
76751,0,0,0,0,0,0,7,0,0,4,19,1,7,0,nan,nan,nan,nan,1.167,nan,nan,1,1,1,1.167,nan,nan,nan,nan,nan,-0.067,nan,nan,0,0,0,-0.067,nan,500,fresh
77821,0,0,0,0,0,0,7,0,0,4,19,1,7,0,nan,nan,nan,nan,1.167,nan,nan,1,1,1,1.167,nan,nan,nan,nan,nan,-0.067,nan,nan,0,0,0,-0.067,nan,500,fresh
78891,0,0,0,0,0,0,7,0,0,4,19,1,7,0,nan,nan,nan,nan,1.167,nan,nan,1,1,1,1.167,nan,nan,nan,nan,nan,-0.067,nan,nan,0,0,0,-0.067,nan,500,fresh
79960,0,0,0,0,0,0,7,0,0,4,19,1,6,0,nan,nan,nan,nan,1.167,nan,nan,1,1,1,1,nan,nan,nan,nan,nan,-0.067,nan,nan,0,0,0,0,nan,500,fresh
81030,0,0,0,0,0,0,6,0,0,4,19,1,7,0,nan,nan,nan,nan,1,nan,nan,1,1,1,1.167,nan,nan,nan,nan,nan,0,nan,nan,0,0,0,-0.067,nan,500,fresh
82099,0,0,0,0,0,0,7,0,0,4,19,1,7,0,nan,nan,nan,nan,1.167,nan,nan,1,1,1,1.167,nan,nan,nan,nan,nan,-0.067,nan,nan,0,0,0,-0.067,nan,500,fresh
83168,0,0,0,0,0,0,7,0,0,4,19,1,7,0,nan,nan,nan,nan,1.167,nan,nan,1,1,1,1.167,nan,nan,nan,nan,nan,-0.067,nan,nan,0,0,0,-0.067,nan,500,fresh
84238,0,0,0,0,0,0,7,0,0,4,19,1,6,0,nan,nan,nan,nan,1.167,nan,nan,1,1,1,1,nan,nan,nan,nan,nan,-0.067,nan,nan,0,0,0,0,nan,500,fresh
85308,0,0,0,0,0,0,7,0,0,4,19,1,7,0,nan,nan,nan,nan,1.167,nan,nan,1,1,1,1.167,nan,nan,nan,nan,nan,-0.067,nan,nan,0,0,0,-0.067,nan,500,fresh
86377,0,0,0,0,0,0,7,0,0,4,19,1,7,0,nan,nan,nan,nan,1.167,nan,nan,1,1,1,1.167,nan,nan,nan,nan,nan,-0.067,nan,nan,0,0,0,-0.067,nan,500,fresh
87447,0,0,0,0,0,0,7,0,0,4,19,1,7,0,nan,nan,nan,nan,1.167,nan,nan,1,1,1,1.167,nan,nan,nan,nan,nan,-0.067,nan,nan,0,0,0,-0.067,nan,500,fresh
88516,0,0,0,0,0,0,6,0,0,4,19,1,7,0,nan,nan,nan,nan,1,nan,nan,1,1,1,1.167,nan,nan,nan,nan,nan,0,nan,nan,0,0,0,-0.067,nan,500,fresh
89586,0,0,0,0,0,0,7,0,0,4,19,1,7,0,nan,nan,nan,nan,1.167,nan,nan,1,1,1,1.167,nan,nan,nan,nan,nan,-0.067,nan,nan,0,0,0,-0.067,nan,500,fresh
90655,0,0,0,0,0,0,7,0,0,4,19,1,7,0,nan,nan,nan,nan,1.167,nan,nan,1,1,1,1.167,nan,nan,nan,nan,nan,-0.067,nan,nan,0,0,0,-0.067,nan,500,fresh
91723,0,0,0,0,0,0,7,0,0,4,19,1,7,0,nan,nan,nan,nan,1.167,nan,nan,1,1,1,1.167,nan,nan,nan,nan,nan,-0.067,nan,nan,0,0,0,-0.067,nan,500,fresh
92792,0,0,0,0,0,0,7,0,0,4,19,1,7,0,nan,nan,nan,nan,1.167,nan,nan,1,1,1,1.167,nan,nan,nan,nan,nan,-0.067,nan,nan,0,0,0,-0.067,nan,500,fresh
93862,0,0,0,0,0,0,6,0,0,4,19,1,7,0,nan,nan,nan,nan,1,nan,nan,1,1,1,1.167,nan,nan,nan,nan,nan,0,nan,nan,0,0,0,-0.067,nan,500,fresh
94931,0,0,0,0,0,0,7,0,0,4,19,1,7,0,nan,nan,nan,nan,1.167,nan,nan,1,1,1,1.167,nan,nan,nan,nan,nan,-0.067,nan,nan,0,0,0,-0.067,nan,500,fresh
96000,0,0,0,0,0,0,7,0,0,4,19,1,7,0,nan,nan,nan,nan,1.167,nan,nan,1,1,1,1.167,nan,nan,nan,nan,nan,-0.067,nan,nan,0,0,0,-0.067,nan,500,fresh
97069,0,0,0,0,0,0,7,0,0,4,19,1,7,0,nan,nan,nan,nan,1.167,nan,nan,1,1,1,1.167,nan,nan,nan,nan,nan,-0.067,nan,nan,0,0,0,-0.067,nan,500,fresh
98138,0,0,0,0,0,0,7,0,0,4,19,1,7,0,nan,nan,nan,nan,1.167,nan,nan,1,1,1,1.167,nan,nan,nan,nan,nan,-0.067,nan,nan,0,0,0,-0.067,nan,500,fresh
99207,0,0,0,0,0,0,7,0,0,4,19,1,7,0,nan,nan,nan,nan,1.167,nan,nan,1,1,1,1.167,nan,nan,nan,nan,nan,-0.067,nan,nan,0,0,0,-0.067,nan,500,fresh
100276,0,0,0,0,0,0,7,0,0,4,19,1,7,0,nan,nan,nan,nan,1.167,nan,nan,1,1,1,1.167,nan,nan,nan,nan,nan,-0.067,nan,nan,0,0,0,-0.067,nan,500,fresh
101346,0,0,0,0,0,0,7,0,0,4,19,1,7,0,nan,nan,nan,nan,1.167,nan,nan,1,1,1,1.167,nan,nan,nan,nan,nan,-0.067,nan,nan,0,0,0,-0.067,nan,500,fresh
102416,0,0,0,0,0,0,7,0,0,4,19,1,7,0,nan,nan,nan,nan,1.167,nan,nan,1,1,1,1.167,nan,nan,nan,nan,nan,-0.067,nan,nan,0,0,0,-0.067,nan,500,fresh
103485,0,0,0,0,0,0,7,0,0,3,19,1,7,0,nan,nan,nan,nan,1.167,nan,nan,0.75,1,1,1.167,nan,nan,nan,nan,nan,-0.067,nan,nan,0.125,0,0,-0.067,nan,500,fresh
104555,0,0,0,0,0,0,6,0,0,4,19,1,7,0,nan,nan,nan,nan,1,nan,nan,1,1,1,1.167,nan,nan,nan,nan,nan,0,nan,nan,0,0,0,-0.067,nan,500,fresh
105625,0,0,0,0,0,0,7,0,0,4,19,1,7,0,nan,nan,nan,nan,1.167,nan,nan,1,1,1,1.167,nan,nan,nan,nan,nan,-0.067,nan,nan,0,0,0,-0.067,nan,500,fresh
106694,0,0,0,0,0,0,7,0,0,4,19,1,7,0,nan,nan,nan,nan,1.167,nan,nan,1,1,1,1.167,nan,nan,nan,nan,nan,-0.067,nan,nan,0,0,0,-0.067,nan,500,fresh
107763,0,0,0,0,0,0,7,0,0,4,19,1,7,0,nan,nan,nan,nan,1.167,nan,nan,1,1,1,1.167,nan,nan,nan,nan,nan,-0.067,nan,nan,0,0,0,-0.067,nan,500,fresh
108833,0,0,0,0,0,0,7,0,0,4,19,1,7,0,nan,nan,nan,nan,1.167,nan,nan,1,1,1,1.167,nan,nan,nan,nan,nan,-0.067,nan,nan,0,0,0,-0.067,nan,500,fresh
109903,0,0,0,0,0,0,7,0,0,4,19,1,7,0,nan,nan,nan,nan,1.167,nan,nan,1,1,1,1.167,nan,nan,nan,nan,nan,-0.067,nan,nan,0,0,0,-0.067,nan,500,fresh
110971,0,0,0,0,0,0,7,0,0,4,19,1,7,0,nan,nan,nan,nan,1.167,nan,nan,1,1,1,1.167,nan,nan,nan,nan,nan,-0.067,nan,nan,0,0,0,-0.067,nan,500,fresh
112041,0,0,0,0,0,0,7,0,0,4,19,1,7,0,nan,nan,nan,nan,1.167,nan,nan,1,1,1,1.167,nan,nan,nan,nan,nan,-0.067,nan,nan,0,0,0,-0.067,nan,500,fresh
113111,0,0,0,0,0,0,7,0,0,4,19,1,7,0,nan,nan,nan,nan,1.167,nan,nan,1,1,1,1.167,nan,nan,nan,nan,nan,-0.067,nan,nan,0,0,0,-0.067,nan,500,fresh
114180,0,0,0,0,0,0,7,0,0,4,19,1,7,0,nan,nan,nan,nan,1.167,nan,nan,1,1,1,1.167,nan,nan,nan,nan,nan,-0.067,nan,nan,0,0,0,-0.067,nan,500,fresh
115250,0,0,0,0,0,0,7,0,0,4,19,1,7,0,nan,nan,nan,nan,1.167,nan,nan,1,1,1,1.167,nan,nan,nan,nan,nan,-0.067,nan,nan,0,0,0,-0.067,nan,500,fresh
116319,0,0,0,0,0,0,7,0,0,4,19,1,7,0,nan,nan,nan,nan,1.167,nan,nan,1,1,1,1.167,nan,nan,nan,nan,nan,-0.067,nan,nan,0,0,0,-0.067,nan,500,fresh
117388,0,0,0,0,0,0,7,0,0,4,19,1,7,0,nan,nan,nan,nan,1.167,nan,nan,1,1,1,1.167,nan,nan,nan,nan,nan,-0.067,nan,nan,0,0,0,-0.067,nan,500,fresh
118457,0,0,0,0,0,0,7,0,0,4,19,1,7,0,nan,nan,nan,nan,1.167,nan,nan,1,1,1,1.167,nan,nan,nan,nan,nan,-0.067,nan,nan,0,0,0,-0.067,nan,500,fresh
119526,0,0,0,0,0,0,7,0,0,4,19,1,7,0,nan,nan,nan,nan,1.167,nan,nan,1,1,1,1.167,nan,nan,nan,nan,nan,-0.067,nan,nan,0,0,0,-0.067,nan,500,fresh
120596,0,0,0,0,0,0,7,0,0,4,19,1,7,0,nan,nan,nan,nan,1.167,nan,nan,1,1,1,1.167,nan,nan,nan,nan,nan,-0.067,nan,nan,0,0,0,-0.067,nan,500,fresh
121664,0,0,0,0,0,0,7,0,0,4,19,1,7,0,nan,nan,nan,nan,1.167,nan,nan,1,1,1,1.167,nan,nan,nan,nan,nan,-0.067,nan,nan,0,0,0,-0.067,nan,500,fresh
122733,0,0,0,0,0,0,6,0,0,4,19,1,7,0,nan,nan,nan,nan,1,nan,nan,1,1,1,1.167,nan,nan,nan,nan,nan,0,nan,nan,0,0,0,-0.067,nan,500,fresh
123803,0,0,0,0,0,0,7,0,0,4,19,1,7,0,nan,nan,nan,nan,1.167,nan,nan,1,1,1,1.167,nan,nan,nan,nan,nan,-0.067,nan,nan,0,0,0,-0.067,nan,500,fresh
124872,0,0,0,0,0,0,7,0,0,4,19,1,7,0,nan,nan,nan,nan,1.167,nan,nan,1,1,1,1.167,nan,nan,nan,nan,nan,-0.067,nan,nan,0,0,0,-0.067,nan,500,fresh
125941,0,0,0,0,0,0,7,0,0,4,19,1,7,0,nan,nan,nan,nan,1.167,nan,nan,1,1,1,1.167,nan,nan,nan,nan,nan,-0.067,nan,nan,0,0,0,-0.067,nan,500,fresh
127011,0,0,0,0,0,0,7,0,0,4,19,1,7,0,nan,nan,nan,nan,1.167,nan,nan,1,1,1,1.167,nan,nan,nan,nan,nan,-0.067,nan,nan,0,0,0,-0.067,nan,500,fresh
128081,0,0,0,0,0,0,7,0,0,4,19,1,7,0,nan,nan,nan,nan,1.167,nan,nan,1,1,1,1.167,nan,nan,nan,nan,nan,-0.067,nan,nan,0,0,0,-0.067,nan,500,fresh
129149,0,0,0,0,0,0,7,0,0,4,19,1,7,0,nan,nan,nan,nan,1.167,nan,nan,1,1,1,1.167,nan,nan,nan,nan,nan,-0.067,nan,nan,0,0,0,-0.067,nan,500,fresh
130219,0,0,0,0,0,0,7,0,0,4,19,1,7,0,nan,nan,nan,nan,1.167,nan,nan,1,1,1,1.167,nan,nan,nan,nan,nan,-0.067,nan,nan,0,0,0,-0.067,nan,500,fresh
131289,0,0,0,0,0,0,7,0,0,4,19,1,7,0,nan,nan,nan,nan,1.167,nan,nan,1,1,1,1.167,nan,nan,nan,nan,nan,-0.067,nan,nan,0,0,0,-0.067,nan,500,fresh
132359,0,0,0,0,0,0,7,0,0,4,19,1,6,0,nan,nan,nan,nan,1.167,nan,nan,1,1,1,1,nan,nan,nan,nan,nan,-0.067,nan,nan,0,0,0,0,nan,500,fresh
133429,0,0,0,0,0,0,7,0,0,4,19,1,7,0,nan,nan,nan,nan,1.167,nan,nan,1,1,1,1.167,nan,nan,nan,nan,nan,-0.067,nan,nan,0,0,0,-0.067,nan,500,fresh
134497,0,0,0,0,0,0,7,0,0,4,19,1,7,0,nan,nan,nan,nan,1.167,nan,nan,1,1,1,1.167,nan,nan,nan,nan,nan,-0.067,nan,nan,0,0,0,-0.067,nan,500,fresh
135567,0,0,0,0,0,0,7,0,0,4,19,1,7,0,nan,nan,nan,nan,1.167,nan,nan,1,1,1,1.167,nan,nan,nan,nan,nan,-0.067,nan,nan,0,0,0,-0.067,nan,500,fresh
136637,0,0,0,0,0,0,7,0,0,4,19,1,7,0,nan,nan,nan,nan,1.167,nan,nan,1,1,1,1.167,nan,nan,nan,nan,nan,-0.067,nan,nan,0,0,0,-0.067,nan,500,fresh
137707,0,0,0,0,0,0,7,0,0,4,19,1,7,0,nan,nan,nan,nan,1.167,nan,nan,1,1,1,1.167,nan,nan,nan,nan,nan,-0.067,nan,nan,0,0,0,-0.067,nan,500,fresh
138776,0,0,0,0,0,0,7,0,0,4,19,1,7,0,nan,nan,nan,nan,1.167,nan,nan,1,1,1,1.167,nan,nan,nan,nan,nan,-0.067,nan,nan,0,0,0,-0.067,nan,500,fresh
139845,0,0,0,0,0,0,7,0,0,4,19,1,7,0,nan,nan,nan,nan,1.167,nan,nan,1,1,1,1.167,nan,nan,nan,nan,nan,-0.067,nan,nan,0,0,0,-0.067,nan,500,fresh
140915,0,0,0,0,0,0,7,0,0,4,19,1,7,0,nan,nan,nan,nan,1.167,nan,nan,1,1,1,1.167,nan,nan,nan,nan,nan,-0.067,nan,nan,0,0,0,-0.067,nan,500,fresh
141984,0,0,0,0,0,0,7,0,0,4,19,1,7,0,nan,nan,nan,nan,1.167,nan,nan,1,1,1,1.167,nan,nan,nan,nan,nan,-0.067,nan,nan,0,0,0,-0.067,nan,500,fresh
143054,0,0,0,0,0,0,7,0,0,4,19,1,7,0,nan,nan,nan,nan,1.167,nan,nan,1,1,1,1.167,nan,nan,nan,nan,nan,-0.067,nan,nan,0,0,0,-0.067,nan,500,fresh
144124,0,0,0,0,0,0,7,0,0,4,19,1,7,0,nan,nan,nan,nan,1.167,nan,nan,1,1,1,1.167,nan,nan,nan,nan,nan,-0.067,nan,nan,0,0,0,-0.067,nan,500,fresh
145194,0,0,0,0,0,0,7,0,0,4,19,1,7,0,nan,nan,nan,nan,1.167,nan,nan,1,1,1,1.167,nan,nan,nan,nan,nan,-0.067,nan,nan,0,0,0,-0.067,nan,500,fresh
146264,0,0,0,0,0,0,7,0,0,4,19,1,7,0,nan,nan,nan,nan,1.167,nan,nan,1,1,1,1.167,nan,nan,nan,nan,nan,-0.067,nan,nan,0,0,0,-0.067,nan,500,fresh
147332,0,0,0,0,0,0,7,0,0,4,19,1,7,0,nan,nan,nan,nan,1.167,nan,nan,1,1,1,1.167,nan,nan,nan,nan,nan,-0.067,nan,nan,0,0,0,-0.067,nan,500,fresh
148402,0,0,0,0,0,0,7,0,0,4,19,1,7,0,nan,nan,nan,nan,1.167,nan,nan,1,1,1,1.167,nan,nan,nan,nan,nan,-0.067,nan,nan,0,0,0,-0.067,nan,500,fresh
149471,0,0,0,0,0,0,7,0,0,4,19,1,7,0,nan,nan,nan,nan,1.167,nan,nan,1,1,1,1.167,nan,nan,nan,nan,nan,-0.067,nan,nan,0,0,0,-0.067,nan,500,fresh
150541,0,0,0,0,0,0,7,0,0,4,19,1,7,0,nan,nan,nan,nan,1.167,nan,nan,1,1,1,1.167,nan,nan,nan,nan,nan,-0.067,nan,nan,0,0,0,-0.067,nan,500,fresh
151611,0,0,0,0,0,0,7,0,0,4,19,1,7,0,nan,nan,nan,nan,1.167,nan,nan,1,1,1,1.167,nan,nan,nan,nan,nan,-0.067,nan,nan,0,0,0,-0.067,nan,500,fresh
152680,0,0,0,0,0,0,7,0,0,4,19,1,7,0,nan,nan,nan,nan,1.167,nan,nan,1,1,1,1.167,nan,nan,nan,nan,nan,-0.067,nan,nan,0,0,0,-0.067,nan,500,fresh
153750,0,0,0,0,0,0,7,0,0,4,19,1,7,0,nan,nan,nan,nan,1.167,nan,nan,1,1,1,1.167,nan,nan,nan,nan,nan,-0.067,nan,nan,0,0,0,-0.067,nan,500,fresh
154820,0,0,0,0,0,0,7,0,0,4,19,1,7,0,nan,nan,nan,nan,1.167,nan,nan,1,1,1,1.167,nan,nan,nan,nan,nan,-0.067,nan,nan,0,0,0,-0.067,nan,500,fresh
155890,0,0,0,0,0,0,7,0,0,4,19,1,7,0,nan,nan,nan,nan,1.167,nan,nan,1,1,1,1.167,nan,nan,nan,nan,nan,-0.067,nan,nan,0,0,0,-0.067,nan,500,fresh
156960,0,0,0,0,0,0,7,0,0,4,19,1,7,0,nan,nan,nan,nan,1.167,nan,nan,1,1,1,1.167,nan,nan,nan,nan,nan,-0.067,nan,nan,0,0,0,-0.067,nan,500,fresh
158030,0,0,0,0,0,0,7,0,0,4,19,1,7,0,nan,nan,nan,nan,1.167,nan,nan,1,1,1,1.167,nan,nan,nan,nan,nan,-0.067,nan,nan,0,0,0,-0.067,nan,500,fresh
159100,0,0,0,0,0,0,7,0,0,4,19,1,6,0,nan,nan,nan,nan,1.167,nan,nan,1,1,1,1,nan,nan,nan,nan,nan,-0.067,nan,nan,0,0,0,0,nan,500,fresh
160168,0,0,0,0,0,0,7,0,0,4,19,1,7,0,nan,nan,nan,nan,1.167,nan,nan,1,1,1,1.167,nan,nan,nan,nan,nan,-0.067,nan,nan,0,0,0,-0.067,nan,500,fresh
161237,0,0,0,0,0,0,7,0,0,4,19,1,7,0,nan,nan,nan,nan,1.167,nan,nan,1,1,1,1.167,nan,nan,nan,nan,nan,-0.067,nan,nan,0,0,0,-0.067,nan,500,fresh
162306,0,0,0,0,0,0,7,0,0,4,19,1,7,0,nan,nan,nan,nan,1.167,nan,nan,1,1,1,1.167,nan,nan,nan,nan,nan,-0.067,nan,nan,0,0,0,-0.067,nan,500,fresh
163376,0,0,0,0,0,0,7,0,0,4,19,1,7,0,nan,nan,nan,nan,1.167,nan,nan,1,1,1,1.167,nan,nan,nan,nan,nan,-0.067,nan,nan,0,0,0,-0.067,nan,500,fresh
164444,0,0,0,0,0,0,7,0,0,4,19,1,7,0,nan,nan,nan,nan,1.167,nan,nan,1,1,1,1.167,nan,nan,nan,nan,nan,-0.067,nan,nan,0,0,0,-0.067,nan,500,fresh
165513,0,0,0,0,0,0,7,0,0,4,19,1,7,0,nan,nan,nan,nan,1.167,nan,nan,1,1,1,1.167,nan,nan,nan,nan,nan,-0.067,nan,nan,0,0,0,-0.067,nan,500,fresh
166583,0,0,0,0,0,0,7,0,0,4,19,1,7,0,nan,nan,nan,nan,1.167,nan,nan,1,1,1,1.167,nan,nan,nan,nan,nan,-0.067,nan,nan,0,0,0,-0.067,nan,500,fresh
167652,0,0,0,0,0,0,7,0,0,4,19,1,7,0,nan,nan,nan,nan,1.167,nan,nan,1,1,1,1.167,nan,nan,nan,nan,nan,-0.067,nan,nan,0,0,0,-0.067,nan,500,fresh
168722,0,0,0,0,0,0,7,0,0,4,19,1,7,0,nan,nan,nan,nan,1.167,nan,nan,1,1,1,1.167,nan,nan,nan,nan,nan,-0.067,nan,nan,0,0,0,-0.067,nan,500,fresh
169792,0,0,0,0,0,0,7,0,0,4,19,1,7,0,nan,nan,nan,nan,1.167,nan,nan,1,1,1,1.167,nan,nan,nan,nan,nan,-0.067,nan,nan,0,0,0,-0.067,nan,500,fresh
170862,0,0,0,0,0,0,7,0,0,4,19,1,7,0,nan,nan,nan,nan,1.167,nan,nan,1,1,1,1.167,nan,nan,nan,nan,nan,-0.067,nan,nan,0,0,0,-0.067,nan,500,fresh
171932,0,0,0,0,0,0,6,0,0,4,19,1,7,0,nan,nan,nan,nan,1,nan,nan,1,1,1,1.167,nan,nan,nan,nan,nan,0,nan,nan,0,0,0,-0.067,nan,500,fresh
173002,0,0,0,0,0,0,7,0,0,4,19,1,7,0,nan,nan,nan,nan,1.167,nan,nan,1,1,1,1.167,nan,nan,nan,nan,nan,-0.067,nan,nan,0,0,0,-0.067,nan,500,fresh
174072,0,0,0,0,0,0,7,0,0,4,19,1,7,0,nan,nan,nan,nan,1.167,nan,nan,1,1,1,1.167,nan,nan,nan,nan,nan,-0.067,nan,nan,0,0,0,-0.067,nan,500,fresh
175140,0,0,0,0,0,0,6,0,0,4,19,1,7,0,nan,nan,nan,nan,1,nan,nan,1,1,1,1.167,nan,nan,nan,nan,nan,0,nan,nan,0,0,0,-0.067,nan,500,fresh
176210,0,0,0,0,0,0,7,0,0,4,19,1,7,0,nan,nan,nan,nan,1.167,nan,nan,1,1,1,1.167,nan,nan,nan,nan,nan,-0.067,nan,nan,0,0,0,-0.067,nan,500,fresh
177280,0,0,0,0,0,0,7,0,0,4,19,1,7,0,nan,nan,nan,nan,1.167,nan,nan,1,1,1,1.167,nan,nan,nan,nan,nan,-0.067,nan,nan,0,0,0,-0.067,nan,500,fresh
178350,0,0,0,0,0,0,6,0,0,4,19,1,7,0,nan,nan,nan,nan,1,nan,nan,1,1,1,1.167,nan,nan,nan,nan,nan,0,nan,nan,0,0,0,-0.067,nan,500,fresh
179419,0,0,0,0,0,0,7,0,0,4,19,1,7,0,nan,nan,nan,nan,1.167,nan,nan,1,1,1,1.167,nan,nan,nan,nan,nan,-0.067,nan,nan,0,0,0,-0.067,nan,500,fresh
180488,0,0,0,0,0,0,7,0,0,4,19,1,7,0,nan,nan,nan,nan,1.167,nan,nan,1,1,1,1.167,nan,nan,nan,nan,nan,-0.067,nan,nan,0,0,0,-0.067,nan,500,fresh
181557,0,0,0,0,0,0,7,0,0,4,19,1,7,0,nan,nan,nan,nan,1.167,nan,nan,1,1,1,1.167,nan,nan,nan,nan,nan,-0.067,nan,nan,0,0,0,-0.067,nan,500,fresh
182627,0,0,0,0,0,0,7,0,0,4,19,1,7,0,nan,nan,nan,nan,1.167,nan,nan,1,1,1,1.167,nan,nan,nan,nan,nan,-0.067,nan,nan,0,0,0,-0.067,nan,500,fresh
183697,0,0,0,0,0,0,7,0,0,4,19,1,7,0,nan,nan,nan,nan,1.167,nan,nan,1,1,1,1.167,nan,nan,nan,nan,nan,-0.067,nan,nan,0,0,0,-0.067,nan,500,fresh
184766,0,0,0,0,0,0,7,0,0,4,19,1,7,0,nan,nan,nan,nan,1.167,nan,nan,1,1,1,1.167,nan,nan,nan,nan,nan,-0.067,nan,nan,0,0,0,-0.067,nan,500,fresh
185836,0,0,0,0,0,0,7,0,0,4,19,1,7,0,nan,nan,nan,nan,1.167,nan,nan,1,1,1,1.167,nan,nan,nan,nan,nan,-0.067,nan,nan,0,0,0,-0.067,nan,500,fresh
186906,0,0,0,0,0,0,7,0,0,4,19,1,7,0,nan,nan,nan,nan,1.167,nan,nan,1,1,1,1.167,nan,nan,nan,nan,nan,-0.067,nan,nan,0,0,0,-0.067,nan,500,fresh
187976,0,0,0,0,0,0,7,0,0,4,19,1,6,0,nan,nan,nan,nan,1.167,nan,nan,1,1,1,1,nan,nan,nan,nan,nan,-0.067,nan,nan,0,0,0,0,nan,500,fresh
189046,0,0,0,0,0,0,7,0,0,4,19,1,6,0,nan,nan,nan,nan,1.167,nan,nan,1,1,1,1,nan,nan,nan,nan,nan,-0.067,nan,nan,0,0,0,0,nan,500,fresh
190115,0,0,0,0,0,0,6,0,0,4,19,1,7,0,nan,nan,nan,nan,1,nan,nan,1,1,1,1.167,nan,nan,nan,nan,nan,0,nan,nan,0,0,0,-0.067,nan,500,fresh
191185,0,0,0,0,0,0,7,0,0,4,19,1,6,0,nan,nan,nan,nan,1.167,nan,nan,1,1,1,1,nan,nan,nan,nan,nan,-0.067,nan,nan,0,0,0,0,nan,500,fresh
192255,0,0,0,0,0,0,7,0,0,4,19,1,7,0,nan,nan,nan,nan,1.167,nan,nan,1,1,1,1.167,nan,nan,nan,nan,nan,-0.067,nan,nan,0,0,0,-0.067,nan,500,fresh
193324,0,0,0,0,0,0,7,0,0,4,19,1,7,0,nan,nan,nan,nan,1.167,nan,nan,1,1,1,1.167,nan,nan,nan,nan,nan,-0.067,nan,nan,0,0,0,-0.067,nan,500,fresh
194394,0,0,0,0,0,0,7,0,0,4,19,1,7,0,nan,nan,nan,nan,1.167,nan,nan,1,1,1,1.167,nan,nan,nan,nan,nan,-0.067,nan,nan,0,0,0,-0.067,nan,500,fresh
195464,0,0,0,0,0,0,7,0,0,4,19,1,7,0,nan,nan,nan,nan,1.167,nan,nan,1,1,1,1.167,nan,nan,nan,nan,nan,-0.067,nan,nan,0,0,0,-0.067,nan,500,fresh
196534,0,0,0,0,0,0,7,0,0,4,19,1,7,0,nan,nan,nan,nan,1.167,nan,nan,1,1,1,1.167,nan,nan,nan,nan,nan,-0.067,nan,nan,0,0,0,-0.067,nan,500,fresh
197604,0,0,0,0,0,0,7,0,0,4,19,1,7,0,nan,nan,nan,nan,1.167,nan,nan,1,1,1,1.167,nan,nan,nan,nan,nan,-0.067,nan,nan,0,0,0,-0.067,nan,500,fresh
198673,0,0,0,0,0,0,7,0,0,4,19,1,7,0,nan,nan,nan,nan,1.167,nan,nan,1,1,1,1.167,nan,nan,nan,nan,nan,-0.067,nan,nan,0,0,0,-0.067,nan,500,fresh
199741,0,0,0,0,0,0,6,0,0,4,19,1,7,0,nan,nan,nan,nan,1,nan,nan,1,1,1,1.167,nan,nan,nan,nan,nan,0,nan,nan,0,0,0,-0.067,nan,500,fresh
200810,0,0,0,0,0,0,7,0,0,4,19,1,7,0,nan,nan,nan,nan,1.167,nan,nan,1,1,1,1.167,nan,nan,nan,nan,nan,-0.067,nan,nan,0,0,0,-0.067,nan,500,fresh
201880,0,0,0,0,0,0,7,0,0,4,19,1,7,0,nan,nan,nan,nan,1.167,nan,nan,1,1,1,1.167,nan,nan,nan,nan,nan,-0.067,nan,nan,0,0,0,-0.067,nan,500,fresh
202950,0,0,0,0,0,0,7,0,0,4,19,1,7,0,nan,nan,nan,nan,1.167,nan,nan,1,1,1,1.167,nan,nan,nan,nan,nan,-0.067,nan,nan,0,0,0,-0.067,nan,500,fresh
204019,0,0,0,0,0,0,7,0,0,4,19,1,7,0,nan,nan,nan,nan,1.167,nan,nan,1,1,1,1.167,nan,nan,nan,nan,nan,-0.067,nan,nan,0,0,0,-0.067,nan,500,fresh
205089,0,0,0,0,0,0,7,0,0,4,19,1,6,0,nan,nan,nan,nan,1.167,nan,nan,1,1,1,1,nan,nan,nan,nan,nan,-0.067,nan,nan,0,0,0,0,nan,500,fresh
206159,0,0,0,0,0,0,7,0,0,4,19,1,7,0,nan,nan,nan,nan,1.167,nan,nan,1,1,1,1.167,nan,nan,nan,nan,nan,-0.067,nan,nan,0,0,0,-0.067,nan,500,fresh
207228,0,0,0,0,0,0,7,0,0,4,19,1,7,0,nan,nan,nan,nan,1.167,nan,nan,1,1,1,1.167,nan,nan,nan,nan,nan,-0.067,nan,nan,0,0,0,-0.067,nan,500,fresh
208298,0,0,0,0,0,0,7,0,0,4,19,1,6,0,nan,nan,nan,nan,1.167,nan,nan,1,1,1,1,nan,nan,nan,nan,nan,-0.067,nan,nan,0,0,0,0,nan,500,fresh
209368,0,0,0,0,0,0,7,0,0,4,19,1,7,0,nan,nan,nan,nan,1.167,nan,nan,1,1,1,1.167,nan,nan,nan,nan,nan,-0.067,nan,nan,0,0,0,-0.067,nan,500,fresh
210437,0,0,0,0,0,0,7,0,0,4,19,1,7,0,nan,nan,nan,nan,1.167,nan,nan,1,1,1,1.167,nan,nan,nan,nan,nan,-0.067,nan,nan,0,0,0,-0.067,nan,500,fresh
211507,0,0,0,0,0,0,6,0,0,4,19,1,7,0,nan,nan,nan,nan,1,nan,nan,1,1,1,1.167,nan,nan,nan,nan,nan,0,nan,nan,0,0,0,-0.067,nan,500,fresh
212576,0,0,0,0,0,0,6,0,0,4,19,1,7,0,nan,nan,nan,nan,1,nan,nan,1,1,1,1.167,nan,nan,nan,nan,nan,0,nan,nan,0,0,0,-0.067,nan,500,fresh
213644,0,0,0,0,0,0,7,0,0,4,19,1,6,0,nan,nan,nan,nan,1.167,nan,nan,1,1,1,1,nan,nan,nan,nan,nan,-0.067,nan,nan,0,0,0,0,nan,500,fresh
214713,0,0,0,0,0,0,7,0,0,4,19,1,7,0,nan,nan,nan,nan,1.167,nan,nan,1,1,1,1.167,nan,nan,nan,nan,nan,-0.067,nan,nan,0,0,0,-0.067,nan,500,fresh
215783,0,0,0,0,0,0,7,0,0,4,19,1,7,0,nan,nan,nan,nan,1.167,nan,nan,1,1,1,1.167,nan,nan,nan,nan,nan,-0.067,nan,nan,0,0,0,-0.067,nan,500,fresh
216853,0,0,0,0,0,0,7,0,0,4,19,1,7,0,nan,nan,nan,nan,1.167,nan,nan,1,1,1,1.167,nan,nan,nan,nan,nan,-0.067,nan,nan,0,0,0,-0.067,nan,500,fresh
217921,0,0,0,0,0,0,7,0,0,4,19,1,6,0,nan,nan,nan,nan,1.167,nan,nan,1,1,1,1,nan,nan,nan,nan,nan,-0.067,nan,nan,0,0,0,0,nan,500,fresh
218990,0,0,0,0,0,0,7,0,0,4,19,1,7,0,nan,nan,nan,nan,1.167,nan,nan,1,1,1,1.167,nan,nan,nan,nan,nan,-0.067,nan,nan,0,0,0,-0.067,nan,500,fresh
220060,0,0,0,0,0,0,6,0,0,4,19,1,7,0,nan,nan,nan,nan,1,nan,nan,1,1,1,1.167,nan,nan,nan,nan,nan,0,nan,nan,0,0,0,-0.067,nan,500,fresh
221130,0,0,0,0,0,0,7,0,0,4,19,1,7,0,nan,nan,nan,nan,1.167,nan,nan,1,1,1,1.167,nan,nan,nan,nan,nan,-0.067,nan,nan,0,0,0,-0.067,nan,500,fresh
222198,0,0,0,0,0,0,7,0,0,4,19,1,7,0,nan,nan,nan,nan,1.167,nan,nan,1,1,1,1.167,nan,nan,nan,nan,nan,-0.067,nan,nan,0,0,0,-0.067,nan,500,fresh
223267,0,0,0,0,0,0,7,0,0,4,19,1,7,0,nan,nan,nan,nan,1.167,nan,nan,1,1,1,1.167,nan,nan,nan,nan,nan,-0.067,nan,nan,0,0,0,-0.067,nan,500,fresh
224337,0,0,0,0,0,0,6,0,0,4,19,1,7,0,nan,nan,nan,nan,1,nan,nan,1,1,1,1.167,nan,nan,nan,nan,nan,0,nan,nan,0,0,0,-0.067,nan,500,fresh
225406,0,0,0,0,0,0,6,0,0,4,19,1,7,0,nan,nan,nan,nan,1,nan,nan,1,1,1,1.167,nan,nan,nan,nan,nan,0,nan,nan,0,0,0,-0.067,nan,500,fresh
226475,0,0,0,0,0,0,7,0,0,4,19,1,7,0,nan,nan,nan,nan,1.167,nan,nan,1,1,1,1.167,nan,nan,nan,nan,nan,-0.067,nan,nan,0,0,0,-0.067,nan,500,fresh
227544,0,0,0,0,0,0,6,0,0,4,19,1,7,0,nan,nan,nan,nan,1,nan,nan,1,1,1,1.167,nan,nan,nan,nan,nan,0,nan,nan,0,0,0,-0.067,nan,500,fresh
228614,0,0,0,0,0,0,7,0,0,4,19,1,7,0,nan,nan,nan,nan,1.167,nan,nan,1,1,1,1.167,nan,nan,nan,nan,nan,-0.067,nan,nan,0,0,0,-0.067,nan,500,fresh
229683,0,0,0,0,0,0,7,0,0,3,19,1,7,0,nan,nan,nan,nan,1.167,nan,nan,0.75,1,1,1.167,nan,nan,nan,nan,nan,-0.067,nan,nan,0.125,0,0,-0.067,nan,500,fresh
230752,0,0,0,0,0,0,6,0,0,4,19,1,6,0,nan,nan,nan,nan,1,nan,nan,1,1,1,1,nan,nan,nan,nan,nan,0,nan,nan,0,0,0,0,nan,500,fresh
231822,0,0,0,0,0,0,7,0,0,4,19,1,7,0,nan,nan,nan,nan,1.167,nan,nan,1,1,1,1.167,nan,nan,nan,nan,nan,-0.067,nan,nan,0,0,0,-0.067,nan,500,fresh
232892,0,0,0,0,0,0,7,0,0,4,19,1,7,0,nan,nan,nan,nan,1.167,nan,nan,1,1,1,1.167,nan,nan,nan,nan,nan,-0.067,nan,nan,0,0,0,-0.067,nan,500,fresh
233962,0,0,0,0,0,0,6,0,0,4,19,1,7,0,nan,nan,nan,nan,1,nan,nan,1,1,1,1.167,nan,nan,nan,nan,nan,0,nan,nan,0,0,0,-0.067,nan,500,fresh
235031,0,0,0,0,0,0,6,0,0,4,19,1,7,0,nan,nan,nan,nan,1,nan,nan,1,1,1,1.167,nan,nan,nan,nan,nan,0,nan,nan,0,0,0,-0.067,nan,500,fresh
236100,0,0,0,0,0,0,7,0,0,4,19,1,6,0,nan,nan,nan,nan,1.167,nan,nan,1,1,1,1,nan,nan,nan,nan,nan,-0.067,nan,nan,0,0,0,0,nan,500,fresh
237170,0,0,0,0,0,0,7,0,0,4,19,1,7,0,nan,nan,nan,nan,1.167,nan,nan,1,1,1,1.167,nan,nan,nan,nan,nan,-0.067,nan,nan,0,0,0,-0.067,nan,500,fresh
238240,0,0,0,0,0,0,7,0,0,4,19,1,7,0,nan,nan,nan,nan,1.167,nan,nan,1,1,1,1.167,nan,nan,nan,nan,nan,-0.067,nan,nan,0,0,0,-0.067,nan,500,fresh
239309,0,0,0,0,0,0,7,0,0,4,19,1,6,0,nan,nan,nan,nan,1.167,nan,nan,1,1,1,1,nan,nan,nan,nan,nan,-0.067,nan,nan,0,0,0,0,nan,500,fresh
240379,0,0,0,0,0,0,7,0,0,4,19,1,7,0,nan,nan,nan,nan,1.167,nan,nan,1,1,1,1.167,nan,nan,nan,nan,nan,-0.067,nan,nan,0,0,0,-0.067,nan,500,fresh
241449,0,0,0,0,0,0,7,0,0,4,19,1,6,0,nan,nan,nan,nan,1.167,nan,nan,1,1,1,1,nan,nan,nan,nan,nan,-0.067,nan,nan,0,0,0,0,nan,500,fresh
242519,0,0,0,0,0,0,7,0,0,4,19,1,7,0,nan,nan,nan,nan,1.167,nan,nan,1,1,1,1.167,nan,nan,nan,nan,nan,-0.067,nan,nan,0,0,0,-0.067,nan,500,fresh
243588,0,0,0,0,0,0,7,0,0,4,19,1,6,0,nan,nan,nan,nan,1.167,nan,nan,1,1,1,1,nan,nan,nan,nan,nan,-0.067,nan,nan,0,0,0,0,nan,500,fresh
244657,0,0,0,0,0,0,7,0,0,4,19,1,7,0,nan,nan,nan,nan,1.167,nan,nan,1,1,1,1.167,nan,nan,nan,nan,nan,-0.067,nan,nan,0,0,0,-0.067,nan,500,fresh
245727,0,0,0,0,0,0,7,0,0,4,19,1,7,0,nan,nan,nan,nan,1.167,nan,nan,1,1,1,1.167,nan,nan,nan,nan,nan,-0.067,nan,nan,0,0,0,-0.067,nan,500,fresh
246795,0,0,0,0,0,0,7,0,0,4,19,1,7,0,nan,nan,nan,nan,1.167,nan,nan,1,1,1,1.167,nan,nan,nan,nan,nan,-0.067,nan,nan,0,0,0,-0.067,nan,500,fresh
247864,0,0,0,0,0,0,7,0,0,4,19,1,7,0,nan,nan,nan,nan,1.167,nan,nan,1,1,1,1.167,nan,nan,nan,nan,nan,-0.067,nan,nan,0,0,0,-0.067,nan,500,fresh
248934,0,0,0,0,0,0,7,0,0,4,19,1,7,0,nan,nan,nan,nan,1.167,nan,nan,1,1,1,1.167,nan,nan,nan,nan,nan,-0.067,nan,nan,0,0,0,-0.067,nan,500,fresh
250004,0,0,0,0,0,0,6,0,0,4,19,1,7,0,nan,nan,nan,nan,1,nan,nan,1,1,1,1.167,nan,nan,nan,nan,nan,0,nan,nan,0,0,0,-0.067,nan,500,fresh
251073,0,0,0,0,0,0,7,0,0,4,19,1,7,0,nan,nan,nan,nan,1.167,nan,nan,1,1,1,1.167,nan,nan,nan,nan,nan,-0.067,nan,nan,0,0,0,-0.067,nan,500,fresh
252142,0,0,0,0,0,0,7,0,0,4,19,1,7,0,nan,nan,nan,nan,1.167,nan,nan,1,1,1,1.167,nan,nan,nan,nan,nan,-0.067,nan,nan,0,0,0,-0.067,nan,500,fresh
253212,0,0,0,0,0,0,7,0,0,4,19,1,7,0,nan,nan,nan,nan,1.167,nan,nan,1,1,1,1.167,nan,nan,nan,nan,nan,-0.067,nan,nan,0,0,0,-0.067,nan,500,fresh
254280,0,0,0,0,0,0,7,0,0,4,19,1,6,0,nan,nan,nan,nan,1.167,nan,nan,1,1,1,1,nan,nan,nan,nan,nan,-0.067,nan,nan,0,0,0,0,nan,500,fresh
255350,0,0,0,0,0,0,7,0,0,4,19,1,7,0,nan,nan,nan,nan,1.167,nan,nan,1,1,1,1.167,nan,nan,nan,nan,nan,-0.067,nan,nan,0,0,0,-0.067,nan,500,fresh
256419,0,0,0,0,0,0,7,0,0,4,19,1,7,0,nan,nan,nan,nan,1.167,nan,nan,1,1,1,1.167,nan,nan,nan,nan,nan,-0.067,nan,nan,0,0,0,-0.067,nan,500,fresh
257489,0,0,0,0,0,0,7,0,0,4,19,1,7,0,nan,nan,nan,nan,1.167,nan,nan,1,1,1,1.167,nan,nan,nan,nan,nan,-0.067,nan,nan,0,0,0,-0.067,nan,500,fresh
258559,0,0,0,0,0,0,7,0,0,4,19,1,7,0,nan,nan,nan,nan,1.167,nan,nan,1,1,1,1.167,nan,nan,nan,nan,nan,-0.067,nan,nan,0,0,0,-0.067,nan,500,fresh
259627,0,0,0,0,0,0,7,0,0,4,19,1,7,0,nan,nan,nan,nan,1.167,nan,nan,1,1,1,1.167,nan,nan,nan,nan,nan,-0.067,nan,nan,0,0,0,-0.067,nan,500,fresh
260695,0,0,0,0,0,0,7,0,0,4,19,1,7,0,nan,nan,nan,nan,1.167,nan,nan,1,1,1,1.167,nan,nan,nan,nan,nan,-0.067,nan,nan,0,0,0,-0.067,nan,500,fresh
261765,0,0,0,0,0,0,7,0,0,4,19,1,7,0,nan,nan,nan,nan,1.167,nan,nan,1,1,1,1.167,nan,nan,nan,nan,nan,-0.067,nan,nan,0,0,0,-0.067,nan,500,fresh
262834,0,0,0,0,0,0,7,0,0,4,19,1,7,0,nan,nan,nan,nan,1.167,nan,nan,1,1,1,1.167,nan,nan,nan,nan,nan,-0.067,nan,nan,0,0,0,-0.067,nan,500,fresh
263904,0,0,0,0,0,0,7,0,0,4,19,1,7,0,nan,nan,nan,nan,1.167,nan,nan,1,1,1,1.167,nan,nan,nan,nan,nan,-0.067,nan,nan,0,0,0,-0.067,nan,500,fresh
264974,0,0,0,0,0,0,6,0,0,4,19,1,6,0,nan,nan,nan,nan,1,nan,nan,1,1,1,1,nan,nan,nan,nan,nan,0,nan,nan,0,0,0,0,nan,500,fresh
266042,0,0,0,0,0,0,7,0,0,4,19,1,7,0,nan,nan,nan,nan,1.167,nan,nan,1,1,1,1.167,nan,nan,nan,nan,nan,-0.067,nan,nan,0,0,0,-0.067,nan,500,fresh
267111,0,0,0,0,0,0,7,0,0,4,19,1,7,0,nan,nan,nan,nan,1.167,nan,nan,1,1,1,1.167,nan,nan,nan,nan,nan,-0.067,nan,nan,0,0,0,-0.067,nan,500,fresh
268181,0,0,0,0,0,0,7,0,0,4,19,1,7,0,nan,nan,nan,nan,1.167,nan,nan,1,1,1,1.167,nan,nan,nan,nan,nan,-0.067,nan,nan,0,0,0,-0.067,nan,500,fresh
269251,0,0,0,0,0,0,7,0,0,4,19,1,7,0,nan,nan,nan,nan,1.167,nan,nan,1,1,1,1.167,nan,nan,nan,nan,nan,-0.067,nan,nan,0,0,0,-0.067,nan,500,fresh
270321,0,0,0,0,0,0,6,0,0,4,19,1,7,0,nan,nan,nan,nan,1,nan,nan,1,1,1,1.167,nan,nan,nan,nan,nan,0,nan,nan,0,0,0,-0.067,nan,500,fresh
271390,0,0,0,0,0,0,7,0,0,4,19,1,7,0,nan,nan,nan,nan,1.167,nan,nan,1,1,1,1.167,nan,nan,nan,nan,nan,-0.067,nan,nan,0,0,0,-0.067,nan,500,fresh
272459,0,0,0,0,0,0,7,0,0,4,19,1,6,0,nan,nan,nan,nan,1.167,nan,nan,1,1,1,1,nan,nan,nan,nan,nan,-0.067,nan,nan,0,0,0,0,nan,500,fresh
273528,0,0,0,0,0,0,7,0,0,4,19,1,6,0,nan,nan,nan,nan,1.167,nan,nan,1,1,1,1,nan,nan,nan,nan,nan,-0.067,nan,nan,0,0,0,0,nan,500,fresh
274597,0,0,0,0,0,0,7,0,0,4,19,1,7,0,nan,nan,nan,nan,1.167,nan,nan,1,1,1,1.167,nan,nan,nan,nan,nan,-0.067,nan,nan,0,0,0,-0.067,nan,500,fresh
275667,0,0,0,0,0,0,7,0,0,4,19,1,7,0,nan,nan,nan,nan,1.167,nan,nan,1,1,1,1.167,nan,nan,nan,nan,nan,-0.067,nan,nan,0,0,0,-0.067,nan,500,fresh
276737,0,0,0,0,0,0,6,0,0,4,19,1,7,0,nan,nan,nan,nan,1,nan,nan,1,1,1,1.167,nan,nan,nan,nan,nan,0,nan,nan,0,0,0,-0.067,nan,500,fresh
277806,0,0,0,0,0,0,7,0,0,4,19,1,7,0,nan,nan,nan,nan,1.167,nan,nan,1,1,1,1.167,nan,nan,nan,nan,nan,-0.067,nan,nan,0,0,0,-0.067,nan,500,fresh
278875,0,0,0,0,0,0,6,0,0,4,19,1,6,0,nan,nan,nan,nan,1,nan,nan,1,1,1,1,nan,nan,nan,nan,nan,0,nan,nan,0,0,0,0,nan,500,fresh
279945,0,0,0,0,0,0,7,0,0,4,19,1,7,0,nan,nan,nan,nan,1.167,nan,nan,1,1,1,1.167,nan,nan,nan,nan,nan,-0.067,nan,nan,0,0,0,-0.067,nan,500,fresh
281015,0,0,0,0,0,0,6,0,0,4,19,1,7,0,nan,nan,nan,nan,1,nan,nan,1,1,1,1.167,nan,nan,nan,nan,nan,0,nan,nan,0,0,0,-0.067,nan,500,fresh
282084,0,0,0,0,0,0,7,0,0,4,19,1,7,0,nan,nan,nan,nan,1.167,nan,nan,1,1,1,1.167,nan,nan,nan,nan,nan,-0.067,nan,nan,0,0,0,-0.067,nan,500,fresh
283153,0,0,0,0,0,0,7,0,0,4,19,1,7,0,nan,nan,nan,nan,1.167,nan,nan,1,1,1,1.167,nan,nan,nan,nan,nan,-0.067,nan,nan,0,0,0,-0.067,nan,500,fresh
284222,0,0,0,0,0,0,6,0,0,4,19,1,7,0,nan,nan,nan,nan,1,nan,nan,1,1,1,1.167,nan,nan,nan,nan,nan,0,nan,nan,0,0,0,-0.067,nan,500,fresh
285292,0,0,0,0,0,0,7,0,0,4,19,1,7,0,nan,nan,nan,nan,1.167,nan,nan,1,1,1,1.167,nan,nan,nan,nan,nan,-0.067,nan,nan,0,0,0,-0.067,nan,500,fresh
286361,0,0,0,0,0,0,7,0,0,4,19,1,7,0,nan,nan,nan,nan,1.167,nan,nan,1,1,1,1.167,nan,nan,nan,nan,nan,-0.067,nan,nan,0,0,0,-0.067,nan,500,fresh
287430,0,0,0,0,0,0,7,0,0,4,19,1,7,0,nan,nan,nan,nan,1.167,nan,nan,1,1,1,1.167,nan,nan,nan,nan,nan,-0.067,nan,nan,0,0,0,-0.067,nan,500,fresh
288499,0,0,0,0,0,0,6,0,0,4,19,1,7,0,nan,nan,nan,nan,1,nan,nan,1,1,1,1.167,nan,nan,nan,nan,nan,0,nan,nan,0,0,0,-0.067,nan,500,fresh
289569,0,0,0,0,0,0,7,0,0,4,19,1,7,0,nan,nan,nan,nan,1.167,nan,nan,1,1,1,1.167,nan,nan,nan,nan,nan,-0.067,nan,nan,0,0,0,-0.067,nan,500,fresh
290639,0,0,0,0,0,0,7,0,0,4,19,1,7,0,nan,nan,nan,nan,1.167,nan,nan,1,1,1,1.167,nan,nan,nan,nan,nan,-0.067,nan,nan,0,0,0,-0.067,nan,500,fresh
291709,0,0,0,0,0,0,6,0,0,4,19,1,7,0,nan,nan,nan,nan,1,nan,nan,1,1,1,1.167,nan,nan,nan,nan,nan,0,nan,nan,0,0,0,-0.067,nan,500,fresh
292779,0,0,0,0,0,0,7,0,0,4,19,1,7,0,nan,nan,nan,nan,1.167,nan,nan,1,1,1,1.167,nan,nan,nan,nan,nan,-0.067,nan,nan,0,0,0,-0.067,nan,500,fresh
293848,0,0,0,0,0,0,7,0,0,4,19,1,7,0,nan,nan,nan,nan,1.167,nan,nan,1,1,1,1.167,nan,nan,nan,nan,nan,-0.067,nan,nan,0,0,0,-0.067,nan,500,fresh
294918,0,0,0,0,0,0,7,0,0,4,19,1,7,0,nan,nan,nan,nan,1.167,nan,nan,1,1,1,1.167,nan,nan,nan,nan,nan,-0.067,nan,nan,0,0,0,-0.067,nan,500,fresh
295987,0,0,0,0,0,0,6,0,0,4,19,1,7,0,nan,nan,nan,nan,1,nan,nan,1,1,1,1.167,nan,nan,nan,nan,nan,0,nan,nan,0,0,0,-0.067,nan,500,fresh
297057,0,0,0,0,0,0,7,0,0,4,19,1,6,0,nan,nan,nan,nan,1.167,nan,nan,1,1,1,1,nan,nan,nan,nan,nan,-0.067,nan,nan,0,0,0,0,nan,500,fresh
298126,0,0,0,0,0,0,7,0,0,4,19,1,6,0,nan,nan,nan,nan,1.167,nan,nan,1,1,1,1,nan,nan,nan,nan,nan,-0.067,nan,nan,0,0,0,0,nan,500,fresh
299195,0,0,0,0,0,0,7,0,0,4,19,1,7,0,nan,nan,nan,nan,1.167,nan,nan,1,1,1,1.167,nan,nan,nan,nan,nan,-0.067,nan,nan,0,0,0,-0.067,nan,500,fresh
300265,0,0,0,0,0,0,7,0,0,4,19,1,6,0,nan,nan,nan,nan,1.167,nan,nan,1,1,1,1,nan,nan,nan,nan,nan,-0.067,nan,nan,0,0,0,0,nan,500,fresh
301335,0,0,0,0,0,0,7,0,0,4,19,1,7,0,nan,nan,nan,nan,1.167,nan,nan,1,1,1,1.167,nan,nan,nan,nan,nan,-0.067,nan,nan,0,0,0,-0.067,nan,500,fresh
302405,0,0,0,0,0,0,7,0,0,4,19,1,7,0,nan,nan,nan,nan,1.167,nan,nan,1,1,1,1.167,nan,nan,nan,nan,nan,-0.067,nan,nan,0,0,0,-0.067,nan,500,fresh
303475,0,0,0,0,0,0,7,0,0,4,19,1,7,0,nan,nan,nan,nan,1.167,nan,nan,1,1,1,1.167,nan,nan,nan,nan,nan,-0.067,nan,nan,0,0,0,-0.067,nan,500,fresh
304544,0,0,0,0,0,0,6,0,0,4,19,1,7,0,nan,nan,nan,nan,1,nan,nan,1,1,1,1.167,nan,nan,nan,nan,nan,0,nan,nan,0,0,0,-0.067,nan,500,fresh
305613,0,0,0,0,0,0,6,0,0,4,19,1,7,0,nan,nan,nan,nan,1,nan,nan,1,1,1,1.167,nan,nan,nan,nan,nan,0,nan,nan,0,0,0,-0.067,nan,500,fresh
306683,0,0,0,0,0,0,7,0,0,4,19,1,7,0,nan,nan,nan,nan,1.167,nan,nan,1,1,1,1.167,nan,nan,nan,nan,nan,-0.067,nan,nan,0,0,0,-0.067,nan,500,fresh
307752,0,0,0,0,0,0,7,0,0,3,19,1,7,0,nan,nan,nan,nan,1.167,nan,nan,0.75,1,1,1.167,nan,nan,nan,nan,nan,-0.067,nan,nan,0.125,0,0,-0.067,nan,500,fresh
308821,0,0,0,0,0,0,7,0,0,4,19,1,7,0,nan,nan,nan,nan,1.167,nan,nan,1,1,1,1.167,nan,nan,nan,nan,nan,-0.067,nan,nan,0,0,0,-0.067,nan,500,fresh
309891,0,0,0,0,0,0,7,0,0,4,19,1,6,0,nan,nan,nan,nan,1.167,nan,nan,1,1,1,1,nan,nan,nan,nan,nan,-0.067,nan,nan,0,0,0,0,nan,500,fresh
310960,0,0,0,0,0,0,7,0,0,4,19,1,7,0,nan,nan,nan,nan,1.167,nan,nan,1,1,1,1.167,nan,nan,nan,nan,nan,-0.067,nan,nan,0,0,0,-0.067,nan,500,fresh
312029,0,0,0,0,0,0,7,0,0,4,19,1,6,0,nan,nan,nan,nan,1.167,nan,nan,1,1,1,1,nan,nan,nan,nan,nan,-0.067,nan,nan,0,0,0,0,nan,500,fresh
313098,0,0,0,0,0,0,7,0,0,4,19,1,7,0,nan,nan,nan,nan,1.167,nan,nan,1,1,1,1.167,nan,nan,nan,nan,nan,-0.067,nan,nan,0,0,0,-0.067,nan,500,fresh
323795,0,0,0,0,0,0,7,0,0,4,19,1,7,0,nan,nan,nan,nan,1.167,nan,nan,1,1,1,1.167,nan,nan,nan,nan,nan,-0.067,nan,nan,0,0,0,-0.067,nan,500,fresh
324865,0,0,0,0,0,0,7,0,0,4,19,1,7,0,nan,nan,nan,nan,1.167,nan,nan,1,1,1,1.167,nan,nan,nan,nan,nan,-0.067,nan,nan,0,0,0,-0.067,nan,500,fresh
325934,0,0,0,0,0,0,7,0,0,4,19,1,7,0,nan,nan,nan,nan,1.167,nan,nan,1,1,1,1.167,nan,nan,nan,nan,nan,-0.067,nan,nan,0,0,0,-0.067,nan,500,fresh
327004,0,0,0,0,0,0,7,0,0,4,19,1,7,0,nan,nan,nan,nan,1.167,nan,nan,1,1,1,1.167,nan,nan,nan,nan,nan,-0.067,nan,nan,0,0,0,-0.067,nan,500,fresh
347322,0,0,0,0,0,0,7,0,0,4,20,1,7,0,nan,nan,nan,nan,1.167,nan,nan,1,1.053,1,1.167,nan,nan,nan,nan,nan,-0.067,nan,nan,0,-0.022,0,-0.067,nan,500,fresh
348392,0,0,0,0,0,0,7,0,0,4,20,1,7,0,nan,nan,nan,nan,1.167,nan,nan,1,1.053,1,1.167,nan,nan,nan,nan,nan,-0.067,nan,nan,0,-0.022,0,-0.067,nan,500,fresh
349461,0,0,0,0,0,0,7,0,0,4,19,1,7,0,nan,nan,nan,nan,1.167,nan,nan,1,1,1,1.167,nan,nan,nan,nan,nan,-0.067,nan,nan,0,0,0,-0.067,nan,500,fresh
350530,0,0,0,0,0,0,7,0,0,4,20,1,7,0,nan,nan,nan,nan,1.167,nan,nan,1,1.053,1,1.167,nan,nan,nan,nan,nan,-0.067,nan,nan,0,-0.022,0,-0.067,nan,500,fresh
351600,0,0,0,0,0,0,7,0,0,4,20,1,7,0,nan,nan,nan,nan,1.167,nan,nan,1,1.053,1,1.167,nan,nan,nan,nan,nan,-0.067,nan,nan,0,-0.022,0,-0.067,nan,500,fresh
352669,0,0,0,0,0,0,7,0,0,4,20,1,7,0,nan,nan,nan,nan,1.167,nan,nan,1,1.053,1,1.167,nan,nan,nan,nan,nan,-0.067,nan,nan,0,-0.022,0,-0.067,nan,500,fresh
353738,0,0,0,0,0,0,7,0,0,4,20,1,7,0,nan,nan,nan,nan,1.167,nan,nan,1,1.053,1,1.167,nan,nan,nan,nan,nan,-0.067,nan,nan,0,-0.022,0,-0.067,nan,500,fresh
354807,0,0,0,0,0,0,7,0,0,4,20,1,7,0,nan,nan,nan,nan,1.167,nan,nan,1,1.053,1,1.167,nan,nan,nan,nan,nan,-0.067,nan,nan,0,-0.022,0,-0.067,nan,500,fresh
355876,0,0,0,0,0,0,7,0,0,4,20,1,7,0,nan,nan,nan,nan,1.167,nan,nan,1,1.053,1,1.167,nan,nan,nan,nan,nan,-0.067,nan,nan,0,-0.022,0,-0.067,nan,500,fresh
356945,0,0,0,0,0,0,7,0,0,4,20,1,7,0,nan,nan,nan,nan,1.167,nan,nan,1,1.053,1,1.167,nan,nan,nan,nan,nan,-0.067,nan,nan,0,-0.022,0,-0.067,nan,500,fresh
358014,0,0,0,0,0,0,7,0,0,4,20,1,7,0,nan,nan,nan,nan,1.167,nan,nan,1,1.053,1,1.167,nan,nan,nan,nan,nan,-0.067,nan,nan,0,-0.022,0,-0.067,nan,500,fresh
359084,0,0,0,0,0,0,7,0,0,4,20,1,7,0,nan,nan,nan,nan,1.167,nan,nan,1,1.053,1,1.167,nan,nan,nan,nan,nan,-0.067,nan,nan,0,-0.022,0,-0.067,nan,500,fresh
360154,0,0,0,0,0,0,7,0,0,4,20,1,7,0,nan,nan,nan,nan,1.167,nan,nan,1,1.053,1,1.167,nan,nan,nan,nan,nan,-0.067,nan,nan,0,-0.022,0,-0.067,nan,500,fresh
361224,0,0,0,0,0,0,7,0,0,4,20,1,7,0,nan,nan,nan,nan,1.167,nan,nan,1,1.053,1,1.167,nan,nan,nan,nan,nan,-0.067,nan,nan,0,-0.022,0,-0.067,nan,500,fresh
362294,0,0,0,0,0,0,7,0,0,4,19,1,7,0,nan,nan,nan,nan,1.167,nan,nan,1,1,1,1.167,nan,nan,nan,nan,nan,-0.067,nan,nan,0,0,0,-0.067,nan,500,fresh
363364,0,0,0,0,0,0,7,0,0,4,20,1,7,0,nan,nan,nan,nan,1.167,nan,nan,1,1.053,1,1.167,nan,nan,nan,nan,nan,-0.067,nan,nan,0,-0.022,0,-0.067,nan,500,fresh
364434,0,0,0,0,0,0,7,0,0,4,20,1,7,0,nan,nan,nan,nan,1.167,nan,nan,1,1.053,1,1.167,nan,nan,nan,nan,nan,-0.067,nan,nan,0,-0.022,0,-0.067,nan,500,fresh
365504,0,0,0,0,0,0,7,0,0,4,20,1,7,0,nan,nan,nan,nan,1.167,nan,nan,1,1.053,1,1.167,nan,nan,nan,nan,nan,-0.067,nan,nan,0,-0.022,0,-0.067,nan,500,fresh
366574,0,0,0,0,0,0,7,0,0,4,20,1,7,0,nan,nan,nan,nan,1.167,nan,nan,1,1.053,1,1.167,nan,nan,nan,nan,nan,-0.067,nan,nan,0,-0.022,0,-0.067,nan,500,fresh
367643,0,0,0,0,0,0,7,0,0,4,20,1,7,0,nan,nan,nan,nan,1.167,nan,nan,1,1.053,1,1.167,nan,nan,nan,nan,nan,-0.067,nan,nan,0,-0.022,0,-0.067,nan,500,fresh
368713,0,0,0,0,0,0,7,0,0,4,20,1,7,0,nan,nan,nan,nan,1.167,nan,nan,1,1.053,1,1.167,nan,nan,nan,nan,nan,-0.067,nan,nan,0,-0.022,0,-0.067,nan,500,fresh
369783,0,0,0,0,0,0,7,0,0,4,20,1,7,0,nan,nan,nan,nan,1.167,nan,nan,1,1.053,1,1.167,nan,nan,nan,nan,nan,-0.067,nan,nan,0,-0.022,0,-0.067,nan,500,fresh
370852,0,0,0,0,0,0,7,0,0,4,20,1,7,0,nan,nan,nan,nan,1.167,nan,nan,1,1.053,1,1.167,nan,nan,nan,nan,nan,-0.067,nan,nan,0,-0.022,0,-0.067,nan,500,fresh
371922,0,0,0,0,0,0,7,0,0,4,20,1,7,0,nan,nan,nan,nan,1.167,nan,nan,1,1.053,1,1.167,nan,nan,nan,nan,nan,-0.067,nan,nan,0,-0.022,0,-0.067,nan,500,fresh
372991,0,0,0,0,0,0,7,0,0,4,20,1,7,0,nan,nan,nan,nan,1.167,nan,nan,1,1.053,1,1.167,nan,nan,nan,nan,nan,-0.067,nan,nan,0,-0.022,0,-0.067,nan,500,fresh
374059,0,0,0,0,0,0,7,0,0,4,19,1,7,0,nan,nan,nan,nan,1.167,nan,nan,1,1,1,1.167,nan,nan,nan,nan,nan,-0.067,nan,nan,0,0,0,-0.067,nan,500,fresh
375127,0,0,0,0,0,0,7,0,0,4,20,1,7,0,nan,nan,nan,nan,1.167,nan,nan,1,1.053,1,1.167,nan,nan,nan,nan,nan,-0.067,nan,nan,0,-0.022,0,-0.067,nan,500,fresh
376197,0,0,0,0,0,0,7,0,0,4,20,1,7,0,nan,nan,nan,nan,1.167,nan,nan,1,1.053,1,1.167,nan,nan,nan,nan,nan,-0.067,nan,nan,0,-0.022,0,-0.067,nan,500,fresh
377265,0,0,0,0,0,0,7,0,0,4,19,1,7,0,nan,nan,nan,nan,1.167,nan,nan,1,1,1,1.167,nan,nan,nan,nan,nan,-0.067,nan,nan,0,0,0,-0.067,nan,500,fresh
378333,0,0,0,0,0,0,7,0,0,4,20,1,7,0,nan,nan,nan,nan,1.167,nan,nan,1,1.053,1,1.167,nan,nan,nan,nan,nan,-0.067,nan,nan,0,-0.022,0,-0.067,nan,500,fresh
379403,0,0,0,0,0,0,7,0,0,4,20,1,7,0,nan,nan,nan,nan,1.167,nan,nan,1,1.053,1,1.167,nan,nan,nan,nan,nan,-0.067,nan,nan,0,-0.022,0,-0.067,nan,500,fresh
380473,0,0,0,0,0,0,7,0,0,4,20,1,7,0,nan,nan,nan,nan,1.167,nan,nan,1,1.053,1,1.167,nan,nan,nan,nan,nan,-0.067,nan,nan,0,-0.022,0,-0.067,nan,500,fresh
381542,0,0,0,0,0,0,7,0,0,4,20,1,7,0,nan,nan,nan,nan,1.167,nan,nan,1,1.053,1,1.167,nan,nan,nan,nan,nan,-0.067,nan,nan,0,-0.022,0,-0.067,nan,500,fresh
382612,0,0,0,0,0,0,7,0,0,4,20,1,7,0,nan,nan,nan,nan,1.167,nan,nan,1,1.053,1,1.167,nan,nan,nan,nan,nan,-0.067,nan,nan,0,-0.022,0,-0.067,nan,500,fresh
383681,0,0,0,0,0,0,7,0,0,4,19,1,7,0,nan,nan,nan,nan,1.167,nan,nan,1,1,1,1.167,nan,nan,nan,nan,nan,-0.067,nan,nan,0,0,0,-0.067,nan,500,fresh
384750,0,0,0,0,0,0,7,0,0,4,20,1,7,0,nan,nan,nan,nan,1.167,nan,nan,1,1.053,1,1.167,nan,nan,nan,nan,nan,-0.067,nan,nan,0,-0.022,0,-0.067,nan,500,fresh
385819,0,0,0,0,0,0,7,0,0,4,20,1,7,0,nan,nan,nan,nan,1.167,nan,nan,1,1.053,1,1.167,nan,nan,nan,nan,nan,-0.067,nan,nan,0,-0.022,0,-0.067,nan,500,fresh
386889,0,0,0,0,0,0,6,0,0,4,19,1,7,0,nan,nan,nan,nan,1,nan,nan,1,1,1,1.167,nan,nan,nan,nan,nan,0,nan,nan,0,0,0,-0.067,nan,500,fresh
387957,0,0,0,0,0,0,7,0,0,4,20,1,7,0,nan,nan,nan,nan,1.167,nan,nan,1,1.053,1,1.167,nan,nan,nan,nan,nan,-0.067,nan,nan,0,-0.022,0,-0.067,nan,500,fresh
389027,0,0,0,0,0,0,7,0,0,4,20,1,7,0,nan,nan,nan,nan,1.167,nan,nan,1,1.053,1,1.167,nan,nan,nan,nan,nan,-0.067,nan,nan,0,-0.022,0,-0.067,nan,500,fresh
390096,0,0,0,0,0,0,7,0,0,4,20,1,7,0,nan,nan,nan,nan,1.167,nan,nan,1,1.053,1,1.167,nan,nan,nan,nan,nan,-0.067,nan,nan,0,-0.022,0,-0.067,nan,500,fresh
391165,0,0,0,0,0,0,7,0,0,4,20,1,7,0,nan,nan,nan,nan,1.167,nan,nan,1,1.053,1,1.167,nan,nan,nan,nan,nan,-0.067,nan,nan,0,-0.022,0,-0.067,nan,500,fresh
392235,0,0,0,0,0,0,7,0,0,4,19,1,7,0,nan,nan,nan,nan,1.167,nan,nan,1,1,1,1.167,nan,nan,nan,nan,nan,-0.067,nan,nan,0,0,0,-0.067,nan,500,fresh
393304,0,0,0,0,0,0,7,0,0,4,19,1,7,0,nan,nan,nan,nan,1.167,nan,nan,1,1,1,1.167,nan,nan,nan,nan,nan,-0.067,nan,nan,0,0,0,-0.067,nan,500,fresh
394373,0,0,0,0,0,0,7,0,0,4,19,1,7,0,nan,nan,nan,nan,1.167,nan,nan,1,1,1,1.167,nan,nan,nan,nan,nan,-0.067,nan,nan,0,0,0,-0.067,nan,500,fresh
395443,0,0,0,0,0,0,7,0,0,4,19,1,7,0,nan,nan,nan,nan,1.167,nan,nan,1,1,1,1.167,nan,nan,nan,nan,nan,-0.067,nan,nan,0,0,0,-0.067,nan,500,fresh
396513,0,0,0,0,0,0,7,0,0,4,19,1,7,0,nan,nan,nan,nan,1.167,nan,nan,1,1,1,1.167,nan,nan,nan,nan,nan,-0.067,nan,nan,0,0,0,-0.067,nan,500,fresh
397582,0,0,0,0,0,0,7,0,0,4,20,1,7,0,nan,nan,nan,nan,1.167,nan,nan,1,1.053,1,1.167,nan,nan,nan,nan,nan,-0.067,nan,nan,0,-0.022,0,-0.067,nan,500,fresh
398651,0,0,0,0,0,0,7,0,0,4,19,1,7,0,nan,nan,nan,nan,1.167,nan,nan,1,1,1,1.167,nan,nan,nan,nan,nan,-0.067,nan,nan,0,0,0,-0.067,nan,500,fresh
399720,0,0,0,0,0,0,7,0,0,4,20,1,7,0,nan,nan,nan,nan,1.167,nan,nan,1,1.053,1,1.167,nan,nan,nan,nan,nan,-0.067,nan,nan,0,-0.022,0,-0.067,nan,500,fresh
400789,0,0,0,0,0,0,7,0,0,4,20,1,7,0,nan,nan,nan,nan,1.167,nan,nan,1,1.053,1,1.167,nan,nan,nan,nan,nan,-0.067,nan,nan,0,-0.022,0,-0.067,nan,500,fresh
401859,0,0,0,0,0,0,7,0,0,4,19,1,7,0,nan,nan,nan,nan,1.167,nan,nan,1,1,1,1.167,nan,nan,nan,nan,nan,-0.067,nan,nan,0,0,0,-0.067,nan,500,fresh
402928,0,0,0,0,0,0,7,0,0,4,20,1,7,0,nan,nan,nan,nan,1.167,nan,nan,1,1.053,1,1.167,nan,nan,nan,nan,nan,-0.067,nan,nan,0,-0.022,0,-0.067,nan,500,fresh
403997,0,0,0,0,0,0,7,0,0,4,19,1,7,0,nan,nan,nan,nan,1.167,nan,nan,1,1,1,1.167,nan,nan,nan,nan,nan,-0.067,nan,nan,0,0,0,-0.067,nan,500,fresh
405067,0,0,0,0,0,0,7,0,0,4,19,1,7,0,nan,nan,nan,nan,1.167,nan,nan,1,1,1,1.167,nan,nan,nan,nan,nan,-0.067,nan,nan,0,0,0,-0.067,nan,500,fresh
406136,0,0,0,0,0,0,6,0,0,4,19,1,7,0,nan,nan,nan,nan,1,nan,nan,1,1,1,1.167,nan,nan,nan,nan,nan,0,nan,nan,0,0,0,-0.067,nan,500,fresh
407206,0,0,0,0,0,0,7,0,0,4,19,1,7,0,nan,nan,nan,nan,1.167,nan,nan,1,1,1,1.167,nan,nan,nan,nan,nan,-0.067,nan,nan,0,0,0,-0.067,nan,500,fresh
408276,0,0,0,0,0,0,7,0,0,4,19,1,7,0,nan,nan,nan,nan,1.167,nan,nan,1,1,1,1.167,nan,nan,nan,nan,nan,-0.067,nan,nan,0,0,0,-0.067,nan,500,fresh
409345,0,0,0,0,0,0,7,0,0,4,19,1,7,0,nan,nan,nan,nan,1.167,nan,nan,1,1,1,1.167,nan,nan,nan,nan,nan,-0.067,nan,nan,0,0,0,-0.067,nan,500,fresh
410415,0,0,0,0,0,0,7,0,0,4,19,1,7,0,nan,nan,nan,nan,1.167,nan,nan,1,1,1,1.167,nan,nan,nan,nan,nan,-0.067,nan,nan,0,0,0,-0.067,nan,500,fresh
411485,0,0,0,0,0,0,7,0,0,4,19,1,7,0,nan,nan,nan,nan,1.167,nan,nan,1,1,1,1.167,nan,nan,nan,nan,nan,-0.067,nan,nan,0,0,0,-0.067,nan,500,fresh
412555,0,0,0,0,0,0,7,0,0,4,19,1,7,0,nan,nan,nan,nan,1.167,nan,nan,1,1,1,1.167,nan,nan,nan,nan,nan,-0.067,nan,nan,0,0,0,-0.067,nan,500,fresh
413625,0,0,0,0,0,0,7,0,0,4,19,1,7,0,nan,nan,nan,nan,1.167,nan,nan,1,1,1,1.167,nan,nan,nan,nan,nan,-0.067,nan,nan,0,0,0,-0.067,nan,500,fresh
414694,0,0,0,0,0,0,7,0,0,4,19,1,7,0,nan,nan,nan,nan,1.167,nan,nan,1,1,1,1.167,nan,nan,nan,nan,nan,-0.067,nan,nan,0,0,0,-0.067,nan,500,fresh
415763,0,0,0,0,0,0,7,0,0,4,19,1,7,0,nan,nan,nan,nan,1.167,nan,nan,1,1,1,1.167,nan,nan,nan,nan,nan,-0.067,nan,nan,0,0,0,-0.067,nan,500,fresh
416832,0,0,0,0,0,0,7,0,0,4,19,1,7,0,nan,nan,nan,nan,1.167,nan,nan,1,1,1,1.167,nan,nan,nan,nan,nan,-0.067,nan,nan,0,0,0,-0.067,nan,500,fresh
417901,0,0,0,0,0,0,7,0,0,4,19,1,7,0,nan,nan,nan,nan,1.167,nan,nan,1,1,1,1.167,nan,nan,nan,nan,nan,-0.067,nan,nan,0,0,0,-0.067,nan,500,fresh
418971,0,0,0,0,0,0,7,0,0,4,19,1,7,0,nan,nan,nan,nan,1.167,nan,nan,1,1,1,1.167,nan,nan,nan,nan,nan,-0.067,nan,nan,0,0,0,-0.067,nan,500,fresh
420041,0,0,0,0,0,0,7,0,0,4,19,1,7,0,nan,nan,nan,nan,1.167,nan,nan,1,1,1,1.167,nan,nan,nan,nan,nan,-0.067,nan,nan,0,0,0,-0.067,nan,500,fresh
421111,0,0,0,0,0,0,7,0,0,4,19,1,7,0,nan,nan,nan,nan,1.167,nan,nan,1,1,1,1.167,nan,nan,nan,nan,nan,-0.067,nan,nan,0,0,0,-0.067,nan,500,fresh
422181,0,0,0,0,0,0,7,0,0,4,20,1,7,0,nan,nan,nan,nan,1.167,nan,nan,1,1.053,1,1.167,nan,nan,nan,nan,nan,-0.067,nan,nan,0,-0.022,0,-0.067,nan,500,fresh
423250,0,0,0,0,0,0,7,0,0,4,19,1,7,0,nan,nan,nan,nan,1.167,nan,nan,1,1,1,1.167,nan,nan,nan,nan,nan,-0.067,nan,nan,0,0,0,-0.067,nan,500,fresh
424319,0,0,0,0,0,0,7,0,0,4,19,1,7,0,nan,nan,nan,nan,1.167,nan,nan,1,1,1,1.167,nan,nan,nan,nan,nan,-0.067,nan,nan,0,0,0,-0.067,nan,500,fresh
425389,0,0,0,0,0,0,7,0,0,4,19,1,7,0,nan,nan,nan,nan,1.167,nan,nan,1,1,1,1.167,nan,nan,nan,nan,nan,-0.067,nan,nan,0,0,0,-0.067,nan,500,fresh
426457,0,0,0,0,0,0,7,0,0,4,20,1,7,0,nan,nan,nan,nan,1.167,nan,nan,1,1.053,1,1.167,nan,nan,nan,nan,nan,-0.067,nan,nan,0,-0.022,0,-0.067,nan,500,fresh
427527,0,0,0,0,0,0,7,0,0,4,19,1,7,0,nan,nan,nan,nan,1.167,nan,nan,1,1,1,1.167,nan,nan,nan,nan,nan,-0.067,nan,nan,0,0,0,-0.067,nan,500,fresh
428597,0,0,0,0,0,0,7,0,0,4,19,1,7,0,nan,nan,nan,nan,1.167,nan,nan,1,1,1,1.167,nan,nan,nan,nan,nan,-0.067,nan,nan,0,0,0,-0.067,nan,500,fresh
429666,0,0,0,0,0,0,7,0,0,4,19,1,7,0,nan,nan,nan,nan,1.167,nan,nan,1,1,1,1.167,nan,nan,nan,nan,nan,-0.067,nan,nan,0,0,0,-0.067,nan,500,fresh
430736,0,0,0,0,0,0,7,0,0,4,19,1,7,0,nan,nan,nan,nan,1.167,nan,nan,1,1,1,1.167,nan,nan,nan,nan,nan,-0.067,nan,nan,0,0,0,-0.067,nan,500,fresh
431806,0,0,0,0,0,0,7,0,0,4,19,1,7,0,nan,nan,nan,nan,1.167,nan,nan,1,1,1,1.167,nan,nan,nan,nan,nan,-0.067,nan,nan,0,0,0,-0.067,nan,500,fresh
432875,0,0,0,0,0,0,7,0,0,4,19,1,7,0,nan,nan,nan,nan,1.167,nan,nan,1,1,1,1.167,nan,nan,nan,nan,nan,-0.067,nan,nan,0,0,0,-0.067,nan,500,fresh
433945,0,0,0,0,0,0,7,0,0,4,19,1,7,0,nan,nan,nan,nan,1.167,nan,nan,1,1,1,1.167,nan,nan,nan,nan,nan,-0.067,nan,nan,0,0,0,-0.067,nan,500,fresh
435015,0,0,0,0,0,0,7,0,0,4,19,1,7,0,nan,nan,nan,nan,1.167,nan,nan,1,1,1,1.167,nan,nan,nan,nan,nan,-0.067,nan,nan,0,0,0,-0.067,nan,500,fresh
436085,0,0,0,0,0,0,7,0,0,4,19,1,7,0,nan,nan,nan,nan,1.167,nan,nan,1,1,1,1.167,nan,nan,nan,nan,nan,-0.067,nan,nan,0,0,0,-0.067,nan,500,fresh
437154,0,0,0,0,0,0,7,0,0,4,19,1,7,0,nan,nan,nan,nan,1.167,nan,nan,1,1,1,1.167,nan,nan,nan,nan,nan,-0.067,nan,nan,0,0,0,-0.067,nan,500,fresh
438224,0,0,0,0,0,0,7,0,0,4,19,1,7,0,nan,nan,nan,nan,1.167,nan,nan,1,1,1,1.167,nan,nan,nan,nan,nan,-0.067,nan,nan,0,0,0,-0.067,nan,500,fresh
50008,0,0,0,0,0,0,7,0,0,4,19,1,7,0,nan,nan,nan,nan,1.167,nan,nan,1,1,1,1.167,nan,nan,nan,nan,nan,-0.067,nan,nan,0,0,0,-0.067,nan,500,fresh
51077,0,0,0,0,0,0,6,0,0,4,19,1,7,0,nan,nan,nan,nan,1,nan,nan,1,1,1,1.167,nan,nan,nan,nan,nan,0,nan,nan,0,0,0,-0.067,nan,500,fresh
52146,0,0,0,0,0,0,7,0,0,4,19,1,7,0,nan,nan,nan,nan,1.167,nan,nan,1,1,1,1.167,nan,nan,nan,nan,nan,-0.067,nan,nan,0,0,0,-0.067,nan,500,fresh
53216,0,0,0,0,0,0,7,0,0,4,19,1,6,0,nan,nan,nan,nan,1.167,nan,nan,1,1,1,1,nan,nan,nan,nan,nan,-0.067,nan,nan,0,0,0,0,nan,500,fresh
54285,0,0,0,0,0,0,7,0,0,4,19,1,7,0,nan,nan,nan,nan,1.167,nan,nan,1,1,1,1.167,nan,nan,nan,nan,nan,-0.067,nan,nan,0,0,0,-0.067,nan,500,fresh
55355,0,0,0,0,0,0,7,0,0,4,19,1,6,0,nan,nan,nan,nan,1.167,nan,nan,1,1,1,1,nan,nan,nan,nan,nan,-0.067,nan,nan,0,0,0,0,nan,500,fresh
56425,0,0,0,0,0,0,7,0,0,4,19,1,7,0,nan,nan,nan,nan,1.167,nan,nan,1,1,1,1.167,nan,nan,nan,nan,nan,-0.067,nan,nan,0,0,0,-0.067,nan,500,fresh
57495,0,0,0,0,0,0,7,0,0,4,19,1,7,0,nan,nan,nan,nan,1.167,nan,nan,1,1,1,1.167,nan,nan,nan,nan,nan,-0.067,nan,nan,0,0,0,-0.067,nan,500,fresh
58564,0,0,0,0,0,0,7,0,0,4,19,1,7,0,nan,nan,nan,nan,1.167,nan,nan,1,1,1,1.167,nan,nan,nan,nan,nan,-0.067,nan,nan,0,0,0,-0.067,nan,500,fresh
59634,0,0,0,0,0,0,7,0,0,4,19,1,7,0,nan,nan,nan,nan,1.167,nan,nan,1,1,1,1.167,nan,nan,nan,nan,nan,-0.067,nan,nan,0,0,0,-0.067,nan,500,fresh
60704,0,0,0,0,0,0,7,0,0,4,19,1,7,0,nan,nan,nan,nan,1.167,nan,nan,1,1,1,1.167,nan,nan,nan,nan,nan,-0.067,nan,nan,0,0,0,-0.067,nan,500,fresh
61774,0,0,0,0,0,0,7,0,0,4,19,1,7,0,nan,nan,nan,nan,1.167,nan,nan,1,1,1,1.167,nan,nan,nan,nan,nan,-0.067,nan,nan,0,0,0,-0.067,nan,500,fresh
62844,0,0,0,0,0,0,6,0,0,4,19,1,7,0,nan,nan,nan,nan,1,nan,nan,1,1,1,1.167,nan,nan,nan,nan,nan,0,nan,nan,0,0,0,-0.067,nan,500,fresh
63913,0,0,0,0,0,0,7,0,0,4,19,1,7,0,nan,nan,nan,nan,1.167,nan,nan,1,1,1,1.167,nan,nan,nan,nan,nan,-0.067,nan,nan,0,0,0,-0.067,nan,500,fresh
64983,0,0,0,0,0,0,7,0,0,4,19,1,7,0,nan,nan,nan,nan,1.167,nan,nan,1,1,1,1.167,nan,nan,nan,nan,nan,-0.067,nan,nan,0,0,0,-0.067,nan,500,fresh
66053,0,0,0,0,0,0,7,0,0,4,19,1,7,0,nan,nan,nan,nan,1.167,nan,nan,1,1,1,1.167,nan,nan,nan,nan,nan,-0.067,nan,nan,0,0,0,-0.067,nan,500,fresh
67123,0,0,0,0,0,0,7,0,0,4,19,1,7,0,nan,nan,nan,nan,1.167,nan,nan,1,1,1,1.167,nan,nan,nan,nan,nan,-0.067,nan,nan,0,0,0,-0.067,nan,500,fresh
68193,0,0,0,0,0,0,7,0,0,4,19,1,7,0,nan,nan,nan,nan,1.167,nan,nan,1,1,1,1.167,nan,nan,nan,nan,nan,-0.067,nan,nan,0,0,0,-0.067,nan,500,fresh
69263,0,0,0,0,0,0,7,0,0,4,19,1,7,0,nan,nan,nan,nan,1.167,nan,nan,1,1,1,1.167,nan,nan,nan,nan,nan,-0.067,nan,nan,0,0,0,-0.067,nan,500,fresh
70333,0,0,0,0,0,0,7,0,0,4,19,1,7,0,nan,nan,nan,nan,1.167,nan,nan,1,1,1,1.167,nan,nan,nan,nan,nan,-0.067,nan,nan,0,0,0,-0.067,nan,500,fresh
71403,0,0,0,0,0,0,7,0,0,4,19,1,7,0,nan,nan,nan,nan,1.167,nan,nan,1,1,1,1.167,nan,nan,nan,nan,nan,-0.067,nan,nan,0,0,0,-0.067,nan,500,fresh
72473,0,0,0,0,0,0,6,0,0,4,19,1,7,0,nan,nan,nan,nan,1,nan,nan,1,1,1,1.167,nan,nan,nan,nan,nan,0,nan,nan,0,0,0,-0.067,nan,500,fresh
73542,0,0,0,0,0,0,7,0,0,4,19,1,6,0,nan,nan,nan,nan,1.167,nan,nan,1,1,1,1,nan,nan,nan,nan,nan,-0.067,nan,nan,0,0,0,0,nan,500,fresh
74611,0,0,0,0,0,0,7,0,0,4,19,1,7,0,nan,nan,nan,nan,1.167,nan,nan,1,1,1,1.167,nan,nan,nan,nan,nan,-0.067,nan,nan,0,0,0,-0.067,nan,500,fresh
75681,0,0,0,0,0,0,7,0,0,4,19,1,7,0,nan,nan,nan,nan,1.167,nan,nan,1,1,1,1.167,nan,nan,nan,nan,nan,-0.067,nan,nan,0,0,0,-0.067,nan,500,fresh
76751,0,0,0,0,0,0,7,0,0,4,19,1,7,0,nan,nan,nan,nan,1.167,nan,nan,1,1,1,1.167,nan,nan,nan,nan,nan,-0.067,nan,nan,0,0,0,-0.067,nan,500,fresh
77821,0,0,0,0,0,0,7,0,0,4,19,1,7,0,nan,nan,nan,nan,1.167,nan,nan,1,1,1,1.167,nan,nan,nan,nan,nan,-0.067,nan,nan,0,0,0,-0.067,nan,500,fresh
78891,0,0,0,0,0,0,7,0,0,4,19,1,7,0,nan,nan,nan,nan,1.167,nan,nan,1,1,1,1.167,nan,nan,nan,nan,nan,-0.067,nan,nan,0,0,0,-0.067,nan,500,fresh
79960,0,0,0,0,0,0,7,0,0,4,19,1,6,0,nan,nan,nan,nan,1.167,nan,nan,1,1,1,1,nan,nan,nan,nan,nan,-0.067,nan,nan,0,0,0,0,nan,500,fresh
81030,0,0,0,0,0,0,6,0,0,4,19,1,7,0,nan,nan,nan,nan,1,nan,nan,1,1,1,1.167,nan,nan,nan,nan,nan,0,nan,nan,0,0,0,-0.067,nan,500,fresh
82099,0,0,0,0,0,0,7,0,0,4,19,1,7,0,nan,nan,nan,nan,1.167,nan,nan,1,1,1,1.167,nan,nan,nan,nan,nan,-0.067,nan,nan,0,0,0,-0.067,nan,500,fresh
83168,0,0,0,0,0,0,7,0,0,4,19,1,7,0,nan,nan,nan,nan,1.167,nan,nan,1,1,1,1.167,nan,nan,nan,nan,nan,-0.067,nan,nan,0,0,0,-0.067,nan,500,fresh
84238,0,0,0,0,0,0,7,0,0,4,19,1,6,0,nan,nan,nan,nan,1.167,nan,nan,1,1,1,1,nan,nan,nan,nan,nan,-0.067,nan,nan,0,0,0,0,nan,500,fresh
85308,0,0,0,0,0,0,7,0,0,4,19,1,7,0,nan,nan,nan,nan,1.167,nan,nan,1,1,1,1.167,nan,nan,nan,nan,nan,-0.067,nan,nan,0,0,0,-0.067,nan,500,fresh
86377,0,0,0,0,0,0,7,0,0,4,19,1,7,0,nan,nan,nan,nan,1.167,nan,nan,1,1,1,1.167,nan,nan,nan,nan,nan,-0.067,nan,nan,0,0,0,-0.067,nan,500,fresh
87447,0,0,0,0,0,0,7,0,0,4,19,1,7,0,nan,nan,nan,nan,1.167,nan,nan,1,1,1,1.167,nan,nan,nan,nan,nan,-0.067,nan,nan,0,0,0,-0.067,nan,500,fresh
88516,0,0,0,0,0,0,6,0,0,4,19,1,7,0,nan,nan,nan,nan,1,nan,nan,1,1,1,1.167,nan,nan,nan,nan,nan,0,nan,nan,0,0,0,-0.067,nan,500,fresh
89586,0,0,0,0,0,0,7,0,0,4,19,1,7,0,nan,nan,nan,nan,1.167,nan,nan,1,1,1,1.167,nan,nan,nan,nan,nan,-0.067,nan,nan,0,0,0,-0.067,nan,500,fresh
90655,0,0,0,0,0,0,7,0,0,4,19,1,7,0,nan,nan,nan,nan,1.167,nan,nan,1,1,1,1.167,nan,nan,nan,nan,nan,-0.067,nan,nan,0,0,0,-0.067,nan,500,fresh
91723,0,0,0,0,0,0,7,0,0,4,19,1,7,0,nan,nan,nan,nan,1.167,nan,nan,1,1,1,1.167,nan,nan,nan,nan,nan,-0.067,nan,nan,0,0,0,-0.067,nan,500,fresh
92792,0,0,0,0,0,0,7,0,0,4,19,1,7,0,nan,nan,nan,nan,1.167,nan,nan,1,1,1,1.167,nan,nan,nan,nan,nan,-0.067,nan,nan,0,0,0,-0.067,nan,500,fresh
93862,0,0,0,0,0,0,6,0,0,4,19,1,7,0,nan,nan,nan,nan,1,nan,nan,1,1,1,1.167,nan,nan,nan,nan,nan,0,nan,nan,0,0,0,-0.067,nan,500,fresh
94931,0,0,0,0,0,0,7,0,0,4,19,1,7,0,nan,nan,nan,nan,1.167,nan,nan,1,1,1,1.167,nan,nan,nan,nan,nan,-0.067,nan,nan,0,0,0,-0.067,nan,500,fresh
96000,0,0,0,0,0,0,7,0,0,4,19,1,7,0,nan,nan,nan,nan,1.167,nan,nan,1,1,1,1.167,nan,nan,nan,nan,nan,-0.067,nan,nan,0,0,0,-0.067,nan,500,fresh
97069,0,0,0,0,0,0,7,0,0,4,19,1,7,0,nan,nan,nan,nan,1.167,nan,nan,1,1,1,1.167,nan,nan,nan,nan,nan,-0.067,nan,nan,0,0,0,-0.067,nan,500,fresh
98138,0,0,0,0,0,0,7,0,0,4,19,1,7,0,nan,nan,nan,nan,1.167,nan,nan,1,1,1,1.167,nan,nan,nan,nan,nan,-0.067,nan,nan,0,0,0,-0.067,nan,500,fresh
99207,0,0,0,0,0,0,7,0,0,4,19,1,7,0,nan,nan,nan,nan,1.167,nan,nan,1,1,1,1.167,nan,nan,nan,nan,nan,-0.067,nan,nan,0,0,0,-0.067,nan,500,fresh
100276,0,0,0,0,0,0,7,0,0,4,19,1,7,0,nan,nan,nan,nan,1.167,nan,nan,1,1,1,1.167,nan,nan,nan,nan,nan,-0.067,nan,nan,0,0,0,-0.067,nan,500,fresh
101346,0,0,0,0,0,0,7,0,0,4,19,1,7,0,nan,nan,nan,nan,1.167,nan,nan,1,1,1,1.167,nan,nan,nan,nan,nan,-0.067,nan,nan,0,0,0,-0.067,nan,500,fresh
102416,0,0,0,0,0,0,7,0,0,4,19,1,7,0,nan,nan,nan,nan,1.167,nan,nan,1,1,1,1.167,nan,nan,nan,nan,nan,-0.067,nan,nan,0,0,0,-0.067,nan,500,fresh
103485,0,0,0,0,0,0,7,0,0,3,19,1,7,0,nan,nan,nan,nan,1.167,nan,nan,0.75,1,1,1.167,nan,nan,nan,nan,nan,-0.067,nan,nan,0.125,0,0,-0.067,nan,500,fresh
104555,0,0,0,0,0,0,6,0,0,4,19,1,7,0,nan,nan,nan,nan,1,nan,nan,1,1,1,1.167,nan,nan,nan,nan,nan,0,nan,nan,0,0,0,-0.067,nan,500,fresh
105625,0,0,0,0,0,0,7,0,0,4,19,1,7,0,nan,nan,nan,nan,1.167,nan,nan,1,1,1,1.167,nan,nan,nan,nan,nan,-0.067,nan,nan,0,0,0,-0.067,nan,500,fresh
106694,0,0,0,0,0,0,7,0,0,4,19,1,7,0,nan,nan,nan,nan,1.167,nan,nan,1,1,1,1.167,nan,nan,nan,nan,nan,-0.067,nan,nan,0,0,0,-0.067,nan,500,fresh
107763,0,0,0,0,0,0,7,0,0,4,19,1,7,0,nan,nan,nan,nan,1.167,nan,nan,1,1,1,1.167,nan,nan,nan,nan,nan,-0.067,nan,nan,0,0,0,-0.067,nan,500,fresh
108833,0,0,0,0,0,0,7,0,0,4,19,1,7,0,nan,nan,nan,nan,1.167,nan,nan,1,1,1,1.167,nan,nan,nan,nan,nan,-0.067,nan,nan,0,0,0,-0.067,nan,500,fresh
109903,0,0,0,0,0,0,7,0,0,4,19,1,7,0,nan,nan,nan,nan,1.167,nan,nan,1,1,1,1.167,nan,nan,nan,nan,nan,-0.067,nan,nan,0,0,0,-0.067,nan,500,fresh
110971,0,0,0,0,0,0,7,0,0,4,19,1,7,0,nan,nan,nan,nan,1.167,nan,nan,1,1,1,1.167,nan,nan,nan,nan,nan,-0.067,nan,nan,0,0,0,-0.067,nan,500,fresh
112041,0,0,0,0,0,0,7,0,0,4,19,1,7,0,nan,nan,nan,nan,1.167,nan,nan,1,1,1,1.167,nan,nan,nan,nan,nan,-0.067,nan,nan,0,0,0,-0.067,nan,500,fresh
113111,0,0,0,0,0,0,7,0,0,4,19,1,7,0,nan,nan,nan,nan,1.167,nan,nan,1,1,1,1.167,nan,nan,nan,nan,nan,-0.067,nan,nan,0,0,0,-0.067,nan,500,fresh
114180,0,0,0,0,0,0,7,0,0,4,19,1,7,0,nan,nan,nan,nan,1.167,nan,nan,1,1,1,1.167,nan,nan,nan,nan,nan,-0.067,nan,nan,0,0,0,-0.067,nan,500,fresh
115250,0,0,0,0,0,0,7,0,0,4,19,1,7,0,nan,nan,nan,nan,1.167,nan,nan,1,1,1,1.167,nan,nan,nan,nan,nan,-0.067,nan,nan,0,0,0,-0.067,nan,500,fresh
116319,0,0,0,0,0,0,7,0,0,4,19,1,7,0,nan,nan,nan,nan,1.167,nan,nan,1,1,1,1.167,nan,nan,nan,nan,nan,-0.067,nan,nan,0,0,0,-0.067,nan,500,fresh
117388,0,0,0,0,0,0,7,0,0,4,19,1,7,0,nan,nan,nan,nan,1.167,nan,nan,1,1,1,1.167,nan,nan,nan,nan,nan,-0.067,nan,nan,0,0,0,-0.067,nan,500,fresh
118457,0,0,0,0,0,0,7,0,0,4,19,1,7,0,nan,nan,nan,nan,1.167,nan,nan,1,1,1,1.167,nan,nan,nan,nan,nan,-0.067,nan,nan,0,0,0,-0.067,nan,500,fresh
119526,0,0,0,0,0,0,7,0,0,4,19,1,7,0,nan,nan,nan,nan,1.167,nan,nan,1,1,1,1.167,nan,nan,nan,nan,nan,-0.067,nan,nan,0,0,0,-0.067,nan,500,fresh
120596,0,0,0,0,0,0,7,0,0,4,19,1,7,0,nan,nan,nan,nan,1.167,nan,nan,1,1,1,1.167,nan,nan,nan,nan,nan,-0.067,nan,nan,0,0,0,-0.067,nan,500,fresh
121664,0,0,0,0,0,0,7,0,0,4,19,1,7,0,nan,nan,nan,nan,1.167,nan,nan,1,1,1,1.167,nan,nan,nan,nan,nan,-0.067,nan,nan,0,0,0,-0.067,nan,500,fresh
122733,0,0,0,0,0,0,6,0,0,4,19,1,7,0,nan,nan,nan,nan,1,nan,nan,1,1,1,1.167,nan,nan,nan,nan,nan,0,nan,nan,0,0,0,-0.067,nan,500,fresh
123803,0,0,0,0,0,0,7,0,0,4,19,1,7,0,nan,nan,nan,nan,1.167,nan,nan,1,1,1,1.167,nan,nan,nan,nan,nan,-0.067,nan,nan,0,0,0,-0.067,nan,500,fresh
124872,0,0,0,0,0,0,7,0,0,4,19,1,7,0,nan,nan,nan,nan,1.167,nan,nan,1,1,1,1.167,nan,nan,nan,nan,nan,-0.067,nan,nan,0,0,0,-0.067,nan,500,fresh
125941,0,0,0,0,0,0,7,0,0,4,19,1,7,0,nan,nan,nan,nan,1.167,nan,nan,1,1,1,1.167,nan,nan,nan,nan,nan,-0.067,nan,nan,0,0,0,-0.067,nan,500,fresh
127011,0,0,0,0,0,0,7,0,0,4,19,1,7,0,nan,nan,nan,nan,1.167,nan,nan,1,1,1,1.167,nan,nan,nan,nan,nan,-0.067,nan,nan,0,0,0,-0.067,nan,500,fresh
128081,0,0,0,0,0,0,7,0,0,4,19,1,7,0,nan,nan,nan,nan,1.167,nan,nan,1,1,1,1.167,nan,nan,nan,nan,nan,-0.067,nan,nan,0,0,0,-0.067,nan,500,fresh
129149,0,0,0,0,0,0,7,0,0,4,19,1,7,0,nan,nan,nan,nan,1.167,nan,nan,1,1,1,1.167,nan,nan,nan,nan,nan,-0.067,nan,nan,0,0,0,-0.067,nan,500,fresh
130219,0,0,0,0,0,0,7,0,0,4,19,1,7,0,nan,nan,nan,nan,1.167,nan,nan,1,1,1,1.167,nan,nan,nan,nan,nan,-0.067,nan,nan,0,0,0,-0.067,nan,500,fresh
131289,0,0,0,0,0,0,7,0,0,4,19,1,7,0,nan,nan,nan,nan,1.167,nan,nan,1,1,1,1.167,nan,nan,nan,nan,nan,-0.067,nan,nan,0,0,0,-0.067,nan,500,fresh
132359,0,0,0,0,0,0,7,0,0,4,19,1,6,0,nan,nan,nan,nan,1.167,nan,nan,1,1,1,1,nan,nan,nan,nan,nan,-0.067,nan,nan,0,0,0,0,nan,500,fresh
133429,0,0,0,0,0,0,7,0,0,4,19,1,7,0,nan,nan,nan,nan,1.167,nan,nan,1,1,1,1.167,nan,nan,nan,nan,nan,-0.067,nan,nan,0,0,0,-0.067,nan,500,fresh
134497,0,0,0,0,0,0,7,0,0,4,19,1,7,0,nan,nan,nan,nan,1.167,nan,nan,1,1,1,1.167,nan,nan,nan,nan,nan,-0.067,nan,nan,0,0,0,-0.067,nan,500,fresh
135567,0,0,0,0,0,0,7,0,0,4,19,1,7,0,nan,nan,nan,nan,1.167,nan,nan,1,1,1,1.167,nan,nan,nan,nan,nan,-0.067,nan,nan,0,0,0,-0.067,nan,500,fresh
136637,0,0,0,0,0,0,7,0,0,4,19,1,7,0,nan,nan,nan,nan,1.167,nan,nan,1,1,1,1.167,nan,nan,nan,nan,nan,-0.067,nan,nan,0,0,0,-0.067,nan,500,fresh
137707,0,0,0,0,0,0,7,0,0,4,19,1,7,0,nan,nan,nan,nan,1.167,nan,nan,1,1,1,1.167,nan,nan,nan,nan,nan,-0.067,nan,nan,0,0,0,-0.067,nan,500,fresh
138776,0,0,0,0,0,0,7,0,0,4,19,1,7,0,nan,nan,nan,nan,1.167,nan,nan,1,1,1,1.167,nan,nan,nan,nan,nan,-0.067,nan,nan,0,0,0,-0.067,nan,500,fresh
139845,0,0,0,0,0,0,7,0,0,4,19,1,7,0,nan,nan,nan,nan,1.167,nan,nan,1,1,1,1.167,nan,nan,nan,nan,nan,-0.067,nan,nan,0,0,0,-0.067,nan,500,fresh
140915,0,0,0,0,0,0,7,0,0,4,19,1,7,0,nan,nan,nan,nan,1.167,nan,nan,1,1,1,1.167,nan,nan,nan,nan,nan,-0.067,nan,nan,0,0,0,-0.067,nan,500,fresh
141984,0,0,0,0,0,0,7,0,0,4,19,1,7,0,nan,nan,nan,nan,1.167,nan,nan,1,1,1,1.167,nan,nan,nan,nan,nan,-0.067,nan,nan,0,0,0,-0.067,nan,500,fresh
143054,0,0,0,0,0,0,7,0,0,4,19,1,7,0,nan,nan,nan,nan,1.167,nan,nan,1,1,1,1.167,nan,nan,nan,nan,nan,-0.067,nan,nan,0,0,0,-0.067,nan,500,fresh
144124,0,0,0,0,0,0,7,0,0,4,19,1,7,0,nan,nan,nan,nan,1.167,nan,nan,1,1,1,1.167,nan,nan,nan,nan,nan,-0.067,nan,nan,0,0,0,-0.067,nan,500,fresh
145194,0,0,0,0,0,0,7,0,0,4,19,1,7,0,nan,nan,nan,nan,1.167,nan,nan,1,1,1,1.167,nan,nan,nan,nan,nan,-0.067,nan,nan,0,0,0,-0.067,nan,500,fresh
146264,0,0,0,0,0,0,7,0,0,4,19,1,7,0,nan,nan,nan,nan,1.167,nan,nan,1,1,1,1.167,nan,nan,nan,nan,nan,-0.067,nan,nan,0,0,0,-0.067,nan,500,fresh
147332,0,0,0,0,0,0,7,0,0,4,19,1,7,0,nan,nan,nan,nan,1.167,nan,nan,1,1,1,1.167,nan,nan,nan,nan,nan,-0.067,nan,nan,0,0,0,-0.067,nan,500,fresh
148402,0,0,0,0,0,0,7,0,0,4,19,1,7,0,nan,nan,nan,nan,1.167,nan,nan,1,1,1,1.167,nan,nan,nan,nan,nan,-0.067,nan,nan,0,0,0,-0.067,nan,500,fresh
149471,0,0,0,0,0,0,7,0,0,4,19,1,7,0,nan,nan,nan,nan,1.167,nan,nan,1,1,1,1.167,nan,nan,nan,nan,nan,-0.067,nan,nan,0,0,0,-0.067,nan,500,fresh
150541,0,0,0,0,0,0,7,0,0,4,19,1,7,0,nan,nan,nan,nan,1.167,nan,nan,1,1,1,1.167,nan,nan,nan,nan,nan,-0.067,nan,nan,0,0,0,-0.067,nan,500,fresh
151611,0,0,0,0,0,0,7,0,0,4,19,1,7,0,nan,nan,nan,nan,1.167,nan,nan,1,1,1,1.167,nan,nan,nan,nan,nan,-0.067,nan,nan,0,0,0,-0.067,nan,500,fresh
152680,0,0,0,0,0,0,7,0,0,4,19,1,7,0,nan,nan,nan,nan,1.167,nan,nan,1,1,1,1.167,nan,nan,nan,nan,nan,-0.067,nan,nan,0,0,0,-0.067,nan,500,fresh
153750,0,0,0,0,0,0,7,0,0,4,19,1,7,0,nan,nan,nan,nan,1.167,nan,nan,1,1,1,1.167,nan,nan,nan,nan,nan,-0.067,nan,nan,0,0,0,-0.067,nan,500,fresh
154820,0,0,0,0,0,0,7,0,0,4,19,1,7,0,nan,nan,nan,nan,1.167,nan,nan,1,1,1,1.167,nan,nan,nan,nan,nan,-0.067,nan,nan,0,0,0,-0.067,nan,500,fresh
155890,0,0,0,0,0,0,7,0,0,4,19,1,7,0,nan,nan,nan,nan,1.167,nan,nan,1,1,1,1.167,nan,nan,nan,nan,nan,-0.067,nan,nan,0,0,0,-0.067,nan,500,fresh
156960,0,0,0,0,0,0,7,0,0,4,19,1,7,0,nan,nan,nan,nan,1.167,nan,nan,1,1,1,1.167,nan,nan,nan,nan,nan,-0.067,nan,nan,0,0,0,-0.067,nan,500,fresh
158030,0,0,0,0,0,0,7,0,0,4,19,1,7,0,nan,nan,nan,nan,1.167,nan,nan,1,1,1,1.167,nan,nan,nan,nan,nan,-0.067,nan,nan,0,0,0,-0.067,nan,500,fresh
159100,0,0,0,0,0,0,7,0,0,4,19,1,6,0,nan,nan,nan,nan,1.167,nan,nan,1,1,1,1,nan,nan,nan,nan,nan,-0.067,nan,nan,0,0,0,0,nan,500,fresh
160168,0,0,0,0,0,0,7,0,0,4,19,1,7,0,nan,nan,nan,nan,1.167,nan,nan,1,1,1,1.167,nan,nan,nan,nan,nan,-0.067,nan,nan,0,0,0,-0.067,nan,500,fresh
161237,0,0,0,0,0,0,7,0,0,4,19,1,7,0,nan,nan,nan,nan,1.167,nan,nan,1,1,1,1.167,nan,nan,nan,nan,nan,-0.067,nan,nan,0,0,0,-0.067,nan,500,fresh
162306,0,0,0,0,0,0,7,0,0,4,19,1,7,0,nan,nan,nan,nan,1.167,nan,nan,1,1,1,1.167,nan,nan,nan,nan,nan,-0.067,nan,nan,0,0,0,-0.067,nan,500,fresh
163376,0,0,0,0,0,0,7,0,0,4,19,1,7,0,nan,nan,nan,nan,1.167,nan,nan,1,1,1,1.167,nan,nan,nan,nan,nan,-0.067,nan,nan,0,0,0,-0.067,nan,500,fresh
164444,0,0,0,0,0,0,7,0,0,4,19,1,7,0,nan,nan,nan,nan,1.167,nan,nan,1,1,1,1.167,nan,nan,nan,nan,nan,-0.067,nan,nan,0,0,0,-0.067,nan,500,fresh
165513,0,0,0,0,0,0,7,0,0,4,19,1,7,0,nan,nan,nan,nan,1.167,nan,nan,1,1,1,1.167,nan,nan,nan,nan,nan,-0.067,nan,nan,0,0,0,-0.067,nan,500,fresh
166583,0,0,0,0,0,0,7,0,0,4,19,1,7,0,nan,nan,nan,nan,1.167,nan,nan,1,1,1,1.167,nan,nan,nan,nan,nan,-0.067,nan,nan,0,0,0,-0.067,nan,500,fresh
167652,0,0,0,0,0,0,7,0,0,4,19,1,7,0,nan,nan,nan,nan,1.167,nan,nan,1,1,1,1.167,nan,nan,nan,nan,nan,-0.067,nan,nan,0,0,0,-0.067,nan,500,fresh
168722,0,0,0,0,0,0,7,0,0,4,19,1,7,0,nan,nan,nan,nan,1.167,nan,nan,1,1,1,1.167,nan,nan,nan,nan,nan,-0.067,nan,nan,0,0,0,-0.067,nan,500,fresh
169792,0,0,0,0,0,0,7,0,0,4,19,1,7,0,nan,nan,nan,nan,1.167,nan,nan,1,1,1,1.167,nan,nan,nan,nan,nan,-0.067,nan,nan,0,0,0,-0.067,nan,500,fresh
170862,0,0,0,0,0,0,7,0,0,4,19,1,7,0,nan,nan,nan,nan,1.167,nan,nan,1,1,1,1.167,nan,nan,nan,nan,nan,-0.067,nan,nan,0,0,0,-0.067,nan,500,fresh
171932,0,0,0,0,0,0,6,0,0,4,19,1,7,0,nan,nan,nan,nan,1,nan,nan,1,1,1,1.167,nan,nan,nan,nan,nan,0,nan,nan,0,0,0,-0.067,nan,500,fresh
173002,0,0,0,0,0,0,7,0,0,4,19,1,7,0,nan,nan,nan,nan,1.167,nan,nan,1,1,1,1.167,nan,nan,nan,nan,nan,-0.067,nan,nan,0,0,0,-0.067,nan,500,fresh
174072,0,0,0,0,0,0,7,0,0,4,19,1,7,0,nan,nan,nan,nan,1.167,nan,nan,1,1,1,1.167,nan,nan,nan,nan,nan,-0.067,nan,nan,0,0,0,-0.067,nan,500,fresh
175140,0,0,0,0,0,0,6,0,0,4,19,1,7,0,nan,nan,nan,nan,1,nan,nan,1,1,1,1.167,nan,nan,nan,nan,nan,0,nan,nan,0,0,0,-0.067,nan,500,fresh
176210,0,0,0,0,0,0,7,0,0,4,19,1,7,0,nan,nan,nan,nan,1.167,nan,nan,1,1,1,1.167,nan,nan,nan,nan,nan,-0.067,nan,nan,0,0,0,-0.067,nan,500,fresh
177280,0,0,0,0,0,0,7,0,0,4,19,1,7,0,nan,nan,nan,nan,1.167,nan,nan,1,1,1,1.167,nan,nan,nan,nan,nan,-0.067,nan,nan,0,0,0,-0.067,nan,500,fresh
178350,0,0,0,0,0,0,6,0,0,4,19,1,7,0,nan,nan,nan,nan,1,nan,nan,1,1,1,1.167,nan,nan,nan,nan,nan,0,nan,nan,0,0,0,-0.067,nan,500,fresh
179419,0,0,0,0,0,0,7,0,0,4,19,1,7,0,nan,nan,nan,nan,1.167,nan,nan,1,1,1,1.167,nan,nan,nan,nan,nan,-0.067,nan,nan,0,0,0,-0.067,nan,500,fresh
180488,0,0,0,0,0,0,7,0,0,4,19,1,7,0,nan,nan,nan,nan,1.167,nan,nan,1,1,1,1.167,nan,nan,nan,nan,nan,-0.067,nan,nan,0,0,0,-0.067,nan,500,fresh
181557,0,0,0,0,0,0,7,0,0,4,19,1,7,0,nan,nan,nan,nan,1.167,nan,nan,1,1,1,1.167,nan,nan,nan,nan,nan,-0.067,nan,nan,0,0,0,-0.067,nan,500,fresh
182627,0,0,0,0,0,0,7,0,0,4,19,1,7,0,nan,nan,nan,nan,1.167,nan,nan,1,1,1,1.167,nan,nan,nan,nan,nan,-0.067,nan,nan,0,0,0,-0.067,nan,500,fresh
183697,0,0,0,0,0,0,7,0,0,4,19,1,7,0,nan,nan,nan,nan,1.167,nan,nan,1,1,1,1.167,nan,nan,nan,nan,nan,-0.067,nan,nan,0,0,0,-0.067,nan,500,fresh
184766,0,0,0,0,0,0,7,0,0,4,19,1,7,0,nan,nan,nan,nan,1.167,nan,nan,1,1,1,1.167,nan,nan,nan,nan,nan,-0.067,nan,nan,0,0,0,-0.067,nan,500,fresh
185836,0,0,0,0,0,0,7,0,0,4,19,1,7,0,nan,nan,nan,nan,1.167,nan,nan,1,1,1,1.167,nan,nan,nan,nan,nan,-0.067,nan,nan,0,0,0,-0.067,nan,500,fresh
186906,0,0,0,0,0,0,7,0,0,4,19,1,7,0,nan,nan,nan,nan,1.167,nan,nan,1,1,1,1.167,nan,nan,nan,nan,nan,-0.067,nan,nan,0,0,0,-0.067,nan,500,fresh
187976,0,0,0,0,0,0,7,0,0,4,19,1,6,0,nan,nan,nan,nan,1.167,nan,nan,1,1,1,1,nan,nan,nan,nan,nan,-0.067,nan,nan,0,0,0,0,nan,500,fresh
189046,0,0,0,0,0,0,7,0,0,4,19,1,6,0,nan,nan,nan,nan,1.167,nan,nan,1,1,1,1,nan,nan,nan,nan,nan,-0.067,nan,nan,0,0,0,0,nan,500,fresh
190115,0,0,0,0,0,0,6,0,0,4,19,1,7,0,nan,nan,nan,nan,1,nan,nan,1,1,1,1.167,nan,nan,nan,nan,nan,0,nan,nan,0,0,0,-0.067,nan,500,fresh
191185,0,0,0,0,0,0,7,0,0,4,19,1,6,0,nan,nan,nan,nan,1.167,nan,nan,1,1,1,1,nan,nan,nan,nan,nan,-0.067,nan,nan,0,0,0,0,nan,500,fresh
192255,0,0,0,0,0,0,7,0,0,4,19,1,7,0,nan,nan,nan,nan,1.167,nan,nan,1,1,1,1.167,nan,nan,nan,nan,nan,-0.067,nan,nan,0,0,0,-0.067,nan,500,fresh
193324,0,0,0,0,0,0,7,0,0,4,19,1,7,0,nan,nan,nan,nan,1.167,nan,nan,1,1,1,1.167,nan,nan,nan,nan,nan,-0.067,nan,nan,0,0,0,-0.067,nan,500,fresh
194394,0,0,0,0,0,0,7,0,0,4,19,1,7,0,nan,nan,nan,nan,1.167,nan,nan,1,1,1,1.167,nan,nan,nan,nan,nan,-0.067,nan,nan,0,0,0,-0.067,nan,500,fresh
195464,0,0,0,0,0,0,7,0,0,4,19,1,7,0,nan,nan,nan,nan,1.167,nan,nan,1,1,1,1.167,nan,nan,nan,nan,nan,-0.067,nan,nan,0,0,0,-0.067,nan,500,fresh
196534,0,0,0,0,0,0,7,0,0,4,19,1,7,0,nan,nan,nan,nan,1.167,nan,nan,1,1,1,1.167,nan,nan,nan,nan,nan,-0.067,nan,nan,0,0,0,-0.067,nan,500,fresh
197604,0,0,0,0,0,0,7,0,0,4,19,1,7,0,nan,nan,nan,nan,1.167,nan,nan,1,1,1,1.167,nan,nan,nan,nan,nan,-0.067,nan,nan,0,0,0,-0.067,nan,500,fresh
198673,0,0,0,0,0,0,7,0,0,4,19,1,7,0,nan,nan,nan,nan,1.167,nan,nan,1,1,1,1.167,nan,nan,nan,nan,nan,-0.067,nan,nan,0,0,0,-0.067,nan,500,fresh
199741,0,0,0,0,0,0,6,0,0,4,19,1,7,0,nan,nan,nan,nan,1,nan,nan,1,1,1,1.167,nan,nan,nan,nan,nan,0,nan,nan,0,0,0,-0.067,nan,500,fresh
200810,0,0,0,0,0,0,7,0,0,4,19,1,7,0,nan,nan,nan,nan,1.167,nan,nan,1,1,1,1.167,nan,nan,nan,nan,nan,-0.067,nan,nan,0,0,0,-0.067,nan,500,fresh
201880,0,0,0,0,0,0,7,0,0,4,19,1,7,0,nan,nan,nan,nan,1.167,nan,nan,1,1,1,1.167,nan,nan,nan,nan,nan,-0.067,nan,nan,0,0,0,-0.067,nan,500,fresh
202950,0,0,0,0,0,0,7,0,0,4,19,1,7,0,nan,nan,nan,nan,1.167,nan,nan,1,1,1,1.167,nan,nan,nan,nan,nan,-0.067,nan,nan,0,0,0,-0.067,nan,500,fresh
204019,0,0,0,0,0,0,7,0,0,4,19,1,7,0,nan,nan,nan,nan,1.167,nan,nan,1,1,1,1.167,nan,nan,nan,nan,nan,-0.067,nan,nan,0,0,0,-0.067,nan,500,fresh
205089,0,0,0,0,0,0,7,0,0,4,19,1,6,0,nan,nan,nan,nan,1.167,nan,nan,1,1,1,1,nan,nan,nan,nan,nan,-0.067,nan,nan,0,0,0,0,nan,500,fresh
206159,0,0,0,0,0,0,7,0,0,4,19,1,7,0,nan,nan,nan,nan,1.167,nan,nan,1,1,1,1.167,nan,nan,nan,nan,nan,-0.067,nan,nan,0,0,0,-0.067,nan,500,fresh
207228,0,0,0,0,0,0,7,0,0,4,19,1,7,0,nan,nan,nan,nan,1.167,nan,nan,1,1,1,1.167,nan,nan,nan,nan,nan,-0.067,nan,nan,0,0,0,-0.067,nan,500,fresh
208298,0,0,0,0,0,0,7,0,0,4,19,1,6,0,nan,nan,nan,nan,1.167,nan,nan,1,1,1,1,nan,nan,nan,nan,nan,-0.067,nan,nan,0,0,0,0,nan,500,fresh
209368,0,0,0,0,0,0,7,0,0,4,19,1,7,0,nan,nan,nan,nan,1.167,nan,nan,1,1,1,1.167,nan,nan,nan,nan,nan,-0.067,nan,nan,0,0,0,-0.067,nan,500,fresh
210437,0,0,0,0,0,0,7,0,0,4,19,1,7,0,nan,nan,nan,nan,1.167,nan,nan,1,1,1,1.167,nan,nan,nan,nan,nan,-0.067,nan,nan,0,0,0,-0.067,nan,500,fresh
211507,0,0,0,0,0,0,6,0,0,4,19,1,7,0,nan,nan,nan,nan,1,nan,nan,1,1,1,1.167,nan,nan,nan,nan,nan,0,nan,nan,0,0,0,-0.067,nan,500,fresh
212576,0,0,0,0,0,0,6,0,0,4,19,1,7,0,nan,nan,nan,nan,1,nan,nan,1,1,1,1.167,nan,nan,nan,nan,nan,0,nan,nan,0,0,0,-0.067,nan,500,fresh
213644,0,0,0,0,0,0,7,0,0,4,19,1,6,0,nan,nan,nan,nan,1.167,nan,nan,1,1,1,1,nan,nan,nan,nan,nan,-0.067,nan,nan,0,0,0,0,nan,500,fresh
214713,0,0,0,0,0,0,7,0,0,4,19,1,7,0,nan,nan,nan,nan,1.167,nan,nan,1,1,1,1.167,nan,nan,nan,nan,nan,-0.067,nan,nan,0,0,0,-0.067,nan,500,fresh
215783,0,0,0,0,0,0,7,0,0,4,19,1,7,0,nan,nan,nan,nan,1.167,nan,nan,1,1,1,1.167,nan,nan,nan,nan,nan,-0.067,nan,nan,0,0,0,-0.067,nan,500,fresh
216853,0,0,0,0,0,0,7,0,0,4,19,1,7,0,nan,nan,nan,nan,1.167,nan,nan,1,1,1,1.167,nan,nan,nan,nan,nan,-0.067,nan,nan,0,0,0,-0.067,nan,500,fresh
217921,0,0,0,0,0,0,7,0,0,4,19,1,6,0,nan,nan,nan,nan,1.167,nan,nan,1,1,1,1,nan,nan,nan,nan,nan,-0.067,nan,nan,0,0,0,0,nan,500,fresh
218990,0,0,0,0,0,0,7,0,0,4,19,1,7,0,nan,nan,nan,nan,1.167,nan,nan,1,1,1,1.167,nan,nan,nan,nan,nan,-0.067,nan,nan,0,0,0,-0.067,nan,500,fresh
220060,0,0,0,0,0,0,6,0,0,4,19,1,7,0,nan,nan,nan,nan,1,nan,nan,1,1,1,1.167,nan,nan,nan,nan,nan,0,nan,nan,0,0,0,-0.067,nan,500,fresh
221130,0,0,0,0,0,0,7,0,0,4,19,1,7,0,nan,nan,nan,nan,1.167,nan,nan,1,1,1,1.167,nan,nan,nan,nan,nan,-0.067,nan,nan,0,0,0,-0.067,nan,500,fresh
222198,0,0,0,0,0,0,7,0,0,4,19,1,7,0,nan,nan,nan,nan,1.167,nan,nan,1,1,1,1.167,nan,nan,nan,nan,nan,-0.067,nan,nan,0,0,0,-0.067,nan,500,fresh
223267,0,0,0,0,0,0,7,0,0,4,19,1,7,0,nan,nan,nan,nan,1.167,nan,nan,1,1,1,1.167,nan,nan,nan,nan,nan,-0.067,nan,nan,0,0,0,-0.067,nan,500,fresh
224337,0,0,0,0,0,0,6,0,0,4,19,1,7,0,nan,nan,nan,nan,1,nan,nan,1,1,1,1.167,nan,nan,nan,nan,nan,0,nan,nan,0,0,0,-0.067,nan,500,fresh
225406,0,0,0,0,0,0,6,0,0,4,19,1,7,0,nan,nan,nan,nan,1,nan,nan,1,1,1,1.167,nan,nan,nan,nan,nan,0,nan,nan,0,0,0,-0.067,nan,500,fresh
226475,0,0,0,0,0,0,7,0,0,4,19,1,7,0,nan,nan,nan,nan,1.167,nan,nan,1,1,1,1.167,nan,nan,nan,nan,nan,-0.067,nan,nan,0,0,0,-0.067,nan,500,fresh
227544,0,0,0,0,0,0,6,0,0,4,19,1,7,0,nan,nan,nan,nan,1,nan,nan,1,1,1,1.167,nan,nan,nan,nan,nan,0,nan,nan,0,0,0,-0.067,nan,500,fresh
228614,0,0,0,0,0,0,7,0,0,4,19,1,7,0,nan,nan,nan,nan,1.167,nan,nan,1,1,1,1.167,nan,nan,nan,nan,nan,-0.067,nan,nan,0,0,0,-0.067,nan,500,fresh
229683,0,0,0,0,0,0,7,0,0,3,19,1,7,0,nan,nan,nan,nan,1.167,nan,nan,0.75,1,1,1.167,nan,nan,nan,nan,nan,-0.067,nan,nan,0.125,0,0,-0.067,nan,500,fresh
230752,0,0,0,0,0,0,6,0,0,4,19,1,6,0,nan,nan,nan,nan,1,nan,nan,1,1,1,1,nan,nan,nan,nan,nan,0,nan,nan,0,0,0,0,nan,500,fresh
231822,0,0,0,0,0,0,7,0,0,4,19,1,7,0,nan,nan,nan,nan,1.167,nan,nan,1,1,1,1.167,nan,nan,nan,nan,nan,-0.067,nan,nan,0,0,0,-0.067,nan,500,fresh
232892,0,0,0,0,0,0,7,0,0,4,19,1,7,0,nan,nan,nan,nan,1.167,nan,nan,1,1,1,1.167,nan,nan,nan,nan,nan,-0.067,nan,nan,0,0,0,-0.067,nan,500,fresh
233962,0,0,0,0,0,0,6,0,0,4,19,1,7,0,nan,nan,nan,nan,1,nan,nan,1,1,1,1.167,nan,nan,nan,nan,nan,0,nan,nan,0,0,0,-0.067,nan,500,fresh
235031,0,0,0,0,0,0,6,0,0,4,19,1,7,0,nan,nan,nan,nan,1,nan,nan,1,1,1,1.167,nan,nan,nan,nan,nan,0,nan,nan,0,0,0,-0.067,nan,500,fresh
236100,0,0,0,0,0,0,7,0,0,4,19,1,6,0,nan,nan,nan,nan,1.167,nan,nan,1,1,1,1,nan,nan,nan,nan,nan,-0.067,nan,nan,0,0,0,0,nan,500,fresh
237170,0,0,0,0,0,0,7,0,0,4,19,1,7,0,nan,nan,nan,nan,1.167,nan,nan,1,1,1,1.167,nan,nan,nan,nan,nan,-0.067,nan,nan,0,0,0,-0.067,nan,500,fresh
238240,0,0,0,0,0,0,7,0,0,4,19,1,7,0,nan,nan,nan,nan,1.167,nan,nan,1,1,1,1.167,nan,nan,nan,nan,nan,-0.067,nan,nan,0,0,0,-0.067,nan,500,fresh
239309,0,0,0,0,0,0,7,0,0,4,19,1,6,0,nan,nan,nan,nan,1.167,nan,nan,1,1,1,1,nan,nan,nan,nan,nan,-0.067,nan,nan,0,0,0,0,nan,500,fresh
240379,0,0,0,0,0,0,7,0,0,4,19,1,7,0,nan,nan,nan,nan,1.167,nan,nan,1,1,1,1.167,nan,nan,nan,nan,nan,-0.067,nan,nan,0,0,0,-0.067,nan,500,fresh
241449,0,0,0,0,0,0,7,0,0,4,19,1,6,0,nan,nan,nan,nan,1.167,nan,nan,1,1,1,1,nan,nan,nan,nan,nan,-0.067,nan,nan,0,0,0,0,nan,500,fresh
242519,0,0,0,0,0,0,7,0,0,4,19,1,7,0,nan,nan,nan,nan,1.167,nan,nan,1,1,1,1.167,nan,nan,nan,nan,nan,-0.067,nan,nan,0,0,0,-0.067,nan,500,fresh
243588,0,0,0,0,0,0,7,0,0,4,19,1,6,0,nan,nan,nan,nan,1.167,nan,nan,1,1,1,1,nan,nan,nan,nan,nan,-0.067,nan,nan,0,0,0,0,nan,500,fresh
244657,0,0,0,0,0,0,7,0,0,4,19,1,7,0,nan,nan,nan,nan,1.167,nan,nan,1,1,1,1.167,nan,nan,nan,nan,nan,-0.067,nan,nan,0,0,0,-0.067,nan,500,fresh
245727,0,0,0,0,0,0,7,0,0,4,19,1,7,0,nan,nan,nan,nan,1.167,nan,nan,1,1,1,1.167,nan,nan,nan,nan,nan,-0.067,nan,nan,0,0,0,-0.067,nan,500,fresh
246795,0,0,0,0,0,0,7,0,0,4,19,1,7,0,nan,nan,nan,nan,1.167,nan,nan,1,1,1,1.167,nan,nan,nan,nan,nan,-0.067,nan,nan,0,0,0,-0.067,nan,500,fresh
247864,0,0,0,0,0,0,7,0,0,4,19,1,7,0,nan,nan,nan,nan,1.167,nan,nan,1,1,1,1.167,nan,nan,nan,nan,nan,-0.067,nan,nan,0,0,0,-0.067,nan,500,fresh
248934,0,0,0,0,0,0,7,0,0,4,19,1,7,0,nan,nan,nan,nan,1.167,nan,nan,1,1,1,1.167,nan,nan,nan,nan,nan,-0.067,nan,nan,0,0,0,-0.067,nan,500,fresh
250004,0,0,0,0,0,0,6,0,0,4,19,1,7,0,nan,nan,nan,nan,1,nan,nan,1,1,1,1.167,nan,nan,nan,nan,nan,0,nan,nan,0,0,0,-0.067,nan,500,fresh
251073,0,0,0,0,0,0,7,0,0,4,19,1,7,0,nan,nan,nan,nan,1.167,nan,nan,1,1,1,1.167,nan,nan,nan,nan,nan,-0.067,nan,nan,0,0,0,-0.067,nan,500,fresh
252142,0,0,0,0,0,0,7,0,0,4,19,1,7,0,nan,nan,nan,nan,1.167,nan,nan,1,1,1,1.167,nan,nan,nan,nan,nan,-0.067,nan,nan,0,0,0,-0.067,nan,500,fresh
253212,0,0,0,0,0,0,7,0,0,4,19,1,7,0,nan,nan,nan,nan,1.167,nan,nan,1,1,1,1.167,nan,nan,nan,nan,nan,-0.067,nan,nan,0,0,0,-0.067,nan,500,fresh
254280,0,0,0,0,0,0,7,0,0,4,19,1,6,0,nan,nan,nan,nan,1.167,nan,nan,1,1,1,1,nan,nan,nan,nan,nan,-0.067,nan,nan,0,0,0,0,nan,500,fresh
255350,0,0,0,0,0,0,7,0,0,4,19,1,7,0,nan,nan,nan,nan,1.167,nan,nan,1,1,1,1.167,nan,nan,nan,nan,nan,-0.067,nan,nan,0,0,0,-0.067,nan,500,fresh
256419,0,0,0,0,0,0,7,0,0,4,19,1,7,0,nan,nan,nan,nan,1.167,nan,nan,1,1,1,1.167,nan,nan,nan,nan,nan,-0.067,nan,nan,0,0,0,-0.067,nan,500,fresh
257489,0,0,0,0,0,0,7,0,0,4,19,1,7,0,nan,nan,nan,nan,1.167,nan,nan,1,1,1,1.167,nan,nan,nan,nan,nan,-0.067,nan,nan,0,0,0,-0.067,nan,500,fresh
258559,0,0,0,0,0,0,7,0,0,4,19,1,7,0,nan,nan,nan,nan,1.167,nan,nan,1,1,1,1.167,nan,nan,nan,nan,nan,-0.067,nan,nan,0,0,0,-0.067,nan,500,fresh
259627,0,0,0,0,0,0,7,0,0,4,19,1,7,0,nan,nan,nan,nan,1.167,nan,nan,1,1,1,1.167,nan,nan,nan,nan,nan,-0.067,nan,nan,0,0,0,-0.067,nan,500,fresh
260695,0,0,0,0,0,0,7,0,0,4,19,1,7,0,nan,nan,nan,nan,1.167,nan,nan,1,1,1,1.167,nan,nan,nan,nan,nan,-0.067,nan,nan,0,0,0,-0.067,nan,500,fresh
261765,0,0,0,0,0,0,7,0,0,4,19,1,7,0,nan,nan,nan,nan,1.167,nan,nan,1,1,1,1.167,nan,nan,nan,nan,nan,-0.067,nan,nan,0,0,0,-0.067,nan,500,fresh
262834,0,0,0,0,0,0,7,0,0,4,19,1,7,0,nan,nan,nan,nan,1.167,nan,nan,1,1,1,1.167,nan,nan,nan,nan,nan,-0.067,nan,nan,0,0,0,-0.067,nan,500,fresh
263904,0,0,0,0,0,0,7,0,0,4,19,1,7,0,nan,nan,nan,nan,1.167,nan,nan,1,1,1,1.167,nan,nan,nan,nan,nan,-0.067,nan,nan,0,0,0,-0.067,nan,500,fresh
264974,0,0,0,0,0,0,6,0,0,4,19,1,6,0,nan,nan,nan,nan,1,nan,nan,1,1,1,1,nan,nan,nan,nan,nan,0,nan,nan,0,0,0,0,nan,500,fresh
266042,0,0,0,0,0,0,7,0,0,4,19,1,7,0,nan,nan,nan,nan,1.167,nan,nan,1,1,1,1.167,nan,nan,nan,nan,nan,-0.067,nan,nan,0,0,0,-0.067,nan,500,fresh
267111,0,0,0,0,0,0,7,0,0,4,19,1,7,0,nan,nan,nan,nan,1.167,nan,nan,1,1,1,1.167,nan,nan,nan,nan,nan,-0.067,nan,nan,0,0,0,-0.067,nan,500,fresh
268181,0,0,0,0,0,0,7,0,0,4,19,1,7,0,nan,nan,nan,nan,1.167,nan,nan,1,1,1,1.167,nan,nan,nan,nan,nan,-0.067,nan,nan,0,0,0,-0.067,nan,500,fresh
269251,0,0,0,0,0,0,7,0,0,4,19,1,7,0,nan,nan,nan,nan,1.167,nan,nan,1,1,1,1.167,nan,nan,nan,nan,nan,-0.067,nan,nan,0,0,0,-0.067,nan,500,fresh
270321,0,0,0,0,0,0,6,0,0,4,19,1,7,0,nan,nan,nan,nan,1,nan,nan,1,1,1,1.167,nan,nan,nan,nan,nan,0,nan,nan,0,0,0,-0.067,nan,500,fresh
271390,0,0,0,0,0,0,7,0,0,4,19,1,7,0,nan,nan,nan,nan,1.167,nan,nan,1,1,1,1.167,nan,nan,nan,nan,nan,-0.067,nan,nan,0,0,0,-0.067,nan,500,fresh
272459,0,0,0,0,0,0,7,0,0,4,19,1,6,0,nan,nan,nan,nan,1.167,nan,nan,1,1,1,1,nan,nan,nan,nan,nan,-0.067,nan,nan,0,0,0,0,nan,500,fresh
273528,0,0,0,0,0,0,7,0,0,4,19,1,6,0,nan,nan,nan,nan,1.167,nan,nan,1,1,1,1,nan,nan,nan,nan,nan,-0.067,nan,nan,0,0,0,0,nan,500,fresh
274597,0,0,0,0,0,0,7,0,0,4,19,1,7,0,nan,nan,nan,nan,1.167,nan,nan,1,1,1,1.167,nan,nan,nan,nan,nan,-0.067,nan,nan,0,0,0,-0.067,nan,500,fresh
275667,0,0,0,0,0,0,7,0,0,4,19,1,7,0,nan,nan,nan,nan,1.167,nan,nan,1,1,1,1.167,nan,nan,nan,nan,nan,-0.067,nan,nan,0,0,0,-0.067,nan,500,fresh
276737,0,0,0,0,0,0,6,0,0,4,19,1,7,0,nan,nan,nan,nan,1,nan,nan,1,1,1,1.167,nan,nan,nan,nan,nan,0,nan,nan,0,0,0,-0.067,nan,500,fresh
277806,0,0,0,0,0,0,7,0,0,4,19,1,7,0,nan,nan,nan,nan,1.167,nan,nan,1,1,1,1.167,nan,nan,nan,nan,nan,-0.067,nan,nan,0,0,0,-0.067,nan,500,fresh
278875,0,0,0,0,0,0,6,0,0,4,19,1,6,0,nan,nan,nan,nan,1,nan,nan,1,1,1,1,nan,nan,nan,nan,nan,0,nan,nan,0,0,0,0,nan,500,fresh
279945,0,0,0,0,0,0,7,0,0,4,19,1,7,0,nan,nan,nan,nan,1.167,nan,nan,1,1,1,1.167,nan,nan,nan,nan,nan,-0.067,nan,nan,0,0,0,-0.067,nan,500,fresh
281015,0,0,0,0,0,0,6,0,0,4,19,1,7,0,nan,nan,nan,nan,1,nan,nan,1,1,1,1.167,nan,nan,nan,nan,nan,0,nan,nan,0,0,0,-0.067,nan,500,fresh
282084,0,0,0,0,0,0,7,0,0,4,19,1,7,0,nan,nan,nan,nan,1.167,nan,nan,1,1,1,1.167,nan,nan,nan,nan,nan,-0.067,nan,nan,0,0,0,-0.067,nan,500,fresh
283153,0,0,0,0,0,0,7,0,0,4,19,1,7,0,nan,nan,nan,nan,1.167,nan,nan,1,1,1,1.167,nan,nan,nan,nan,nan,-0.067,nan,nan,0,0,0,-0.067,nan,500,fresh
284222,0,0,0,0,0,0,6,0,0,4,19,1,7,0,nan,nan,nan,nan,1,nan,nan,1,1,1,1.167,nan,nan,nan,nan,nan,0,nan,nan,0,0,0,-0.067,nan,500,fresh
285292,0,0,0,0,0,0,7,0,0,4,19,1,7,0,nan,nan,nan,nan,1.167,nan,nan,1,1,1,1.167,nan,nan,nan,nan,nan,-0.067,nan,nan,0,0,0,-0.067,nan,500,fresh
286361,0,0,0,0,0,0,7,0,0,4,19,1,7,0,nan,nan,nan,nan,1.167,nan,nan,1,1,1,1.167,nan,nan,nan,nan,nan,-0.067,nan,nan,0,0,0,-0.067,nan,500,fresh
287430,0,0,0,0,0,0,7,0,0,4,19,1,7,0,nan,nan,nan,nan,1.167,nan,nan,1,1,1,1.167,nan,nan,nan,nan,nan,-0.067,nan,nan,0,0,0,-0.067,nan,500,fresh
288499,0,0,0,0,0,0,6,0,0,4,19,1,7,0,nan,nan,nan,nan,1,nan,nan,1,1,1,1.167,nan,nan,nan,nan,nan,0,nan,nan,0,0,0,-0.067,nan,500,fresh
289569,0,0,0,0,0,0,7,0,0,4,19,1,7,0,nan,nan,nan,nan,1.167,nan,nan,1,1,1,1.167,nan,nan,nan,nan,nan,-0.067,nan,nan,0,0,0,-0.067,nan,500,fresh
290639,0,0,0,0,0,0,7,0,0,4,19,1,7,0,nan,nan,nan,nan,1.167,nan,nan,1,1,1,1.167,nan,nan,nan,nan,nan,-0.067,nan,nan,0,0,0,-0.067,nan,500,fresh
291709,0,0,0,0,0,0,6,0,0,4,19,1,7,0,nan,nan,nan,nan,1,nan,nan,1,1,1,1.167,nan,nan,nan,nan,nan,0,nan,nan,0,0,0,-0.067,nan,500,fresh
292779,0,0,0,0,0,0,7,0,0,4,19,1,7,0,nan,nan,nan,nan,1.167,nan,nan,1,1,1,1.167,nan,nan,nan,nan,nan,-0.067,nan,nan,0,0,0,-0.067,nan,500,fresh
293848,0,0,0,0,0,0,7,0,0,4,19,1,7,0,nan,nan,nan,nan,1.167,nan,nan,1,1,1,1.167,nan,nan,nan,nan,nan,-0.067,nan,nan,0,0,0,-0.067,nan,500,fresh
294918,0,0,0,0,0,0,7,0,0,4,19,1,7,0,nan,nan,nan,nan,1.167,nan,nan,1,1,1,1.167,nan,nan,nan,nan,nan,-0.067,nan,nan,0,0,0,-0.067,nan,500,fresh
295987,0,0,0,0,0,0,6,0,0,4,19,1,7,0,nan,nan,nan,nan,1,nan,nan,1,1,1,1.167,nan,nan,nan,nan,nan,0,nan,nan,0,0,0,-0.067,nan,500,fresh
297057,0,0,0,0,0,0,7,0,0,4,19,1,6,0,nan,nan,nan,nan,1.167,nan,nan,1,1,1,1,nan,nan,nan,nan,nan,-0.067,nan,nan,0,0,0,0,nan,500,fresh
298126,0,0,0,0,0,0,7,0,0,4,19,1,6,0,nan,nan,nan,nan,1.167,nan,nan,1,1,1,1,nan,nan,nan,nan,nan,-0.067,nan,nan,0,0,0,0,nan,500,fresh
299195,0,0,0,0,0,0,7,0,0,4,19,1,7,0,nan,nan,nan,nan,1.167,nan,nan,1,1,1,1.167,nan,nan,nan,nan,nan,-0.067,nan,nan,0,0,0,-0.067,nan,500,fresh
300265,0,0,0,0,0,0,7,0,0,4,19,1,6,0,nan,nan,nan,nan,1.167,nan,nan,1,1,1,1,nan,nan,nan,nan,nan,-0.067,nan,nan,0,0,0,0,nan,500,fresh
301335,0,0,0,0,0,0,7,0,0,4,19,1,7,0,nan,nan,nan,nan,1.167,nan,nan,1,1,1,1.167,nan,nan,nan,nan,nan,-0.067,nan,nan,0,0,0,-0.067,nan,500,fresh
302405,0,0,0,0,0,0,7,0,0,4,19,1,7,0,nan,nan,nan,nan,1.167,nan,nan,1,1,1,1.167,nan,nan,nan,nan,nan,-0.067,nan,nan,0,0,0,-0.067,nan,500,fresh
303475,0,0,0,0,0,0,7,0,0,4,19,1,7,0,nan,nan,nan,nan,1.167,nan,nan,1,1,1,1.167,nan,nan,nan,nan,nan,-0.067,nan,nan,0,0,0,-0.067,nan,500,fresh
304544,0,0,0,0,0,0,6,0,0,4,19,1,7,0,nan,nan,nan,nan,1,nan,nan,1,1,1,1.167,nan,nan,nan,nan,nan,0,nan,nan,0,0,0,-0.067,nan,500,fresh
305613,0,0,0,0,0,0,6,0,0,4,19,1,7,0,nan,nan,nan,nan,1,nan,nan,1,1,1,1.167,nan,nan,nan,nan,nan,0,nan,nan,0,0,0,-0.067,nan,500,fresh
306683,0,0,0,0,0,0,7,0,0,4,19,1,7,0,nan,nan,nan,nan,1.167,nan,nan,1,1,1,1.167,nan,nan,nan,nan,nan,-0.067,nan,nan,0,0,0,-0.067,nan,500,fresh
307752,0,0,0,0,0,0,7,0,0,3,19,1,7,0,nan,nan,nan,nan,1.167,nan,nan,0.75,1,1,1.167,nan,nan,nan,nan,nan,-0.067,nan,nan,0.125,0,0,-0.067,nan,500,fresh
308821,0,0,0,0,0,0,7,0,0,4,19,1,7,0,nan,nan,nan,nan,1.167,nan,nan,1,1,1,1.167,nan,nan,nan,nan,nan,-0.067,nan,nan,0,0,0,-0.067,nan,500,fresh
309891,0,0,0,0,0,0,7,0,0,4,19,1,6,0,nan,nan,nan,nan,1.167,nan,nan,1,1,1,1,nan,nan,nan,nan,nan,-0.067,nan,nan,0,0,0,0,nan,500,fresh
310960,0,0,0,0,0,0,7,0,0,4,19,1,7,0,nan,nan,nan,nan,1.167,nan,nan,1,1,1,1.167,nan,nan,nan,nan,nan,-0.067,nan,nan,0,0,0,-0.067,nan,500,fresh
312029,0,0,0,0,0,0,7,0,0,4,19,1,6,0,nan,nan,nan,nan,1.167,nan,nan,1,1,1,1,nan,nan,nan,nan,nan,-0.067,nan,nan,0,0,0,0,nan,500,fresh
313098,0,0,0,0,0,0,7,0,0,4,19,1,7,0,nan,nan,nan,nan,1.167,nan,nan,1,1,1,1.167,nan,nan,nan,nan,nan,-0.067,nan,nan,0,0,0,-0.067,nan,500,fresh
323795,0,0,0,0,0,0,7,0,0,4,19,1,7,0,nan,nan,nan,nan,1.167,nan,nan,1,1,1,1.167,nan,nan,nan,nan,nan,-0.067,nan,nan,0,0,0,-0.067,nan,500,fresh
324865,0,0,0,0,0,0,7,0,0,4,19,1,7,0,nan,nan,nan,nan,1.167,nan,nan,1,1,1,1.167,nan,nan,nan,nan,nan,-0.067,nan,nan,0,0,0,-0.067,nan,500,fresh
325934,0,0,0,0,0,0,7,0,0,4,19,1,7,0,nan,nan,nan,nan,1.167,nan,nan,1,1,1,1.167,nan,nan,nan,nan,nan,-0.067,nan,nan,0,0,0,-0.067,nan,500,fresh
327004,0,0,0,0,0,0,7,0,0,4,19,1,7,0,nan,nan,nan,nan,1.167,nan,nan,1,1,1,1.167,nan,nan,nan,nan,nan,-0.067,nan,nan,0,0,0,-0.067,nan,500,fresh
347322,0,0,0,0,0,0,7,0,0,4,20,1,7,0,nan,nan,nan,nan,1.167,nan,nan,1,1.053,1,1.167,nan,nan,nan,nan,nan,-0.067,nan,nan,0,-0.022,0,-0.067,nan,500,fresh
348392,0,0,0,0,0,0,7,0,0,4,20,1,7,0,nan,nan,nan,nan,1.167,nan,nan,1,1.053,1,1.167,nan,nan,nan,nan,nan,-0.067,nan,nan,0,-0.022,0,-0.067,nan,500,fresh
349461,0,0,0,0,0,0,7,0,0,4,19,1,7,0,nan,nan,nan,nan,1.167,nan,nan,1,1,1,1.167,nan,nan,nan,nan,nan,-0.067,nan,nan,0,0,0,-0.067,nan,500,fresh
350530,0,0,0,0,0,0,7,0,0,4,20,1,7,0,nan,nan,nan,nan,1.167,nan,nan,1,1.053,1,1.167,nan,nan,nan,nan,nan,-0.067,nan,nan,0,-0.022,0,-0.067,nan,500,fresh
351600,0,0,0,0,0,0,7,0,0,4,20,1,7,0,nan,nan,nan,nan,1.167,nan,nan,1,1.053,1,1.167,nan,nan,nan,nan,nan,-0.067,nan,nan,0,-0.022,0,-0.067,nan,500,fresh
352669,0,0,0,0,0,0,7,0,0,4,20,1,7,0,nan,nan,nan,nan,1.167,nan,nan,1,1.053,1,1.167,nan,nan,nan,nan,nan,-0.067,nan,nan,0,-0.022,0,-0.067,nan,500,fresh
353738,0,0,0,0,0,0,7,0,0,4,20,1,7,0,nan,nan,nan,nan,1.167,nan,nan,1,1.053,1,1.167,nan,nan,nan,nan,nan,-0.067,nan,nan,0,-0.022,0,-0.067,nan,500,fresh
354807,0,0,0,0,0,0,7,0,0,4,20,1,7,0,nan,nan,nan,nan,1.167,nan,nan,1,1.053,1,1.167,nan,nan,nan,nan,nan,-0.067,nan,nan,0,-0.022,0,-0.067,nan,500,fresh
355876,0,0,0,0,0,0,7,0,0,4,20,1,7,0,nan,nan,nan,nan,1.167,nan,nan,1,1.053,1,1.167,nan,nan,nan,nan,nan,-0.067,nan,nan,0,-0.022,0,-0.067,nan,500,fresh
356945,0,0,0,0,0,0,7,0,0,4,20,1,7,0,nan,nan,nan,nan,1.167,nan,nan,1,1.053,1,1.167,nan,nan,nan,nan,nan,-0.067,nan,nan,0,-0.022,0,-0.067,nan,500,fresh
358014,0,0,0,0,0,0,7,0,0,4,20,1,7,0,nan,nan,nan,nan,1.167,nan,nan,1,1.053,1,1.167,nan,nan,nan,nan,nan,-0.067,nan,nan,0,-0.022,0,-0.067,nan,500,fresh
359084,0,0,0,0,0,0,7,0,0,4,20,1,7,0,nan,nan,nan,nan,1.167,nan,nan,1,1.053,1,1.167,nan,nan,nan,nan,nan,-0.067,nan,nan,0,-0.022,0,-0.067,nan,500,fresh
360154,0,0,0,0,0,0,7,0,0,4,20,1,7,0,nan,nan,nan,nan,1.167,nan,nan,1,1.053,1,1.167,nan,nan,nan,nan,nan,-0.067,nan,nan,0,-0.022,0,-0.067,nan,500,fresh
361224,0,0,0,0,0,0,7,0,0,4,20,1,7,0,nan,nan,nan,nan,1.167,nan,nan,1,1.053,1,1.167,nan,nan,nan,nan,nan,-0.067,nan,nan,0,-0.022,0,-0.067,nan,500,fresh
362294,0,0,0,0,0,0,7,0,0,4,19,1,7,0,nan,nan,nan,nan,1.167,nan,nan,1,1,1,1.167,nan,nan,nan,nan,nan,-0.067,nan,nan,0,0,0,-0.067,nan,500,fresh
363364,0,0,0,0,0,0,7,0,0,4,20,1,7,0,nan,nan,nan,nan,1.167,nan,nan,1,1.053,1,1.167,nan,nan,nan,nan,nan,-0.067,nan,nan,0,-0.022,0,-0.067,nan,500,fresh
364434,0,0,0,0,0,0,7,0,0,4,20,1,7,0,nan,nan,nan,nan,1.167,nan,nan,1,1.053,1,1.167,nan,nan,nan,nan,nan,-0.067,nan,nan,0,-0.022,0,-0.067,nan,500,fresh
365504,0,0,0,0,0,0,7,0,0,4,20,1,7,0,nan,nan,nan,nan,1.167,nan,nan,1,1.053,1,1.167,nan,nan,nan,nan,nan,-0.067,nan,nan,0,-0.022,0,-0.067,nan,500,fresh
366574,0,0,0,0,0,0,7,0,0,4,20,1,7,0,nan,nan,nan,nan,1.167,nan,nan,1,1.053,1,1.167,nan,nan,nan,nan,nan,-0.067,nan,nan,0,-0.022,0,-0.067,nan,500,fresh
367643,0,0,0,0,0,0,7,0,0,4,20,1,7,0,nan,nan,nan,nan,1.167,nan,nan,1,1.053,1,1.167,nan,nan,nan,nan,nan,-0.067,nan,nan,0,-0.022,0,-0.067,nan,500,fresh
368713,0,0,0,0,0,0,7,0,0,4,20,1,7,0,nan,nan,nan,nan,1.167,nan,nan,1,1.053,1,1.167,nan,nan,nan,nan,nan,-0.067,nan,nan,0,-0.022,0,-0.067,nan,500,fresh
369783,0,0,0,0,0,0,7,0,0,4,20,1,7,0,nan,nan,nan,nan,1.167,nan,nan,1,1.053,1,1.167,nan,nan,nan,nan,nan,-0.067,nan,nan,0,-0.022,0,-0.067,nan,500,fresh
370852,0,0,0,0,0,0,7,0,0,4,20,1,7,0,nan,nan,nan,nan,1.167,nan,nan,1,1.053,1,1.167,nan,nan,nan,nan,nan,-0.067,nan,nan,0,-0.022,0,-0.067,nan,500,fresh
371922,0,0,0,0,0,0,7,0,0,4,20,1,7,0,nan,nan,nan,nan,1.167,nan,nan,1,1.053,1,1.167,nan,nan,nan,nan,nan,-0.067,nan,nan,0,-0.022,0,-0.067,nan,500,fresh
372991,0,0,0,0,0,0,7,0,0,4,20,1,7,0,nan,nan,nan,nan,1.167,nan,nan,1,1.053,1,1.167,nan,nan,nan,nan,nan,-0.067,nan,nan,0,-0.022,0,-0.067,nan,500,fresh
374059,0,0,0,0,0,0,7,0,0,4,19,1,7,0,nan,nan,nan,nan,1.167,nan,nan,1,1,1,1.167,nan,nan,nan,nan,nan,-0.067,nan,nan,0,0,0,-0.067,nan,500,fresh
375127,0,0,0,0,0,0,7,0,0,4,20,1,7,0,nan,nan,nan,nan,1.167,nan,nan,1,1.053,1,1.167,nan,nan,nan,nan,nan,-0.067,nan,nan,0,-0.022,0,-0.067,nan,500,fresh
376197,0,0,0,0,0,0,7,0,0,4,20,1,7,0,nan,nan,nan,nan,1.167,nan,nan,1,1.053,1,1.167,nan,nan,nan,nan,nan,-0.067,nan,nan,0,-0.022,0,-0.067,nan,500,fresh
377265,0,0,0,0,0,0,7,0,0,4,19,1,7,0,nan,nan,nan,nan,1.167,nan,nan,1,1,1,1.167,nan,nan,nan,nan,nan,-0.067,nan,nan,0,0,0,-0.067,nan,500,fresh
378333,0,0,0,0,0,0,7,0,0,4,20,1,7,0,nan,nan,nan,nan,1.167,nan,nan,1,1.053,1,1.167,nan,nan,nan,nan,nan,-0.067,nan,nan,0,-0.022,0,-0.067,nan,500,fresh
379403,0,0,0,0,0,0,7,0,0,4,20,1,7,0,nan,nan,nan,nan,1.167,nan,nan,1,1.053,1,1.167,nan,nan,nan,nan,nan,-0.067,nan,nan,0,-0.022,0,-0.067,nan,500,fresh
380473,0,0,0,0,0,0,7,0,0,4,20,1,7,0,nan,nan,nan,nan,1.167,nan,nan,1,1.053,1,1.167,nan,nan,nan,nan,nan,-0.067,nan,nan,0,-0.022,0,-0.067,nan,500,fresh
381542,0,0,0,0,0,0,7,0,0,4,20,1,7,0,nan,nan,nan,nan,1.167,nan,nan,1,1.053,1,1.167,nan,nan,nan,nan,nan,-0.067,nan,nan,0,-0.022,0,-0.067,nan,500,fresh
382612,0,0,0,0,0,0,7,0,0,4,20,1,7,0,nan,nan,nan,nan,1.167,nan,nan,1,1.053,1,1.167,nan,nan,nan,nan,nan,-0.067,nan,nan,0,-0.022,0,-0.067,nan,500,fresh
383681,0,0,0,0,0,0,7,0,0,4,19,1,7,0,nan,nan,nan,nan,1.167,nan,nan,1,1,1,1.167,nan,nan,nan,nan,nan,-0.067,nan,nan,0,0,0,-0.067,nan,500,fresh
384750,0,0,0,0,0,0,7,0,0,4,20,1,7,0,nan,nan,nan,nan,1.167,nan,nan,1,1.053,1,1.167,nan,nan,nan,nan,nan,-0.067,nan,nan,0,-0.022,0,-0.067,nan,500,fresh
385819,0,0,0,0,0,0,7,0,0,4,20,1,7,0,nan,nan,nan,nan,1.167,nan,nan,1,1.053,1,1.167,nan,nan,nan,nan,nan,-0.067,nan,nan,0,-0.022,0,-0.067,nan,500,fresh
386889,0,0,0,0,0,0,6,0,0,4,19,1,7,0,nan,nan,nan,nan,1,nan,nan,1,1,1,1.167,nan,nan,nan,nan,nan,0,nan,nan,0,0,0,-0.067,nan,500,fresh
387957,0,0,0,0,0,0,7,0,0,4,20,1,7,0,nan,nan,nan,nan,1.167,nan,nan,1,1.053,1,1.167,nan,nan,nan,nan,nan,-0.067,nan,nan,0,-0.022,0,-0.067,nan,500,fresh
389027,0,0,0,0,0,0,7,0,0,4,20,1,7,0,nan,nan,nan,nan,1.167,nan,nan,1,1.053,1,1.167,nan,nan,nan,nan,nan,-0.067,nan,nan,0,-0.022,0,-0.067,nan,500,fresh
390096,0,0,0,0,0,0,7,0,0,4,20,1,7,0,nan,nan,nan,nan,1.167,nan,nan,1,1.053,1,1.167,nan,nan,nan,nan,nan,-0.067,nan,nan,0,-0.022,0,-0.067,nan,500,fresh
391165,0,0,0,0,0,0,7,0,0,4,20,1,7,0,nan,nan,nan,nan,1.167,nan,nan,1,1.053,1,1.167,nan,nan,nan,nan,nan,-0.067,nan,nan,0,-0.022,0,-0.067,nan,500,fresh
392235,0,0,0,0,0,0,7,0,0,4,19,1,7,0,nan,nan,nan,nan,1.167,nan,nan,1,1,1,1.167,nan,nan,nan,nan,nan,-0.067,nan,nan,0,0,0,-0.067,nan,500,fresh
393304,0,0,0,0,0,0,7,0,0,4,19,1,7,0,nan,nan,nan,nan,1.167,nan,nan,1,1,1,1.167,nan,nan,nan,nan,nan,-0.067,nan,nan,0,0,0,-0.067,nan,500,fresh
394373,0,0,0,0,0,0,7,0,0,4,19,1,7,0,nan,nan,nan,nan,1.167,nan,nan,1,1,1,1.167,nan,nan,nan,nan,nan,-0.067,nan,nan,0,0,0,-0.067,nan,500,fresh
395443,0,0,0,0,0,0,7,0,0,4,19,1,7,0,nan,nan,nan,nan,1.167,nan,nan,1,1,1,1.167,nan,nan,nan,nan,nan,-0.067,nan,nan,0,0,0,-0.067,nan,500,fresh
396513,0,0,0,0,0,0,7,0,0,4,19,1,7,0,nan,nan,nan,nan,1.167,nan,nan,1,1,1,1.167,nan,nan,nan,nan,nan,-0.067,nan,nan,0,0,0,-0.067,nan,500,fresh
397582,0,0,0,0,0,0,7,0,0,4,20,1,7,0,nan,nan,nan,nan,1.167,nan,nan,1,1.053,1,1.167,nan,nan,nan,nan,nan,-0.067,nan,nan,0,-0.022,0,-0.067,nan,500,fresh
398651,0,0,0,0,0,0,7,0,0,4,19,1,7,0,nan,nan,nan,nan,1.167,nan,nan,1,1,1,1.167,nan,nan,nan,nan,nan,-0.067,nan,nan,0,0,0,-0.067,nan,500,fresh
399720,0,0,0,0,0,0,7,0,0,4,20,1,7,0,nan,nan,nan,nan,1.167,nan,nan,1,1.053,1,1.167,nan,nan,nan,nan,nan,-0.067,nan,nan,0,-0.022,0,-0.067,nan,500,fresh
400789,0,0,0,0,0,0,7,0,0,4,20,1,7,0,nan,nan,nan,nan,1.167,nan,nan,1,1.053,1,1.167,nan,nan,nan,nan,nan,-0.067,nan,nan,0,-0.022,0,-0.067,nan,500,fresh
401859,0,0,0,0,0,0,7,0,0,4,19,1,7,0,nan,nan,nan,nan,1.167,nan,nan,1,1,1,1.167,nan,nan,nan,nan,nan,-0.067,nan,nan,0,0,0,-0.067,nan,500,fresh
402928,0,0,0,0,0,0,7,0,0,4,20,1,7,0,nan,nan,nan,nan,1.167,nan,nan,1,1.053,1,1.167,nan,nan,nan,nan,nan,-0.067,nan,nan,0,-0.022,0,-0.067,nan,500,fresh
403997,0,0,0,0,0,0,7,0,0,4,19,1,7,0,nan,nan,nan,nan,1.167,nan,nan,1,1,1,1.167,nan,nan,nan,nan,nan,-0.067,nan,nan,0,0,0,-0.067,nan,500,fresh
405067,0,0,0,0,0,0,7,0,0,4,19,1,7,0,nan,nan,nan,nan,1.167,nan,nan,1,1,1,1.167,nan,nan,nan,nan,nan,-0.067,nan,nan,0,0,0,-0.067,nan,500,fresh
406136,0,0,0,0,0,0,6,0,0,4,19,1,7,0,nan,nan,nan,nan,1,nan,nan,1,1,1,1.167,nan,nan,nan,nan,nan,0,nan,nan,0,0,0,-0.067,nan,500,fresh
407206,0,0,0,0,0,0,7,0,0,4,19,1,7,0,nan,nan,nan,nan,1.167,nan,nan,1,1,1,1.167,nan,nan,nan,nan,nan,-0.067,nan,nan,0,0,0,-0.067,nan,500,fresh
408276,0,0,0,0,0,0,7,0,0,4,19,1,7,0,nan,nan,nan,nan,1.167,nan,nan,1,1,1,1.167,nan,nan,nan,nan,nan,-0.067,nan,nan,0,0,0,-0.067,nan,500,fresh
409345,0,0,0,0,0,0,7,0,0,4,19,1,7,0,nan,nan,nan,nan,1.167,nan,nan,1,1,1,1.167,nan,nan,nan,nan,nan,-0.067,nan,nan,0,0,0,-0.067,nan,500,fresh
410415,0,0,0,0,0,0,7,0,0,4,19,1,7,0,nan,nan,nan,nan,1.167,nan,nan,1,1,1,1.167,nan,nan,nan,nan,nan,-0.067,nan,nan,0,0,0,-0.067,nan,500,fresh
411485,0,0,0,0,0,0,7,0,0,4,19,1,7,0,nan,nan,nan,nan,1.167,nan,nan,1,1,1,1.167,nan,nan,nan,nan,nan,-0.067,nan,nan,0,0,0,-0.067,nan,500,fresh
412555,0,0,0,0,0,0,7,0,0,4,19,1,7,0,nan,nan,nan,nan,1.167,nan,nan,1,1,1,1.167,nan,nan,nan,nan,nan,-0.067,nan,nan,0,0,0,-0.067,nan,500,fresh
413625,0,0,0,0,0,0,7,0,0,4,19,1,7,0,nan,nan,nan,nan,1.167,nan,nan,1,1,1,1.167,nan,nan,nan,nan,nan,-0.067,nan,nan,0,0,0,-0.067,nan,500,fresh
414694,0,0,0,0,0,0,7,0,0,4,19,1,7,0,nan,nan,nan,nan,1.167,nan,nan,1,1,1,1.167,nan,nan,nan,nan,nan,-0.067,nan,nan,0,0,0,-0.067,nan,500,fresh
415763,0,0,0,0,0,0,7,0,0,4,19,1,7,0,nan,nan,nan,nan,1.167,nan,nan,1,1,1,1.167,nan,nan,nan,nan,nan,-0.067,nan,nan,0,0,0,-0.067,nan,500,fresh
416832,0,0,0,0,0,0,7,0,0,4,19,1,7,0,nan,nan,nan,nan,1.167,nan,nan,1,1,1,1.167,nan,nan,nan,nan,nan,-0.067,nan,nan,0,0,0,-0.067,nan,500,fresh
417901,0,0,0,0,0,0,7,0,0,4,19,1,7,0,nan,nan,nan,nan,1.167,nan,nan,1,1,1,1.167,nan,nan,nan,nan,nan,-0.067,nan,nan,0,0,0,-0.067,nan,500,fresh
418971,0,0,0,0,0,0,7,0,0,4,19,1,7,0,nan,nan,nan,nan,1.167,nan,nan,1,1,1,1.167,nan,nan,nan,nan,nan,-0.067,nan,nan,0,0,0,-0.067,nan,500,fresh
420041,0,0,0,0,0,0,7,0,0,4,19,1,7,0,nan,nan,nan,nan,1.167,nan,nan,1,1,1,1.167,nan,nan,nan,nan,nan,-0.067,nan,nan,0,0,0,-0.067,nan,500,fresh
421111,0,0,0,0,0,0,7,0,0,4,19,1,7,0,nan,nan,nan,nan,1.167,nan,nan,1,1,1,1.167,nan,nan,nan,nan,nan,-0.067,nan,nan,0,0,0,-0.067,nan,500,fresh
422181,0,0,0,0,0,0,7,0,0,4,20,1,7,0,nan,nan,nan,nan,1.167,nan,nan,1,1.053,1,1.167,nan,nan,nan,nan,nan,-0.067,nan,nan,0,-0.022,0,-0.067,nan,500,fresh
423250,0,0,0,0,0,0,7,0,0,4,19,1,7,0,nan,nan,nan,nan,1.167,nan,nan,1,1,1,1.167,nan,nan,nan,nan,nan,-0.067,nan,nan,0,0,0,-0.067,nan,500,fresh
424319,0,0,0,0,0,0,7,0,0,4,19,1,7,0,nan,nan,nan,nan,1.167,nan,nan,1,1,1,1.167,nan,nan,nan,nan,nan,-0.067,nan,nan,0,0,0,-0.067,nan,500,fresh
425389,0,0,0,0,0,0,7,0,0,4,19,1,7,0,nan,nan,nan,nan,1.167,nan,nan,1,1,1,1.167,nan,nan,nan,nan,nan,-0.067,nan,nan,0,0,0,-0.067,nan,500,fresh
426457,0,0,0,0,0,0,7,0,0,4,20,1,7,0,nan,nan,nan,nan,1.167,nan,nan,1,1.053,1,1.167,nan,nan,nan,nan,nan,-0.067,nan,nan,0,-0.022,0,-0.067,nan,500,fresh
427527,0,0,0,0,0,0,7,0,0,4,19,1,7,0,nan,nan,nan,nan,1.167,nan,nan,1,1,1,1.167,nan,nan,nan,nan,nan,-0.067,nan,nan,0,0,0,-0.067,nan,500,fresh
428597,0,0,0,0,0,0,7,0,0,4,19,1,7,0,nan,nan,nan,nan,1.167,nan,nan,1,1,1,1.167,nan,nan,nan,nan,nan,-0.067,nan,nan,0,0,0,-0.067,nan,500,fresh
429666,0,0,0,0,0,0,7,0,0,4,19,1,7,0,nan,nan,nan,nan,1.167,nan,nan,1,1,1,1.167,nan,nan,nan,nan,nan,-0.067,nan,nan,0,0,0,-0.067,nan,500,fresh
430736,0,0,0,0,0,0,7,0,0,4,19,1,7,0,nan,nan,nan,nan,1.167,nan,nan,1,1,1,1.167,nan,nan,nan,nan,nan,-0.067,nan,nan,0,0,0,-0.067,nan,500,fresh
431806,0,0,0,0,0,0,7,0,0,4,19,1,7,0,nan,nan,nan,nan,1.167,nan,nan,1,1,1,1.167,nan,nan,nan,nan,nan,-0.067,nan,nan,0,0,0,-0.067,nan,500,fresh
432875,0,0,0,0,0,0,7,0,0,4,19,1,7,0,nan,nan,nan,nan,1.167,nan,nan,1,1,1,1.167,nan,nan,nan,nan,nan,-0.067,nan,nan,0,0,0,-0.067,nan,500,fresh
433945,0,0,0,0,0,0,7,0,0,4,19,1,7,0,nan,nan,nan,nan,1.167,nan,nan,1,1,1,1.167,nan,nan,nan,nan,nan,-0.067,nan,nan,0,0,0,-0.067,nan,500,fresh
435015,0,0,0,0,0,0,7,0,0,4,19,1,7,0,nan,nan,nan,nan,1.167,nan,nan,1,1,1,1.167,nan,nan,nan,nan,nan,-0.067,nan,nan,0,0,0,-0.067,nan,500,fresh
436085,0,0,0,0,0,0,7,0,0,4,19,1,7,0,nan,nan,nan,nan,1.167,nan,nan,1,1,1,1.167,nan,nan,nan,nan,nan,-0.067,nan,nan,0,0,0,-0.067,nan,500,fresh
437154,0,0,0,0,0,0,7,0,0,4,19,1,7,0,nan,nan,nan,nan,1.167,nan,nan,1,1,1,1.167,nan,nan,nan,nan,nan,-0.067,nan,nan,0,0,0,-0.067,nan,500,fresh
438224,0,0,0,0,0,0,7,0,0,4,19,1,7,0,nan,nan,nan,nan,1.167,nan,nan,1,1,1,1.167,nan,nan,nan,nan,nan,-0.067,nan,nan,0,0,0,-0.067,nan,500,fresh
50008,0,0,0,0,0,0,7,0,0,4,19,1,7,0,nan,nan,nan,nan,1.167,nan,nan,1,1,1,1.167,nan,nan,nan,nan,nan,-0.067,nan,nan,0,0,0,-0.067,nan,500,fresh
51077,0,0,0,0,0,0,6,0,0,4,19,1,7,0,nan,nan,nan,nan,1,nan,nan,1,1,1,1.167,nan,nan,nan,nan,nan,0,nan,nan,0,0,0,-0.067,nan,500,fresh
52146,0,0,0,0,0,0,7,0,0,4,19,1,7,0,nan,nan,nan,nan,1.167,nan,nan,1,1,1,1.167,nan,nan,nan,nan,nan,-0.067,nan,nan,0,0,0,-0.067,nan,500,fresh
53216,0,0,0,0,0,0,7,0,0,4,19,1,6,0,nan,nan,nan,nan,1.167,nan,nan,1,1,1,1,nan,nan,nan,nan,nan,-0.067,nan,nan,0,0,0,0,nan,500,fresh
54285,0,0,0,0,0,0,7,0,0,4,19,1,7,0,nan,nan,nan,nan,1.167,nan,nan,1,1,1,1.167,nan,nan,nan,nan,nan,-0.067,nan,nan,0,0,0,-0.067,nan,500,fresh
55355,0,0,0,0,0,0,7,0,0,4,19,1,6,0,nan,nan,nan,nan,1.167,nan,nan,1,1,1,1,nan,nan,nan,nan,nan,-0.067,nan,nan,0,0,0,0,nan,500,fresh
56425,0,0,0,0,0,0,7,0,0,4,19,1,7,0,nan,nan,nan,nan,1.167,nan,nan,1,1,1,1.167,nan,nan,nan,nan,nan,-0.067,nan,nan,0,0,0,-0.067,nan,500,fresh
57495,0,0,0,0,0,0,7,0,0,4,19,1,7,0,nan,nan,nan,nan,1.167,nan,nan,1,1,1,1.167,nan,nan,nan,nan,nan,-0.067,nan,nan,0,0,0,-0.067,nan,500,fresh
58564,0,0,0,0,0,0,7,0,0,4,19,1,7,0,nan,nan,nan,nan,1.167,nan,nan,1,1,1,1.167,nan,nan,nan,nan,nan,-0.067,nan,nan,0,0,0,-0.067,nan,500,fresh
59634,0,0,0,0,0,0,7,0,0,4,19,1,7,0,nan,nan,nan,nan,1.167,nan,nan,1,1,1,1.167,nan,nan,nan,nan,nan,-0.067,nan,nan,0,0,0,-0.067,nan,500,fresh
60704,0,0,0,0,0,0,7,0,0,4,19,1,7,0,nan,nan,nan,nan,1.167,nan,nan,1,1,1,1.167,nan,nan,nan,nan,nan,-0.067,nan,nan,0,0,0,-0.067,nan,500,fresh
61774,0,0,0,0,0,0,7,0,0,4,19,1,7,0,nan,nan,nan,nan,1.167,nan,nan,1,1,1,1.167,nan,nan,nan,nan,nan,-0.067,nan,nan,0,0,0,-0.067,nan,500,fresh
62844,0,0,0,0,0,0,6,0,0,4,19,1,7,0,nan,nan,nan,nan,1,nan,nan,1,1,1,1.167,nan,nan,nan,nan,nan,0,nan,nan,0,0,0,-0.067,nan,500,fresh
63913,0,0,0,0,0,0,7,0,0,4,19,1,7,0,nan,nan,nan,nan,1.167,nan,nan,1,1,1,1.167,nan,nan,nan,nan,nan,-0.067,nan,nan,0,0,0,-0.067,nan,500,fresh
64983,0,0,0,0,0,0,7,0,0,4,19,1,7,0,nan,nan,nan,nan,1.167,nan,nan,1,1,1,1.167,nan,nan,nan,nan,nan,-0.067,nan,nan,0,0,0,-0.067,nan,500,fresh
66053,0,0,0,0,0,0,7,0,0,4,19,1,7,0,nan,nan,nan,nan,1.167,nan,nan,1,1,1,1.167,nan,nan,nan,nan,nan,-0.067,nan,nan,0,0,0,-0.067,nan,500,fresh
67123,0,0,0,0,0,0,7,0,0,4,19,1,7,0,nan,nan,nan,nan,1.167,nan,nan,1,1,1,1.167,nan,nan,nan,nan,nan,-0.067,nan,nan,0,0,0,-0.067,nan,500,fresh
68193,0,0,0,0,0,0,7,0,0,4,19,1,7,0,nan,nan,nan,nan,1.167,nan,nan,1,1,1,1.167,nan,nan,nan,nan,nan,-0.067,nan,nan,0,0,0,-0.067,nan,500,fresh
69263,0,0,0,0,0,0,7,0,0,4,19,1,7,0,nan,nan,nan,nan,1.167,nan,nan,1,1,1,1.167,nan,nan,nan,nan,nan,-0.067,nan,nan,0,0,0,-0.067,nan,500,fresh
70333,0,0,0,0,0,0,7,0,0,4,19,1,7,0,nan,nan,nan,nan,1.167,nan,nan,1,1,1,1.167,nan,nan,nan,nan,nan,-0.067,nan,nan,0,0,0,-0.067,nan,500,fresh
71403,0,0,0,0,0,0,7,0,0,4,19,1,7,0,nan,nan,nan,nan,1.167,nan,nan,1,1,1,1.167,nan,nan,nan,nan,nan,-0.067,nan,nan,0,0,0,-0.067,nan,500,fresh
72473,0,0,0,0,0,0,6,0,0,4,19,1,7,0,nan,nan,nan,nan,1,nan,nan,1,1,1,1.167,nan,nan,nan,nan,nan,0,nan,nan,0,0,0,-0.067,nan,500,fresh
73542,0,0,0,0,0,0,7,0,0,4,19,1,6,0,nan,nan,nan,nan,1.167,nan,nan,1,1,1,1,nan,nan,nan,nan,nan,-0.067,nan,nan,0,0,0,0,nan,500,fresh
74611,0,0,0,0,0,0,7,0,0,4,19,1,7,0,nan,nan,nan,nan,1.167,nan,nan,1,1,1,1.167,nan,nan,nan,nan,nan,-0.067,nan,nan,0,0,0,-0.067,nan,500,fresh
75681,0,0,0,0,0,0,7,0,0,4,19,1,7,0,nan,nan,nan,nan,1.167,nan,nan,1,1,1,1.167,nan,nan,nan,nan,nan,-0.067,nan,nan,0,0,0,-0.067,nan,500,fresh
76751,0,0,0,0,0,0,7,0,0,4,19,1,7,0,nan,nan,nan,nan,1.167,nan,nan,1,1,1,1.167,nan,nan,nan,nan,nan,-0.067,nan,nan,0,0,0,-0.067,nan,500,fresh
77821,0,0,0,0,0,0,7,0,0,4,19,1,7,0,nan,nan,nan,nan,1.167,nan,nan,1,1,1,1.167,nan,nan,nan,nan,nan,-0.067,nan,nan,0,0,0,-0.067,nan,500,fresh
78891,0,0,0,0,0,0,7,0,0,4,19,1,7,0,nan,nan,nan,nan,1.167,nan,nan,1,1,1,1.167,nan,nan,nan,nan,nan,-0.067,nan,nan,0,0,0,-0.067,nan,500,fresh
79960,0,0,0,0,0,0,7,0,0,4,19,1,6,0,nan,nan,nan,nan,1.167,nan,nan,1,1,1,1,nan,nan,nan,nan,nan,-0.067,nan,nan,0,0,0,0,nan,500,fresh
81030,0,0,0,0,0,0,6,0,0,4,19,1,7,0,nan,nan,nan,nan,1,nan,nan,1,1,1,1.167,nan,nan,nan,nan,nan,0,nan,nan,0,0,0,-0.067,nan,500,fresh
82099,0,0,0,0,0,0,7,0,0,4,19,1,7,0,nan,nan,nan,nan,1.167,nan,nan,1,1,1,1.167,nan,nan,nan,nan,nan,-0.067,nan,nan,0,0,0,-0.067,nan,500,fresh
83168,0,0,0,0,0,0,7,0,0,4,19,1,7,0,nan,nan,nan,nan,1.167,nan,nan,1,1,1,1.167,nan,nan,nan,nan,nan,-0.067,nan,nan,0,0,0,-0.067,nan,500,fresh
84238,0,0,0,0,0,0,7,0,0,4,19,1,6,0,nan,nan,nan,nan,1.167,nan,nan,1,1,1,1,nan,nan,nan,nan,nan,-0.067,nan,nan,0,0,0,0,nan,500,fresh
85308,0,0,0,0,0,0,7,0,0,4,19,1,7,0,nan,nan,nan,nan,1.167,nan,nan,1,1,1,1.167,nan,nan,nan,nan,nan,-0.067,nan,nan,0,0,0,-0.067,nan,500,fresh
86377,0,0,0,0,0,0,7,0,0,4,19,1,7,0,nan,nan,nan,nan,1.167,nan,nan,1,1,1,1.167,nan,nan,nan,nan,nan,-0.067,nan,nan,0,0,0,-0.067,nan,500,fresh
87447,0,0,0,0,0,0,7,0,0,4,19,1,7,0,nan,nan,nan,nan,1.167,nan,nan,1,1,1,1.167,nan,nan,nan,nan,nan,-0.067,nan,nan,0,0,0,-0.067,nan,500,fresh
88516,0,0,0,0,0,0,6,0,0,4,19,1,7,0,nan,nan,nan,nan,1,nan,nan,1,1,1,1.167,nan,nan,nan,nan,nan,0,nan,nan,0,0,0,-0.067,nan,500,fresh
89586,0,0,0,0,0,0,7,0,0,4,19,1,7,0,nan,nan,nan,nan,1.167,nan,nan,1,1,1,1.167,nan,nan,nan,nan,nan,-0.067,nan,nan,0,0,0,-0.067,nan,500,fresh
90655,0,0,0,0,0,0,7,0,0,4,19,1,7,0,nan,nan,nan,nan,1.167,nan,nan,1,1,1,1.167,nan,nan,nan,nan,nan,-0.067,nan,nan,0,0,0,-0.067,nan,500,fresh
91723,0,0,0,0,0,0,7,0,0,4,19,1,7,0,nan,nan,nan,nan,1.167,nan,nan,1,1,1,1.167,nan,nan,nan,nan,nan,-0.067,nan,nan,0,0,0,-0.067,nan,500,fresh
92792,0,0,0,0,0,0,7,0,0,4,19,1,7,0,nan,nan,nan,nan,1.167,nan,nan,1,1,1,1.167,nan,nan,nan,nan,nan,-0.067,nan,nan,0,0,0,-0.067,nan,500,fresh
93862,0,0,0,0,0,0,6,0,0,4,19,1,7,0,nan,nan,nan,nan,1,nan,nan,1,1,1,1.167,nan,nan,nan,nan,nan,0,nan,nan,0,0,0,-0.067,nan,500,fresh
94931,0,0,0,0,0,0,7,0,0,4,19,1,7,0,nan,nan,nan,nan,1.167,nan,nan,1,1,1,1.167,nan,nan,nan,nan,nan,-0.067,nan,nan,0,0,0,-0.067,nan,500,fresh
96000,0,0,0,0,0,0,7,0,0,4,19,1,7,0,nan,nan,nan,nan,1.167,nan,nan,1,1,1,1.167,nan,nan,nan,nan,nan,-0.067,nan,nan,0,0,0,-0.067,nan,500,fresh
97069,0,0,0,0,0,0,7,0,0,4,19,1,7,0,nan,nan,nan,nan,1.167,nan,nan,1,1,1,1.167,nan,nan,nan,nan,nan,-0.067,nan,nan,0,0,0,-0.067,nan,500,fresh
98138,0,0,0,0,0,0,7,0,0,4,19,1,7,0,nan,nan,nan,nan,1.167,nan,nan,1,1,1,1.167,nan,nan,nan,nan,nan,-0.067,nan,nan,0,0,0,-0.067,nan,500,fresh
99207,0,0,0,0,0,0,7,0,0,4,19,1,7,0,nan,nan,nan,nan,1.167,nan,nan,1,1,1,1.167,nan,nan,nan,nan,nan,-0.067,nan,nan,0,0,0,-0.067,nan,500,fresh
100276,0,0,0,0,0,0,7,0,0,4,19,1,7,0,nan,nan,nan,nan,1.167,nan,nan,1,1,1,1.167,nan,nan,nan,nan,nan,-0.067,nan,nan,0,0,0,-0.067,nan,500,fresh
101346,0,0,0,0,0,0,7,0,0,4,19,1,7,0,nan,nan,nan,nan,1.167,nan,nan,1,1,1,1.167,nan,nan,nan,nan,nan,-0.067,nan,nan,0,0,0,-0.067,nan,500,fresh
102416,0,0,0,0,0,0,7,0,0,4,19,1,7,0,nan,nan,nan,nan,1.167,nan,nan,1,1,1,1.167,nan,nan,nan,nan,nan,-0.067,nan,nan,0,0,0,-0.067,nan,500,fresh
103485,0,0,0,0,0,0,7,0,0,3,19,1,7,0,nan,nan,nan,nan,1.167,nan,nan,0.75,1,1,1.167,nan,nan,nan,nan,nan,-0.067,nan,nan,0.125,0,0,-0.067,nan,500,fresh
104555,0,0,0,0,0,0,6,0,0,4,19,1,7,0,nan,nan,nan,nan,1,nan,nan,1,1,1,1.167,nan,nan,nan,nan,nan,0,nan,nan,0,0,0,-0.067,nan,500,fresh
105625,0,0,0,0,0,0,7,0,0,4,19,1,7,0,nan,nan,nan,nan,1.167,nan,nan,1,1,1,1.167,nan,nan,nan,nan,nan,-0.067,nan,nan,0,0,0,-0.067,nan,500,fresh
106694,0,0,0,0,0,0,7,0,0,4,19,1,7,0,nan,nan,nan,nan,1.167,nan,nan,1,1,1,1.167,nan,nan,nan,nan,nan,-0.067,nan,nan,0,0,0,-0.067,nan,500,fresh
107763,0,0,0,0,0,0,7,0,0,4,19,1,7,0,nan,nan,nan,nan,1.167,nan,nan,1,1,1,1.167,nan,nan,nan,nan,nan,-0.067,nan,nan,0,0,0,-0.067,nan,500,fresh
108833,0,0,0,0,0,0,7,0,0,4,19,1,7,0,nan,nan,nan,nan,1.167,nan,nan,1,1,1,1.167,nan,nan,nan,nan,nan,-0.067,nan,nan,0,0,0,-0.067,nan,500,fresh
109903,0,0,0,0,0,0,7,0,0,4,19,1,7,0,nan,nan,nan,nan,1.167,nan,nan,1,1,1,1.167,nan,nan,nan,nan,nan,-0.067,nan,nan,0,0,0,-0.067,nan,500,fresh
110971,0,0,0,0,0,0,7,0,0,4,19,1,7,0,nan,nan,nan,nan,1.167,nan,nan,1,1,1,1.167,nan,nan,nan,nan,nan,-0.067,nan,nan,0,0,0,-0.067,nan,500,fresh
112041,0,0,0,0,0,0,7,0,0,4,19,1,7,0,nan,nan,nan,nan,1.167,nan,nan,1,1,1,1.167,nan,nan,nan,nan,nan,-0.067,nan,nan,0,0,0,-0.067,nan,500,fresh
113111,0,0,0,0,0,0,7,0,0,4,19,1,7,0,nan,nan,nan,nan,1.167,nan,nan,1,1,1,1.167,nan,nan,nan,nan,nan,-0.067,nan,nan,0,0,0,-0.067,nan,500,fresh
114180,0,0,0,0,0,0,7,0,0,4,19,1,7,0,nan,nan,nan,nan,1.167,nan,nan,1,1,1,1.167,nan,nan,nan,nan,nan,-0.067,nan,nan,0,0,0,-0.067,nan,500,fresh
115250,0,0,0,0,0,0,7,0,0,4,19,1,7,0,nan,nan,nan,nan,1.167,nan,nan,1,1,1,1.167,nan,nan,nan,nan,nan,-0.067,nan,nan,0,0,0,-0.067,nan,500,fresh
116319,0,0,0,0,0,0,7,0,0,4,19,1,7,0,nan,nan,nan,nan,1.167,nan,nan,1,1,1,1.167,nan,nan,nan,nan,nan,-0.067,nan,nan,0,0,0,-0.067,nan,500,fresh
117388,0,0,0,0,0,0,7,0,0,4,19,1,7,0,nan,nan,nan,nan,1.167,nan,nan,1,1,1,1.167,nan,nan,nan,nan,nan,-0.067,nan,nan,0,0,0,-0.067,nan,500,fresh
118457,0,0,0,0,0,0,7,0,0,4,19,1,7,0,nan,nan,nan,nan,1.167,nan,nan,1,1,1,1.167,nan,nan,nan,nan,nan,-0.067,nan,nan,0,0,0,-0.067,nan,500,fresh
119526,0,0,0,0,0,0,7,0,0,4,19,1,7,0,nan,nan,nan,nan,1.167,nan,nan,1,1,1,1.167,nan,nan,nan,nan,nan,-0.067,nan,nan,0,0,0,-0.067,nan,500,fresh
120596,0,0,0,0,0,0,7,0,0,4,19,1,7,0,nan,nan,nan,nan,1.167,nan,nan,1,1,1,1.167,nan,nan,nan,nan,nan,-0.067,nan,nan,0,0,0,-0.067,nan,500,fresh
121664,0,0,0,0,0,0,7,0,0,4,19,1,7,0,nan,nan,nan,nan,1.167,nan,nan,1,1,1,1.167,nan,nan,nan,nan,nan,-0.067,nan,nan,0,0,0,-0.067,nan,500,fresh
122733,0,0,0,0,0,0,6,0,0,4,19,1,7,0,nan,nan,nan,nan,1,nan,nan,1,1,1,1.167,nan,nan,nan,nan,nan,0,nan,nan,0,0,0,-0.067,nan,500,fresh
123803,0,0,0,0,0,0,7,0,0,4,19,1,7,0,nan,nan,nan,nan,1.167,nan,nan,1,1,1,1.167,nan,nan,nan,nan,nan,-0.067,nan,nan,0,0,0,-0.067,nan,500,fresh
124872,0,0,0,0,0,0,7,0,0,4,19,1,7,0,nan,nan,nan,nan,1.167,nan,nan,1,1,1,1.167,nan,nan,nan,nan,nan,-0.067,nan,nan,0,0,0,-0.067,nan,500,fresh
125941,0,0,0,0,0,0,7,0,0,4,19,1,7,0,nan,nan,nan,nan,1.167,nan,nan,1,1,1,1.167,nan,nan,nan,nan,nan,-0.067,nan,nan,0,0,0,-0.067,nan,500,fresh
127011,0,0,0,0,0,0,7,0,0,4,19,1,7,0,nan,nan,nan,nan,1.167,nan,nan,1,1,1,1.167,nan,nan,nan,nan,nan,-0.067,nan,nan,0,0,0,-0.067,nan,500,fresh
128081,0,0,0,0,0,0,7,0,0,4,19,1,7,0,nan,nan,nan,nan,1.167,nan,nan,1,1,1,1.167,nan,nan,nan,nan,nan,-0.067,nan,nan,0,0,0,-0.067,nan,500,fresh
129149,0,0,0,0,0,0,7,0,0,4,19,1,7,0,nan,nan,nan,nan,1.167,nan,nan,1,1,1,1.167,nan,nan,nan,nan,nan,-0.067,nan,nan,0,0,0,-0.067,nan,500,fresh
130219,0,0,0,0,0,0,7,0,0,4,19,1,7,0,nan,nan,nan,nan,1.167,nan,nan,1,1,1,1.167,nan,nan,nan,nan,nan,-0.067,nan,nan,0,0,0,-0.067,nan,500,fresh
131289,0,0,0,0,0,0,7,0,0,4,19,1,7,0,nan,nan,nan,nan,1.167,nan,nan,1,1,1,1.167,nan,nan,nan,nan,nan,-0.067,nan,nan,0,0,0,-0.067,nan,500,fresh
132359,0,0,0,0,0,0,7,0,0,4,19,1,6,0,nan,nan,nan,nan,1.167,nan,nan,1,1,1,1,nan,nan,nan,nan,nan,-0.067,nan,nan,0,0,0,0,nan,500,fresh
133429,0,0,0,0,0,0,7,0,0,4,19,1,7,0,nan,nan,nan,nan,1.167,nan,nan,1,1,1,1.167,nan,nan,nan,nan,nan,-0.067,nan,nan,0,0,0,-0.067,nan,500,fresh
134497,0,0,0,0,0,0,7,0,0,4,19,1,7,0,nan,nan,nan,nan,1.167,nan,nan,1,1,1,1.167,nan,nan,nan,nan,nan,-0.067,nan,nan,0,0,0,-0.067,nan,500,fresh
135567,0,0,0,0,0,0,7,0,0,4,19,1,7,0,nan,nan,nan,nan,1.167,nan,nan,1,1,1,1.167,nan,nan,nan,nan,nan,-0.067,nan,nan,0,0,0,-0.067,nan,500,fresh
136637,0,0,0,0,0,0,7,0,0,4,19,1,7,0,nan,nan,nan,nan,1.167,nan,nan,1,1,1,1.167,nan,nan,nan,nan,nan,-0.067,nan,nan,0,0,0,-0.067,nan,500,fresh
137707,0,0,0,0,0,0,7,0,0,4,19,1,7,0,nan,nan,nan,nan,1.167,nan,nan,1,1,1,1.167,nan,nan,nan,nan,nan,-0.067,nan,nan,0,0,0,-0.067,nan,500,fresh
138776,0,0,0,0,0,0,7,0,0,4,19,1,7,0,nan,nan,nan,nan,1.167,nan,nan,1,1,1,1.167,nan,nan,nan,nan,nan,-0.067,nan,nan,0,0,0,-0.067,nan,500,fresh
139845,0,0,0,0,0,0,7,0,0,4,19,1,7,0,nan,nan,nan,nan,1.167,nan,nan,1,1,1,1.167,nan,nan,nan,nan,nan,-0.067,nan,nan,0,0,0,-0.067,nan,500,fresh
140915,0,0,0,0,0,0,7,0,0,4,19,1,7,0,nan,nan,nan,nan,1.167,nan,nan,1,1,1,1.167,nan,nan,nan,nan,nan,-0.067,nan,nan,0,0,0,-0.067,nan,500,fresh
141984,0,0,0,0,0,0,7,0,0,4,19,1,7,0,nan,nan,nan,nan,1.167,nan,nan,1,1,1,1.167,nan,nan,nan,nan,nan,-0.067,nan,nan,0,0,0,-0.067,nan,500,fresh
143054,0,0,0,0,0,0,7,0,0,4,19,1,7,0,nan,nan,nan,nan,1.167,nan,nan,1,1,1,1.167,nan,nan,nan,nan,nan,-0.067,nan,nan,0,0,0,-0.067,nan,500,fresh
144124,0,0,0,0,0,0,7,0,0,4,19,1,7,0,nan,nan,nan,nan,1.167,nan,nan,1,1,1,1.167,nan,nan,nan,nan,nan,-0.067,nan,nan,0,0,0,-0.067,nan,500,fresh
145194,0,0,0,0,0,0,7,0,0,4,19,1,7,0,nan,nan,nan,nan,1.167,nan,nan,1,1,1,1.167,nan,nan,nan,nan,nan,-0.067,nan,nan,0,0,0,-0.067,nan,500,fresh
146264,0,0,0,0,0,0,7,0,0,4,19,1,7,0,nan,nan,nan,nan,1.167,nan,nan,1,1,1,1.167,nan,nan,nan,nan,nan,-0.067,nan,nan,0,0,0,-0.067,nan,500,fresh
147332,0,0,0,0,0,0,7,0,0,4,19,1,7,0,nan,nan,nan,nan,1.167,nan,nan,1,1,1,1.167,nan,nan,nan,nan,nan,-0.067,nan,nan,0,0,0,-0.067,nan,500,fresh
148402,0,0,0,0,0,0,7,0,0,4,19,1,7,0,nan,nan,nan,nan,1.167,nan,nan,1,1,1,1.167,nan,nan,nan,nan,nan,-0.067,nan,nan,0,0,0,-0.067,nan,500,fresh
149471,0,0,0,0,0,0,7,0,0,4,19,1,7,0,nan,nan,nan,nan,1.167,nan,nan,1,1,1,1.167,nan,nan,nan,nan,nan,-0.067,nan,nan,0,0,0,-0.067,nan,500,fresh
150541,0,0,0,0,0,0,7,0,0,4,19,1,7,0,nan,nan,nan,nan,1.167,nan,nan,1,1,1,1.167,nan,nan,nan,nan,nan,-0.067,nan,nan,0,0,0,-0.067,nan,500,fresh
151611,0,0,0,0,0,0,7,0,0,4,19,1,7,0,nan,nan,nan,nan,1.167,nan,nan,1,1,1,1.167,nan,nan,nan,nan,nan,-0.067,nan,nan,0,0,0,-0.067,nan,500,fresh
152680,0,0,0,0,0,0,7,0,0,4,19,1,7,0,nan,nan,nan,nan,1.167,nan,nan,1,1,1,1.167,nan,nan,nan,nan,nan,-0.067,nan,nan,0,0,0,-0.067,nan,500,fresh
153750,0,0,0,0,0,0,7,0,0,4,19,1,7,0,nan,nan,nan,nan,1.167,nan,nan,1,1,1,1.167,nan,nan,nan,nan,nan,-0.067,nan,nan,0,0,0,-0.067,nan,500,fresh
154820,0,0,0,0,0,0,7,0,0,4,19,1,7,0,nan,nan,nan,nan,1.167,nan,nan,1,1,1,1.167,nan,nan,nan,nan,nan,-0.067,nan,nan,0,0,0,-0.067,nan,500,fresh
155890,0,0,0,0,0,0,7,0,0,4,19,1,7,0,nan,nan,nan,nan,1.167,nan,nan,1,1,1,1.167,nan,nan,nan,nan,nan,-0.067,nan,nan,0,0,0,-0.067,nan,500,fresh
156960,0,0,0,0,0,0,7,0,0,4,19,1,7,0,nan,nan,nan,nan,1.167,nan,nan,1,1,1,1.167,nan,nan,nan,nan,nan,-0.067,nan,nan,0,0,0,-0.067,nan,500,fresh
158030,0,0,0,0,0,0,7,0,0,4,19,1,7,0,nan,nan,nan,nan,1.167,nan,nan,1,1,1,1.167,nan,nan,nan,nan,nan,-0.067,nan,nan,0,0,0,-0.067,nan,500,fresh
159100,0,0,0,0,0,0,7,0,0,4,19,1,6,0,nan,nan,nan,nan,1.167,nan,nan,1,1,1,1,nan,nan,nan,nan,nan,-0.067,nan,nan,0,0,0,0,nan,500,fresh
160168,0,0,0,0,0,0,7,0,0,4,19,1,7,0,nan,nan,nan,nan,1.167,nan,nan,1,1,1,1.167,nan,nan,nan,nan,nan,-0.067,nan,nan,0,0,0,-0.067,nan,500,fresh
161237,0,0,0,0,0,0,7,0,0,4,19,1,7,0,nan,nan,nan,nan,1.167,nan,nan,1,1,1,1.167,nan,nan,nan,nan,nan,-0.067,nan,nan,0,0,0,-0.067,nan,500,fresh
162306,0,0,0,0,0,0,7,0,0,4,19,1,7,0,nan,nan,nan,nan,1.167,nan,nan,1,1,1,1.167,nan,nan,nan,nan,nan,-0.067,nan,nan,0,0,0,-0.067,nan,500,fresh
163376,0,0,0,0,0,0,7,0,0,4,19,1,7,0,nan,nan,nan,nan,1.167,nan,nan,1,1,1,1.167,nan,nan,nan,nan,nan,-0.067,nan,nan,0,0,0,-0.067,nan,500,fresh
164444,0,0,0,0,0,0,7,0,0,4,19,1,7,0,nan,nan,nan,nan,1.167,nan,nan,1,1,1,1.167,nan,nan,nan,nan,nan,-0.067,nan,nan,0,0,0,-0.067,nan,500,fresh
165513,0,0,0,0,0,0,7,0,0,4,19,1,7,0,nan,nan,nan,nan,1.167,nan,nan,1,1,1,1.167,nan,nan,nan,nan,nan,-0.067,nan,nan,0,0,0,-0.067,nan,500,fresh
166583,0,0,0,0,0,0,7,0,0,4,19,1,7,0,nan,nan,nan,nan,1.167,nan,nan,1,1,1,1.167,nan,nan,nan,nan,nan,-0.067,nan,nan,0,0,0,-0.067,nan,500,fresh
167652,0,0,0,0,0,0,7,0,0,4,19,1,7,0,nan,nan,nan,nan,1.167,nan,nan,1,1,1,1.167,nan,nan,nan,nan,nan,-0.067,nan,nan,0,0,0,-0.067,nan,500,fresh
168722,0,0,0,0,0,0,7,0,0,4,19,1,7,0,nan,nan,nan,nan,1.167,nan,nan,1,1,1,1.167,nan,nan,nan,nan,nan,-0.067,nan,nan,0,0,0,-0.067,nan,500,fresh
169792,0,0,0,0,0,0,7,0,0,4,19,1,7,0,nan,nan,nan,nan,1.167,nan,nan,1,1,1,1.167,nan,nan,nan,nan,nan,-0.067,nan,nan,0,0,0,-0.067,nan,500,fresh
170862,0,0,0,0,0,0,7,0,0,4,19,1,7,0,nan,nan,nan,nan,1.167,nan,nan,1,1,1,1.167,nan,nan,nan,nan,nan,-0.067,nan,nan,0,0,0,-0.067,nan,500,fresh
171932,0,0,0,0,0,0,6,0,0,4,19,1,7,0,nan,nan,nan,nan,1,nan,nan,1,1,1,1.167,nan,nan,nan,nan,nan,0,nan,nan,0,0,0,-0.067,nan,500,fresh
173002,0,0,0,0,0,0,7,0,0,4,19,1,7,0,nan,nan,nan,nan,1.167,nan,nan,1,1,1,1.167,nan,nan,nan,nan,nan,-0.067,nan,nan,0,0,0,-0.067,nan,500,fresh
174072,0,0,0,0,0,0,7,0,0,4,19,1,7,0,nan,nan,nan,nan,1.167,nan,nan,1,1,1,1.167,nan,nan,nan,nan,nan,-0.067,nan,nan,0,0,0,-0.067,nan,500,fresh
175140,0,0,0,0,0,0,6,0,0,4,19,1,7,0,nan,nan,nan,nan,1,nan,nan,1,1,1,1.167,nan,nan,nan,nan,nan,0,nan,nan,0,0,0,-0.067,nan,500,fresh
176210,0,0,0,0,0,0,7,0,0,4,19,1,7,0,nan,nan,nan,nan,1.167,nan,nan,1,1,1,1.167,nan,nan,nan,nan,nan,-0.067,nan,nan,0,0,0,-0.067,nan,500,fresh
177280,0,0,0,0,0,0,7,0,0,4,19,1,7,0,nan,nan,nan,nan,1.167,nan,nan,1,1,1,1.167,nan,nan,nan,nan,nan,-0.067,nan,nan,0,0,0,-0.067,nan,500,fresh
178350,0,0,0,0,0,0,6,0,0,4,19,1,7,0,nan,nan,nan,nan,1,nan,nan,1,1,1,1.167,nan,nan,nan,nan,nan,0,nan,nan,0,0,0,-0.067,nan,500,fresh
179419,0,0,0,0,0,0,7,0,0,4,19,1,7,0,nan,nan,nan,nan,1.167,nan,nan,1,1,1,1.167,nan,nan,nan,nan,nan,-0.067,nan,nan,0,0,0,-0.067,nan,500,fresh
180488,0,0,0,0,0,0,7,0,0,4,19,1,7,0,nan,nan,nan,nan,1.167,nan,nan,1,1,1,1.167,nan,nan,nan,nan,nan,-0.067,nan,nan,0,0,0,-0.067,nan,500,fresh
181557,0,0,0,0,0,0,7,0,0,4,19,1,7,0,nan,nan,nan,nan,1.167,nan,nan,1,1,1,1.167,nan,nan,nan,nan,nan,-0.067,nan,nan,0,0,0,-0.067,nan,500,fresh
182627,0,0,0,0,0,0,7,0,0,4,19,1,7,0,nan,nan,nan,nan,1.167,nan,nan,1,1,1,1.167,nan,nan,nan,nan,nan,-0.067,nan,nan,0,0,0,-0.067,nan,500,fresh
183697,0,0,0,0,0,0,7,0,0,4,19,1,7,0,nan,nan,nan,nan,1.167,nan,nan,1,1,1,1.167,nan,nan,nan,nan,nan,-0.067,nan,nan,0,0,0,-0.067,nan,500,fresh
184766,0,0,0,0,0,0,7,0,0,4,19,1,7,0,nan,nan,nan,nan,1.167,nan,nan,1,1,1,1.167,nan,nan,nan,nan,nan,-0.067,nan,nan,0,0,0,-0.067,nan,500,fresh
185836,0,0,0,0,0,0,7,0,0,4,19,1,7,0,nan,nan,nan,nan,1.167,nan,nan,1,1,1,1.167,nan,nan,nan,nan,nan,-0.067,nan,nan,0,0,0,-0.067,nan,500,fresh
186906,0,0,0,0,0,0,7,0,0,4,19,1,7,0,nan,nan,nan,nan,1.167,nan,nan,1,1,1,1.167,nan,nan,nan,nan,nan,-0.067,nan,nan,0,0,0,-0.067,nan,500,fresh
187976,0,0,0,0,0,0,7,0,0,4,19,1,6,0,nan,nan,nan,nan,1.167,nan,nan,1,1,1,1,nan,nan,nan,nan,nan,-0.067,nan,nan,0,0,0,0,nan,500,fresh
189046,0,0,0,0,0,0,7,0,0,4,19,1,6,0,nan,nan,nan,nan,1.167,nan,nan,1,1,1,1,nan,nan,nan,nan,nan,-0.067,nan,nan,0,0,0,0,nan,500,fresh
190115,0,0,0,0,0,0,6,0,0,4,19,1,7,0,nan,nan,nan,nan,1,nan,nan,1,1,1,1.167,nan,nan,nan,nan,nan,0,nan,nan,0,0,0,-0.067,nan,500,fresh
191185,0,0,0,0,0,0,7,0,0,4,19,1,6,0,nan,nan,nan,nan,1.167,nan,nan,1,1,1,1,nan,nan,nan,nan,nan,-0.067,nan,nan,0,0,0,0,nan,500,fresh
192255,0,0,0,0,0,0,7,0,0,4,19,1,7,0,nan,nan,nan,nan,1.167,nan,nan,1,1,1,1.167,nan,nan,nan,nan,nan,-0.067,nan,nan,0,0,0,-0.067,nan,500,fresh
193324,0,0,0,0,0,0,7,0,0,4,19,1,7,0,nan,nan,nan,nan,1.167,nan,nan,1,1,1,1.167,nan,nan,nan,nan,nan,-0.067,nan,nan,0,0,0,-0.067,nan,500,fresh
194394,0,0,0,0,0,0,7,0,0,4,19,1,7,0,nan,nan,nan,nan,1.167,nan,nan,1,1,1,1.167,nan,nan,nan,nan,nan,-0.067,nan,nan,0,0,0,-0.067,nan,500,fresh
195464,0,0,0,0,0,0,7,0,0,4,19,1,7,0,nan,nan,nan,nan,1.167,nan,nan,1,1,1,1.167,nan,nan,nan,nan,nan,-0.067,nan,nan,0,0,0,-0.067,nan,500,fresh
196534,0,0,0,0,0,0,7,0,0,4,19,1,7,0,nan,nan,nan,nan,1.167,nan,nan,1,1,1,1.167,nan,nan,nan,nan,nan,-0.067,nan,nan,0,0,0,-0.067,nan,500,fresh
197604,0,0,0,0,0,0,7,0,0,4,19,1,7,0,nan,nan,nan,nan,1.167,nan,nan,1,1,1,1.167,nan,nan,nan,nan,nan,-0.067,nan,nan,0,0,0,-0.067,nan,500,fresh
198673,0,0,0,0,0,0,7,0,0,4,19,1,7,0,nan,nan,nan,nan,1.167,nan,nan,1,1,1,1.167,nan,nan,nan,nan,nan,-0.067,nan,nan,0,0,0,-0.067,nan,500,fresh
199741,0,0,0,0,0,0,6,0,0,4,19,1,7,0,nan,nan,nan,nan,1,nan,nan,1,1,1,1.167,nan,nan,nan,nan,nan,0,nan,nan,0,0,0,-0.067,nan,500,fresh
200810,0,0,0,0,0,0,7,0,0,4,19,1,7,0,nan,nan,nan,nan,1.167,nan,nan,1,1,1,1.167,nan,nan,nan,nan,nan,-0.067,nan,nan,0,0,0,-0.067,nan,500,fresh
201880,0,0,0,0,0,0,7,0,0,4,19,1,7,0,nan,nan,nan,nan,1.167,nan,nan,1,1,1,1.167,nan,nan,nan,nan,nan,-0.067,nan,nan,0,0,0,-0.067,nan,500,fresh
202950,0,0,0,0,0,0,7,0,0,4,19,1,7,0,nan,nan,nan,nan,1.167,nan,nan,1,1,1,1.167,nan,nan,nan,nan,nan,-0.067,nan,nan,0,0,0,-0.067,nan,500,fresh
204019,0,0,0,0,0,0,7,0,0,4,19,1,7,0,nan,nan,nan,nan,1.167,nan,nan,1,1,1,1.167,nan,nan,nan,nan,nan,-0.067,nan,nan,0,0,0,-0.067,nan,500,fresh
205089,0,0,0,0,0,0,7,0,0,4,19,1,6,0,nan,nan,nan,nan,1.167,nan,nan,1,1,1,1,nan,nan,nan,nan,nan,-0.067,nan,nan,0,0,0,0,nan,500,fresh
206159,0,0,0,0,0,0,7,0,0,4,19,1,7,0,nan,nan,nan,nan,1.167,nan,nan,1,1,1,1.167,nan,nan,nan,nan,nan,-0.067,nan,nan,0,0,0,-0.067,nan,500,fresh
207228,0,0,0,0,0,0,7,0,0,4,19,1,7,0,nan,nan,nan,nan,1.167,nan,nan,1,1,1,1.167,nan,nan,nan,nan,nan,-0.067,nan,nan,0,0,0,-0.067,nan,500,fresh
208298,0,0,0,0,0,0,7,0,0,4,19,1,6,0,nan,nan,nan,nan,1.167,nan,nan,1,1,1,1,nan,nan,nan,nan,nan,-0.067,nan,nan,0,0,0,0,nan,500,fresh
209368,0,0,0,0,0,0,7,0,0,4,19,1,7,0,nan,nan,nan,nan,1.167,nan,nan,1,1,1,1.167,nan,nan,nan,nan,nan,-0.067,nan,nan,0,0,0,-0.067,nan,500,fresh
210437,0,0,0,0,0,0,7,0,0,4,19,1,7,0,nan,nan,nan,nan,1.167,nan,nan,1,1,1,1.167,nan,nan,nan,nan,nan,-0.067,nan,nan,0,0,0,-0.067,nan,500,fresh
211507,0,0,0,0,0,0,6,0,0,4,19,1,7,0,nan,nan,nan,nan,1,nan,nan,1,1,1,1.167,nan,nan,nan,nan,nan,0,nan,nan,0,0,0,-0.067,nan,500,fresh
212576,0,0,0,0,0,0,6,0,0,4,19,1,7,0,nan,nan,nan,nan,1,nan,nan,1,1,1,1.167,nan,nan,nan,nan,nan,0,nan,nan,0,0,0,-0.067,nan,500,fresh
213644,0,0,0,0,0,0,7,0,0,4,19,1,6,0,nan,nan,nan,nan,1.167,nan,nan,1,1,1,1,nan,nan,nan,nan,nan,-0.067,nan,nan,0,0,0,0,nan,500,fresh
214713,0,0,0,0,0,0,7,0,0,4,19,1,7,0,nan,nan,nan,nan,1.167,nan,nan,1,1,1,1.167,nan,nan,nan,nan,nan,-0.067,nan,nan,0,0,0,-0.067,nan,500,fresh
215783,0,0,0,0,0,0,7,0,0,4,19,1,7,0,nan,nan,nan,nan,1.167,nan,nan,1,1,1,1.167,nan,nan,nan,nan,nan,-0.067,nan,nan,0,0,0,-0.067,nan,500,fresh
216853,0,0,0,0,0,0,7,0,0,4,19,1,7,0,nan,nan,nan,nan,1.167,nan,nan,1,1,1,1.167,nan,nan,nan,nan,nan,-0.067,nan,nan,0,0,0,-0.067,nan,500,fresh
217921,0,0,0,0,0,0,7,0,0,4,19,1,6,0,nan,nan,nan,nan,1.167,nan,nan,1,1,1,1,nan,nan,nan,nan,nan,-0.067,nan,nan,0,0,0,0,nan,500,fresh
218990,0,0,0,0,0,0,7,0,0,4,19,1,7,0,nan,nan,nan,nan,1.167,nan,nan,1,1,1,1.167,nan,nan,nan,nan,nan,-0.067,nan,nan,0,0,0,-0.067,nan,500,fresh
220060,0,0,0,0,0,0,6,0,0,4,19,1,7,0,nan,nan,nan,nan,1,nan,nan,1,1,1,1.167,nan,nan,nan,nan,nan,0,nan,nan,0,0,0,-0.067,nan,500,fresh
221130,0,0,0,0,0,0,7,0,0,4,19,1,7,0,nan,nan,nan,nan,1.167,nan,nan,1,1,1,1.167,nan,nan,nan,nan,nan,-0.067,nan,nan,0,0,0,-0.067,nan,500,fresh
222198,0,0,0,0,0,0,7,0,0,4,19,1,7,0,nan,nan,nan,nan,1.167,nan,nan,1,1,1,1.167,nan,nan,nan,nan,nan,-0.067,nan,nan,0,0,0,-0.067,nan,500,fresh
223267,0,0,0,0,0,0,7,0,0,4,19,1,7,0,nan,nan,nan,nan,1.167,nan,nan,1,1,1,1.167,nan,nan,nan,nan,nan,-0.067,nan,nan,0,0,0,-0.067,nan,500,fresh
224337,0,0,0,0,0,0,6,0,0,4,19,1,7,0,nan,nan,nan,nan,1,nan,nan,1,1,1,1.167,nan,nan,nan,nan,nan,0,nan,nan,0,0,0,-0.067,nan,500,fresh
225406,0,0,0,0,0,0,6,0,0,4,19,1,7,0,nan,nan,nan,nan,1,nan,nan,1,1,1,1.167,nan,nan,nan,nan,nan,0,nan,nan,0,0,0,-0.067,nan,500,fresh
226475,0,0,0,0,0,0,7,0,0,4,19,1,7,0,nan,nan,nan,nan,1.167,nan,nan,1,1,1,1.167,nan,nan,nan,nan,nan,-0.067,nan,nan,0,0,0,-0.067,nan,500,fresh
227544,0,0,0,0,0,0,6,0,0,4,19,1,7,0,nan,nan,nan,nan,1,nan,nan,1,1,1,1.167,nan,nan,nan,nan,nan,0,nan,nan,0,0,0,-0.067,nan,500,fresh
228614,0,0,0,0,0,0,7,0,0,4,19,1,7,0,nan,nan,nan,nan,1.167,nan,nan,1,1,1,1.167,nan,nan,nan,nan,nan,-0.067,nan,nan,0,0,0,-0.067,nan,500,fresh
229683,0,0,0,0,0,0,7,0,0,3,19,1,7,0,nan,nan,nan,nan,1.167,nan,nan,0.75,1,1,1.167,nan,nan,nan,nan,nan,-0.067,nan,nan,0.125,0,0,-0.067,nan,500,fresh
230752,0,0,0,0,0,0,6,0,0,4,19,1,6,0,nan,nan,nan,nan,1,nan,nan,1,1,1,1,nan,nan,nan,nan,nan,0,nan,nan,0,0,0,0,nan,500,fresh
231822,0,0,0,0,0,0,7,0,0,4,19,1,7,0,nan,nan,nan,nan,1.167,nan,nan,1,1,1,1.167,nan,nan,nan,nan,nan,-0.067,nan,nan,0,0,0,-0.067,nan,500,fresh
232892,0,0,0,0,0,0,7,0,0,4,19,1,7,0,nan,nan,nan,nan,1.167,nan,nan,1,1,1,1.167,nan,nan,nan,nan,nan,-0.067,nan,nan,0,0,0,-0.067,nan,500,fresh
233962,0,0,0,0,0,0,6,0,0,4,19,1,7,0,nan,nan,nan,nan,1,nan,nan,1,1,1,1.167,nan,nan,nan,nan,nan,0,nan,nan,0,0,0,-0.067,nan,500,fresh
235031,0,0,0,0,0,0,6,0,0,4,19,1,7,0,nan,nan,nan,nan,1,nan,nan,1,1,1,1.167,nan,nan,nan,nan,nan,0,nan,nan,0,0,0,-0.067,nan,500,fresh
236100,0,0,0,0,0,0,7,0,0,4,19,1,6,0,nan,nan,nan,nan,1.167,nan,nan,1,1,1,1,nan,nan,nan,nan,nan,-0.067,nan,nan,0,0,0,0,nan,500,fresh
237170,0,0,0,0,0,0,7,0,0,4,19,1,7,0,nan,nan,nan,nan,1.167,nan,nan,1,1,1,1.167,nan,nan,nan,nan,nan,-0.067,nan,nan,0,0,0,-0.067,nan,500,fresh
238240,0,0,0,0,0,0,7,0,0,4,19,1,7,0,nan,nan,nan,nan,1.167,nan,nan,1,1,1,1.167,nan,nan,nan,nan,nan,-0.067,nan,nan,0,0,0,-0.067,nan,500,fresh
239309,0,0,0,0,0,0,7,0,0,4,19,1,6,0,nan,nan,nan,nan,1.167,nan,nan,1,1,1,1,nan,nan,nan,nan,nan,-0.067,nan,nan,0,0,0,0,nan,500,fresh
240379,0,0,0,0,0,0,7,0,0,4,19,1,7,0,nan,nan,nan,nan,1.167,nan,nan,1,1,1,1.167,nan,nan,nan,nan,nan,-0.067,nan,nan,0,0,0,-0.067,nan,500,fresh
241449,0,0,0,0,0,0,7,0,0,4,19,1,6,0,nan,nan,nan,nan,1.167,nan,nan,1,1,1,1,nan,nan,nan,nan,nan,-0.067,nan,nan,0,0,0,0,nan,500,fresh
242519,0,0,0,0,0,0,7,0,0,4,19,1,7,0,nan,nan,nan,nan,1.167,nan,nan,1,1,1,1.167,nan,nan,nan,nan,nan,-0.067,nan,nan,0,0,0,-0.067,nan,500,fresh
243588,0,0,0,0,0,0,7,0,0,4,19,1,6,0,nan,nan,nan,nan,1.167,nan,nan,1,1,1,1,nan,nan,nan,nan,nan,-0.067,nan,nan,0,0,0,0,nan,500,fresh
244657,0,0,0,0,0,0,7,0,0,4,19,1,7,0,nan,nan,nan,nan,1.167,nan,nan,1,1,1,1.167,nan,nan,nan,nan,nan,-0.067,nan,nan,0,0,0,-0.067,nan,500,fresh
245727,0,0,0,0,0,0,7,0,0,4,19,1,7,0,nan,nan,nan,nan,1.167,nan,nan,1,1,1,1.167,nan,nan,nan,nan,nan,-0.067,nan,nan,0,0,0,-0.067,nan,500,fresh
246795,0,0,0,0,0,0,7,0,0,4,19,1,7,0,nan,nan,nan,nan,1.167,nan,nan,1,1,1,1.167,nan,nan,nan,nan,nan,-0.067,nan,nan,0,0,0,-0.067,nan,500,fresh
247864,0,0,0,0,0,0,7,0,0,4,19,1,7,0,nan,nan,nan,nan,1.167,nan,nan,1,1,1,1.167,nan,nan,nan,nan,nan,-0.067,nan,nan,0,0,0,-0.067,nan,500,fresh
248934,0,0,0,0,0,0,7,0,0,4,19,1,7,0,nan,nan,nan,nan,1.167,nan,nan,1,1,1,1.167,nan,nan,nan,nan,nan,-0.067,nan,nan,0,0,0,-0.067,nan,500,fresh
250004,0,0,0,0,0,0,6,0,0,4,19,1,7,0,nan,nan,nan,nan,1,nan,nan,1,1,1,1.167,nan,nan,nan,nan,nan,0,nan,nan,0,0,0,-0.067,nan,500,fresh
251073,0,0,0,0,0,0,7,0,0,4,19,1,7,0,nan,nan,nan,nan,1.167,nan,nan,1,1,1,1.167,nan,nan,nan,nan,nan,-0.067,nan,nan,0,0,0,-0.067,nan,500,fresh
252142,0,0,0,0,0,0,7,0,0,4,19,1,7,0,nan,nan,nan,nan,1.167,nan,nan,1,1,1,1.167,nan,nan,nan,nan,nan,-0.067,nan,nan,0,0,0,-0.067,nan,500,fresh
253212,0,0,0,0,0,0,7,0,0,4,19,1,7,0,nan,nan,nan,nan,1.167,nan,nan,1,1,1,1.167,nan,nan,nan,nan,nan,-0.067,nan,nan,0,0,0,-0.067,nan,500,fresh
254280,0,0,0,0,0,0,7,0,0,4,19,1,6,0,nan,nan,nan,nan,1.167,nan,nan,1,1,1,1,nan,nan,nan,nan,nan,-0.067,nan,nan,0,0,0,0,nan,500,fresh
255350,0,0,0,0,0,0,7,0,0,4,19,1,7,0,nan,nan,nan,nan,1.167,nan,nan,1,1,1,1.167,nan,nan,nan,nan,nan,-0.067,nan,nan,0,0,0,-0.067,nan,500,fresh
256419,0,0,0,0,0,0,7,0,0,4,19,1,7,0,nan,nan,nan,nan,1.167,nan,nan,1,1,1,1.167,nan,nan,nan,nan,nan,-0.067,nan,nan,0,0,0,-0.067,nan,500,fresh
257489,0,0,0,0,0,0,7,0,0,4,19,1,7,0,nan,nan,nan,nan,1.167,nan,nan,1,1,1,1.167,nan,nan,nan,nan,nan,-0.067,nan,nan,0,0,0,-0.067,nan,500,fresh
258559,0,0,0,0,0,0,7,0,0,4,19,1,7,0,nan,nan,nan,nan,1.167,nan,nan,1,1,1,1.167,nan,nan,nan,nan,nan,-0.067,nan,nan,0,0,0,-0.067,nan,500,fresh
259627,0,0,0,0,0,0,7,0,0,4,19,1,7,0,nan,nan,nan,nan,1.167,nan,nan,1,1,1,1.167,nan,nan,nan,nan,nan,-0.067,nan,nan,0,0,0,-0.067,nan,500,fresh
260695,0,0,0,0,0,0,7,0,0,4,19,1,7,0,nan,nan,nan,nan,1.167,nan,nan,1,1,1,1.167,nan,nan,nan,nan,nan,-0.067,nan,nan,0,0,0,-0.067,nan,500,fresh
261765,0,0,0,0,0,0,7,0,0,4,19,1,7,0,nan,nan,nan,nan,1.167,nan,nan,1,1,1,1.167,nan,nan,nan,nan,nan,-0.067,nan,nan,0,0,0,-0.067,nan,500,fresh
262834,0,0,0,0,0,0,7,0,0,4,19,1,7,0,nan,nan,nan,nan,1.167,nan,nan,1,1,1,1.167,nan,nan,nan,nan,nan,-0.067,nan,nan,0,0,0,-0.067,nan,500,fresh
263904,0,0,0,0,0,0,7,0,0,4,19,1,7,0,nan,nan,nan,nan,1.167,nan,nan,1,1,1,1.167,nan,nan,nan,nan,nan,-0.067,nan,nan,0,0,0,-0.067,nan,500,fresh
264974,0,0,0,0,0,0,6,0,0,4,19,1,6,0,nan,nan,nan,nan,1,nan,nan,1,1,1,1,nan,nan,nan,nan,nan,0,nan,nan,0,0,0,0,nan,500,fresh
266042,0,0,0,0,0,0,7,0,0,4,19,1,7,0,nan,nan,nan,nan,1.167,nan,nan,1,1,1,1.167,nan,nan,nan,nan,nan,-0.067,nan,nan,0,0,0,-0.067,nan,500,fresh
267111,0,0,0,0,0,0,7,0,0,4,19,1,7,0,nan,nan,nan,nan,1.167,nan,nan,1,1,1,1.167,nan,nan,nan,nan,nan,-0.067,nan,nan,0,0,0,-0.067,nan,500,fresh
268181,0,0,0,0,0,0,7,0,0,4,19,1,7,0,nan,nan,nan,nan,1.167,nan,nan,1,1,1,1.167,nan,nan,nan,nan,nan,-0.067,nan,nan,0,0,0,-0.067,nan,500,fresh
269251,0,0,0,0,0,0,7,0,0,4,19,1,7,0,nan,nan,nan,nan,1.167,nan,nan,1,1,1,1.167,nan,nan,nan,nan,nan,-0.067,nan,nan,0,0,0,-0.067,nan,500,fresh
270321,0,0,0,0,0,0,6,0,0,4,19,1,7,0,nan,nan,nan,nan,1,nan,nan,1,1,1,1.167,nan,nan,nan,nan,nan,0,nan,nan,0,0,0,-0.067,nan,500,fresh
271390,0,0,0,0,0,0,7,0,0,4,19,1,7,0,nan,nan,nan,nan,1.167,nan,nan,1,1,1,1.167,nan,nan,nan,nan,nan,-0.067,nan,nan,0,0,0,-0.067,nan,500,fresh
272459,0,0,0,0,0,0,7,0,0,4,19,1,6,0,nan,nan,nan,nan,1.167,nan,nan,1,1,1,1,nan,nan,nan,nan,nan,-0.067,nan,nan,0,0,0,0,nan,500,fresh
273528,0,0,0,0,0,0,7,0,0,4,19,1,6,0,nan,nan,nan,nan,1.167,nan,nan,1,1,1,1,nan,nan,nan,nan,nan,-0.067,nan,nan,0,0,0,0,nan,500,fresh
274597,0,0,0,0,0,0,7,0,0,4,19,1,7,0,nan,nan,nan,nan,1.167,nan,nan,1,1,1,1.167,nan,nan,nan,nan,nan,-0.067,nan,nan,0,0,0,-0.067,nan,500,fresh
275667,0,0,0,0,0,0,7,0,0,4,19,1,7,0,nan,nan,nan,nan,1.167,nan,nan,1,1,1,1.167,nan,nan,nan,nan,nan,-0.067,nan,nan,0,0,0,-0.067,nan,500,fresh
276737,0,0,0,0,0,0,6,0,0,4,19,1,7,0,nan,nan,nan,nan,1,nan,nan,1,1,1,1.167,nan,nan,nan,nan,nan,0,nan,nan,0,0,0,-0.067,nan,500,fresh
277806,0,0,0,0,0,0,7,0,0,4,19,1,7,0,nan,nan,nan,nan,1.167,nan,nan,1,1,1,1.167,nan,nan,nan,nan,nan,-0.067,nan,nan,0,0,0,-0.067,nan,500,fresh
278875,0,0,0,0,0,0,6,0,0,4,19,1,6,0,nan,nan,nan,nan,1,nan,nan,1,1,1,1,nan,nan,nan,nan,nan,0,nan,nan,0,0,0,0,nan,500,fresh
279945,0,0,0,0,0,0,7,0,0,4,19,1,7,0,nan,nan,nan,nan,1.167,nan,nan,1,1,1,1.167,nan,nan,nan,nan,nan,-0.067,nan,nan,0,0,0,-0.067,nan,500,fresh
281015,0,0,0,0,0,0,6,0,0,4,19,1,7,0,nan,nan,nan,nan,1,nan,nan,1,1,1,1.167,nan,nan,nan,nan,nan,0,nan,nan,0,0,0,-0.067,nan,500,fresh
282084,0,0,0,0,0,0,7,0,0,4,19,1,7,0,nan,nan,nan,nan,1.167,nan,nan,1,1,1,1.167,nan,nan,nan,nan,nan,-0.067,nan,nan,0,0,0,-0.067,nan,500,fresh
283153,0,0,0,0,0,0,7,0,0,4,19,1,7,0,nan,nan,nan,nan,1.167,nan,nan,1,1,1,1.167,nan,nan,nan,nan,nan,-0.067,nan,nan,0,0,0,-0.067,nan,500,fresh
284222,0,0,0,0,0,0,6,0,0,4,19,1,7,0,nan,nan,nan,nan,1,nan,nan,1,1,1,1.167,nan,nan,nan,nan,nan,0,nan,nan,0,0,0,-0.067,nan,500,fresh
285292,0,0,0,0,0,0,7,0,0,4,19,1,7,0,nan,nan,nan,nan,1.167,nan,nan,1,1,1,1.167,nan,nan,nan,nan,nan,-0.067,nan,nan,0,0,0,-0.067,nan,500,fresh
286361,0,0,0,0,0,0,7,0,0,4,19,1,7,0,nan,nan,nan,nan,1.167,nan,nan,1,1,1,1.167,nan,nan,nan,nan,nan,-0.067,nan,nan,0,0,0,-0.067,nan,500,fresh
287430,0,0,0,0,0,0,7,0,0,4,19,1,7,0,nan,nan,nan,nan,1.167,nan,nan,1,1,1,1.167,nan,nan,nan,nan,nan,-0.067,nan,nan,0,0,0,-0.067,nan,500,fresh
288499,0,0,0,0,0,0,6,0,0,4,19,1,7,0,nan,nan,nan,nan,1,nan,nan,1,1,1,1.167,nan,nan,nan,nan,nan,0,nan,nan,0,0,0,-0.067,nan,500,fresh
289569,0,0,0,0,0,0,7,0,0,4,19,1,7,0,nan,nan,nan,nan,1.167,nan,nan,1,1,1,1.167,nan,nan,nan,nan,nan,-0.067,nan,nan,0,0,0,-0.067,nan,500,fresh
290639,0,0,0,0,0,0,7,0,0,4,19,1,7,0,nan,nan,nan,nan,1.167,nan,nan,1,1,1,1.167,nan,nan,nan,nan,nan,-0.067,nan,nan,0,0,0,-0.067,nan,500,fresh
291709,0,0,0,0,0,0,6,0,0,4,19,1,7,0,nan,nan,nan,nan,1,nan,nan,1,1,1,1.167,nan,nan,nan,nan,nan,0,nan,nan,0,0,0,-0.067,nan,500,fresh
292779,0,0,0,0,0,0,7,0,0,4,19,1,7,0,nan,nan,nan,nan,1.167,nan,nan,1,1,1,1.167,nan,nan,nan,nan,nan,-0.067,nan,nan,0,0,0,-0.067,nan,500,fresh
293848,0,0,0,0,0,0,7,0,0,4,19,1,7,0,nan,nan,nan,nan,1.167,nan,nan,1,1,1,1.167,nan,nan,nan,nan,nan,-0.067,nan,nan,0,0,0,-0.067,nan,500,fresh
294918,0,0,0,0,0,0,7,0,0,4,19,1,7,0,nan,nan,nan,nan,1.167,nan,nan,1,1,1,1.167,nan,nan,nan,nan,nan,-0.067,nan,nan,0,0,0,-0.067,nan,500,fresh
295987,0,0,0,0,0,0,6,0,0,4,19,1,7,0,nan,nan,nan,nan,1,nan,nan,1,1,1,1.167,nan,nan,nan,nan,nan,0,nan,nan,0,0,0,-0.067,nan,500,fresh
297057,0,0,0,0,0,0,7,0,0,4,19,1,6,0,nan,nan,nan,nan,1.167,nan,nan,1,1,1,1,nan,nan,nan,nan,nan,-0.067,nan,nan,0,0,0,0,nan,500,fresh
298126,0,0,0,0,0,0,7,0,0,4,19,1,6,0,nan,nan,nan,nan,1.167,nan,nan,1,1,1,1,nan,nan,nan,nan,nan,-0.067,nan,nan,0,0,0,0,nan,500,fresh
299195,0,0,0,0,0,0,7,0,0,4,19,1,7,0,nan,nan,nan,nan,1.167,nan,nan,1,1,1,1.167,nan,nan,nan,nan,nan,-0.067,nan,nan,0,0,0,-0.067,nan,500,fresh
300265,0,0,0,0,0,0,7,0,0,4,19,1,6,0,nan,nan,nan,nan,1.167,nan,nan,1,1,1,1,nan,nan,nan,nan,nan,-0.067,nan,nan,0,0,0,0,nan,500,fresh
301335,0,0,0,0,0,0,7,0,0,4,19,1,7,0,nan,nan,nan,nan,1.167,nan,nan,1,1,1,1.167,nan,nan,nan,nan,nan,-0.067,nan,nan,0,0,0,-0.067,nan,500,fresh
302405,0,0,0,0,0,0,7,0,0,4,19,1,7,0,nan,nan,nan,nan,1.167,nan,nan,1,1,1,1.167,nan,nan,nan,nan,nan,-0.067,nan,nan,0,0,0,-0.067,nan,500,fresh
303475,0,0,0,0,0,0,7,0,0,4,19,1,7,0,nan,nan,nan,nan,1.167,nan,nan,1,1,1,1.167,nan,nan,nan,nan,nan,-0.067,nan,nan,0,0,0,-0.067,nan,500,fresh
304544,0,0,0,0,0,0,6,0,0,4,19,1,7,0,nan,nan,nan,nan,1,nan,nan,1,1,1,1.167,nan,nan,nan,nan,nan,0,nan,nan,0,0,0,-0.067,nan,500,fresh
305613,0,0,0,0,0,0,6,0,0,4,19,1,7,0,nan,nan,nan,nan,1,nan,nan,1,1,1,1.167,nan,nan,nan,nan,nan,0,nan,nan,0,0,0,-0.067,nan,500,fresh
306683,0,0,0,0,0,0,7,0,0,4,19,1,7,0,nan,nan,nan,nan,1.167,nan,nan,1,1,1,1.167,nan,nan,nan,nan,nan,-0.067,nan,nan,0,0,0,-0.067,nan,500,fresh
307752,0,0,0,0,0,0,7,0,0,3,19,1,7,0,nan,nan,nan,nan,1.167,nan,nan,0.75,1,1,1.167,nan,nan,nan,nan,nan,-0.067,nan,nan,0.125,0,0,-0.067,nan,500,fresh
308821,0,0,0,0,0,0,7,0,0,4,19,1,7,0,nan,nan,nan,nan,1.167,nan,nan,1,1,1,1.167,nan,nan,nan,nan,nan,-0.067,nan,nan,0,0,0,-0.067,nan,500,fresh
309891,0,0,0,0,0,0,7,0,0,4,19,1,6,0,nan,nan,nan,nan,1.167,nan,nan,1,1,1,1,nan,nan,nan,nan,nan,-0.067,nan,nan,0,0,0,0,nan,500,fresh
310960,0,0,0,0,0,0,7,0,0,4,19,1,7,0,nan,nan,nan,nan,1.167,nan,nan,1,1,1,1.167,nan,nan,nan,nan,nan,-0.067,nan,nan,0,0,0,-0.067,nan,500,fresh
312029,0,0,0,0,0,0,7,0,0,4,19,1,6,0,nan,nan,nan,nan,1.167,nan,nan,1,1,1,1,nan,nan,nan,nan,nan,-0.067,nan,nan,0,0,0,0,nan,500,fresh
313098,0,0,0,0,0,0,7,0,0,4,19,1,7,0,nan,nan,nan,nan,1.167,nan,nan,1,1,1,1.167,nan,nan,nan,nan,nan,-0.067,nan,nan,0,0,0,-0.067,nan,500,fresh
323795,0,0,0,0,0,0,7,0,0,4,19,1,7,0,nan,nan,nan,nan,1.167,nan,nan,1,1,1,1.167,nan,nan,nan,nan,nan,-0.067,nan,nan,0,0,0,-0.067,nan,500,fresh
324865,0,0,0,0,0,0,7,0,0,4,19,1,7,0,nan,nan,nan,nan,1.167,nan,nan,1,1,1,1.167,nan,nan,nan,nan,nan,-0.067,nan,nan,0,0,0,-0.067,nan,500,fresh
325934,0,0,0,0,0,0,7,0,0,4,19,1,7,0,nan,nan,nan,nan,1.167,nan,nan,1,1,1,1.167,nan,nan,nan,nan,nan,-0.067,nan,nan,0,0,0,-0.067,nan,500,fresh
327004,0,0,0,0,0,0,7,0,0,4,19,1,7,0,nan,nan,nan,nan,1.167,nan,nan,1,1,1,1.167,nan,nan,nan,nan,nan,-0.067,nan,nan,0,0,0,-0.067,nan,500,fresh
347322,0,0,0,0,0,0,7,0,0,4,20,1,7,0,nan,nan,nan,nan,1.167,nan,nan,1,1.053,1,1.167,nan,nan,nan,nan,nan,-0.067,nan,nan,0,-0.022,0,-0.067,nan,500,fresh
348392,0,0,0,0,0,0,7,0,0,4,20,1,7,0,nan,nan,nan,nan,1.167,nan,nan,1,1.053,1,1.167,nan,nan,nan,nan,nan,-0.067,nan,nan,0,-0.022,0,-0.067,nan,500,fresh
349461,0,0,0,0,0,0,7,0,0,4,19,1,7,0,nan,nan,nan,nan,1.167,nan,nan,1,1,1,1.167,nan,nan,nan,nan,nan,-0.067,nan,nan,0,0,0,-0.067,nan,500,fresh
350530,0,0,0,0,0,0,7,0,0,4,20,1,7,0,nan,nan,nan,nan,1.167,nan,nan,1,1.053,1,1.167,nan,nan,nan,nan,nan,-0.067,nan,nan,0,-0.022,0,-0.067,nan,500,fresh
351600,0,0,0,0,0,0,7,0,0,4,20,1,7,0,nan,nan,nan,nan,1.167,nan,nan,1,1.053,1,1.167,nan,nan,nan,nan,nan,-0.067,nan,nan,0,-0.022,0,-0.067,nan,500,fresh
352669,0,0,0,0,0,0,7,0,0,4,20,1,7,0,nan,nan,nan,nan,1.167,nan,nan,1,1.053,1,1.167,nan,nan,nan,nan,nan,-0.067,nan,nan,0,-0.022,0,-0.067,nan,500,fresh
353738,0,0,0,0,0,0,7,0,0,4,20,1,7,0,nan,nan,nan,nan,1.167,nan,nan,1,1.053,1,1.167,nan,nan,nan,nan,nan,-0.067,nan,nan,0,-0.022,0,-0.067,nan,500,fresh
354807,0,0,0,0,0,0,7,0,0,4,20,1,7,0,nan,nan,nan,nan,1.167,nan,nan,1,1.053,1,1.167,nan,nan,nan,nan,nan,-0.067,nan,nan,0,-0.022,0,-0.067,nan,500,fresh
355876,0,0,0,0,0,0,7,0,0,4,20,1,7,0,nan,nan,nan,nan,1.167,nan,nan,1,1.053,1,1.167,nan,nan,nan,nan,nan,-0.067,nan,nan,0,-0.022,0,-0.067,nan,500,fresh
356945,0,0,0,0,0,0,7,0,0,4,20,1,7,0,nan,nan,nan,nan,1.167,nan,nan,1,1.053,1,1.167,nan,nan,nan,nan,nan,-0.067,nan,nan,0,-0.022,0,-0.067,nan,500,fresh
358014,0,0,0,0,0,0,7,0,0,4,20,1,7,0,nan,nan,nan,nan,1.167,nan,nan,1,1.053,1,1.167,nan,nan,nan,nan,nan,-0.067,nan,nan,0,-0.022,0,-0.067,nan,500,fresh
359084,0,0,0,0,0,0,7,0,0,4,20,1,7,0,nan,nan,nan,nan,1.167,nan,nan,1,1.053,1,1.167,nan,nan,nan,nan,nan,-0.067,nan,nan,0,-0.022,0,-0.067,nan,500,fresh
360154,0,0,0,0,0,0,7,0,0,4,20,1,7,0,nan,nan,nan,nan,1.167,nan,nan,1,1.053,1,1.167,nan,nan,nan,nan,nan,-0.067,nan,nan,0,-0.022,0,-0.067,nan,500,fresh
361224,0,0,0,0,0,0,7,0,0,4,20,1,7,0,nan,nan,nan,nan,1.167,nan,nan,1,1.053,1,1.167,nan,nan,nan,nan,nan,-0.067,nan,nan,0,-0.022,0,-0.067,nan,500,fresh
362294,0,0,0,0,0,0,7,0,0,4,19,1,7,0,nan,nan,nan,nan,1.167,nan,nan,1,1,1,1.167,nan,nan,nan,nan,nan,-0.067,nan,nan,0,0,0,-0.067,nan,500,fresh
363364,0,0,0,0,0,0,7,0,0,4,20,1,7,0,nan,nan,nan,nan,1.167,nan,nan,1,1.053,1,1.167,nan,nan,nan,nan,nan,-0.067,nan,nan,0,-0.022,0,-0.067,nan,500,fresh
364434,0,0,0,0,0,0,7,0,0,4,20,1,7,0,nan,nan,nan,nan,1.167,nan,nan,1,1.053,1,1.167,nan,nan,nan,nan,nan,-0.067,nan,nan,0,-0.022,0,-0.067,nan,500,fresh
365504,0,0,0,0,0,0,7,0,0,4,20,1,7,0,nan,nan,nan,nan,1.167,nan,nan,1,1.053,1,1.167,nan,nan,nan,nan,nan,-0.067,nan,nan,0,-0.022,0,-0.067,nan,500,fresh
366574,0,0,0,0,0,0,7,0,0,4,20,1,7,0,nan,nan,nan,nan,1.167,nan,nan,1,1.053,1,1.167,nan,nan,nan,nan,nan,-0.067,nan,nan,0,-0.022,0,-0.067,nan,500,fresh
367643,0,0,0,0,0,0,7,0,0,4,20,1,7,0,nan,nan,nan,nan,1.167,nan,nan,1,1.053,1,1.167,nan,nan,nan,nan,nan,-0.067,nan,nan,0,-0.022,0,-0.067,nan,500,fresh
368713,0,0,0,0,0,0,7,0,0,4,20,1,7,0,nan,nan,nan,nan,1.167,nan,nan,1,1.053,1,1.167,nan,nan,nan,nan,nan,-0.067,nan,nan,0,-0.022,0,-0.067,nan,500,fresh
369783,0,0,0,0,0,0,7,0,0,4,20,1,7,0,nan,nan,nan,nan,1.167,nan,nan,1,1.053,1,1.167,nan,nan,nan,nan,nan,-0.067,nan,nan,0,-0.022,0,-0.067,nan,500,fresh
370852,0,0,0,0,0,0,7,0,0,4,20,1,7,0,nan,nan,nan,nan,1.167,nan,nan,1,1.053,1,1.167,nan,nan,nan,nan,nan,-0.067,nan,nan,0,-0.022,0,-0.067,nan,500,fresh
371922,0,0,0,0,0,0,7,0,0,4,20,1,7,0,nan,nan,nan,nan,1.167,nan,nan,1,1.053,1,1.167,nan,nan,nan,nan,nan,-0.067,nan,nan,0,-0.022,0,-0.067,nan,500,fresh
372991,0,0,0,0,0,0,7,0,0,4,20,1,7,0,nan,nan,nan,nan,1.167,nan,nan,1,1.053,1,1.167,nan,nan,nan,nan,nan,-0.067,nan,nan,0,-0.022,0,-0.067,nan,500,fresh
374059,0,0,0,0,0,0,7,0,0,4,19,1,7,0,nan,nan,nan,nan,1.167,nan,nan,1,1,1,1.167,nan,nan,nan,nan,nan,-0.067,nan,nan,0,0,0,-0.067,nan,500,fresh
375127,0,0,0,0,0,0,7,0,0,4,20,1,7,0,nan,nan,nan,nan,1.167,nan,nan,1,1.053,1,1.167,nan,nan,nan,nan,nan,-0.067,nan,nan,0,-0.022,0,-0.067,nan,500,fresh
376197,0,0,0,0,0,0,7,0,0,4,20,1,7,0,nan,nan,nan,nan,1.167,nan,nan,1,1.053,1,1.167,nan,nan,nan,nan,nan,-0.067,nan,nan,0,-0.022,0,-0.067,nan,500,fresh
377265,0,0,0,0,0,0,7,0,0,4,19,1,7,0,nan,nan,nan,nan,1.167,nan,nan,1,1,1,1.167,nan,nan,nan,nan,nan,-0.067,nan,nan,0,0,0,-0.067,nan,500,fresh
378333,0,0,0,0,0,0,7,0,0,4,20,1,7,0,nan,nan,nan,nan,1.167,nan,nan,1,1.053,1,1.167,nan,nan,nan,nan,nan,-0.067,nan,nan,0,-0.022,0,-0.067,nan,500,fresh
379403,0,0,0,0,0,0,7,0,0,4,20,1,7,0,nan,nan,nan,nan,1.167,nan,nan,1,1.053,1,1.167,nan,nan,nan,nan,nan,-0.067,nan,nan,0,-0.022,0,-0.067,nan,500,fresh
380473,0,0,0,0,0,0,7,0,0,4,20,1,7,0,nan,nan,nan,nan,1.167,nan,nan,1,1.053,1,1.167,nan,nan,nan,nan,nan,-0.067,nan,nan,0,-0.022,0,-0.067,nan,500,fresh
381542,0,0,0,0,0,0,7,0,0,4,20,1,7,0,nan,nan,nan,nan,1.167,nan,nan,1,1.053,1,1.167,nan,nan,nan,nan,nan,-0.067,nan,nan,0,-0.022,0,-0.067,nan,500,fresh
382612,0,0,0,0,0,0,7,0,0,4,20,1,7,0,nan,nan,nan,nan,1.167,nan,nan,1,1.053,1,1.167,nan,nan,nan,nan,nan,-0.067,nan,nan,0,-0.022,0,-0.067,nan,500,fresh
383681,0,0,0,0,0,0,7,0,0,4,19,1,7,0,nan,nan,nan,nan,1.167,nan,nan,1,1,1,1.167,nan,nan,nan,nan,nan,-0.067,nan,nan,0,0,0,-0.067,nan,500,fresh
384750,0,0,0,0,0,0,7,0,0,4,20,1,7,0,nan,nan,nan,nan,1.167,nan,nan,1,1.053,1,1.167,nan,nan,nan,nan,nan,-0.067,nan,nan,0,-0.022,0,-0.067,nan,500,fresh
385819,0,0,0,0,0,0,7,0,0,4,20,1,7,0,nan,nan,nan,nan,1.167,nan,nan,1,1.053,1,1.167,nan,nan,nan,nan,nan,-0.067,nan,nan,0,-0.022,0,-0.067,nan,500,fresh
386889,0,0,0,0,0,0,6,0,0,4,19,1,7,0,nan,nan,nan,nan,1,nan,nan,1,1,1,1.167,nan,nan,nan,nan,nan,0,nan,nan,0,0,0,-0.067,nan,500,fresh
387957,0,0,0,0,0,0,7,0,0,4,20,1,7,0,nan,nan,nan,nan,1.167,nan,nan,1,1.053,1,1.167,nan,nan,nan,nan,nan,-0.067,nan,nan,0,-0.022,0,-0.067,nan,500,fresh
389027,0,0,0,0,0,0,7,0,0,4,20,1,7,0,nan,nan,nan,nan,1.167,nan,nan,1,1.053,1,1.167,nan,nan,nan,nan,nan,-0.067,nan,nan,0,-0.022,0,-0.067,nan,500,fresh
390096,0,0,0,0,0,0,7,0,0,4,20,1,7,0,nan,nan,nan,nan,1.167,nan,nan,1,1.053,1,1.167,nan,nan,nan,nan,nan,-0.067,nan,nan,0,-0.022,0,-0.067,nan,500,fresh
391165,0,0,0,0,0,0,7,0,0,4,20,1,7,0,nan,nan,nan,nan,1.167,nan,nan,1,1.053,1,1.167,nan,nan,nan,nan,nan,-0.067,nan,nan,0,-0.022,0,-0.067,nan,500,fresh
392235,0,0,0,0,0,0,7,0,0,4,19,1,7,0,nan,nan,nan,nan,1.167,nan,nan,1,1,1,1.167,nan,nan,nan,nan,nan,-0.067,nan,nan,0,0,0,-0.067,nan,500,fresh
393304,0,0,0,0,0,0,7,0,0,4,19,1,7,0,nan,nan,nan,nan,1.167,nan,nan,1,1,1,1.167,nan,nan,nan,nan,nan,-0.067,nan,nan,0,0,0,-0.067,nan,500,fresh
394373,0,0,0,0,0,0,7,0,0,4,19,1,7,0,nan,nan,nan,nan,1.167,nan,nan,1,1,1,1.167,nan,nan,nan,nan,nan,-0.067,nan,nan,0,0,0,-0.067,nan,500,fresh
395443,0,0,0,0,0,0,7,0,0,4,19,1,7,0,nan,nan,nan,nan,1.167,nan,nan,1,1,1,1.167,nan,nan,nan,nan,nan,-0.067,nan,nan,0,0,0,-0.067,nan,500,fresh
396513,0,0,0,0,0,0,7,0,0,4,19,1,7,0,nan,nan,nan,nan,1.167,nan,nan,1,1,1,1.167,nan,nan,nan,nan,nan,-0.067,nan,nan,0,0,0,-0.067,nan,500,fresh
397582,0,0,0,0,0,0,7,0,0,4,20,1,7,0,nan,nan,nan,nan,1.167,nan,nan,1,1.053,1,1.167,nan,nan,nan,nan,nan,-0.067,nan,nan,0,-0.022,0,-0.067,nan,500,fresh
398651,0,0,0,0,0,0,7,0,0,4,19,1,7,0,nan,nan,nan,nan,1.167,nan,nan,1,1,1,1.167,nan,nan,nan,nan,nan,-0.067,nan,nan,0,0,0,-0.067,nan,500,fresh
399720,0,0,0,0,0,0,7,0,0,4,20,1,7,0,nan,nan,nan,nan,1.167,nan,nan,1,1.053,1,1.167,nan,nan,nan,nan,nan,-0.067,nan,nan,0,-0.022,0,-0.067,nan,500,fresh
400789,0,0,0,0,0,0,7,0,0,4,20,1,7,0,nan,nan,nan,nan,1.167,nan,nan,1,1.053,1,1.167,nan,nan,nan,nan,nan,-0.067,nan,nan,0,-0.022,0,-0.067,nan,500,fresh
401859,0,0,0,0,0,0,7,0,0,4,19,1,7,0,nan,nan,nan,nan,1.167,nan,nan,1,1,1,1.167,nan,nan,nan,nan,nan,-0.067,nan,nan,0,0,0,-0.067,nan,500,fresh
402928,0,0,0,0,0,0,7,0,0,4,20,1,7,0,nan,nan,nan,nan,1.167,nan,nan,1,1.053,1,1.167,nan,nan,nan,nan,nan,-0.067,nan,nan,0,-0.022,0,-0.067,nan,500,fresh
403997,0,0,0,0,0,0,7,0,0,4,19,1,7,0,nan,nan,nan,nan,1.167,nan,nan,1,1,1,1.167,nan,nan,nan,nan,nan,-0.067,nan,nan,0,0,0,-0.067,nan,500,fresh
405067,0,0,0,0,0,0,7,0,0,4,19,1,7,0,nan,nan,nan,nan,1.167,nan,nan,1,1,1,1.167,nan,nan,nan,nan,nan,-0.067,nan,nan,0,0,0,-0.067,nan,500,fresh
406136,0,0,0,0,0,0,6,0,0,4,19,1,7,0,nan,nan,nan,nan,1,nan,nan,1,1,1,1.167,nan,nan,nan,nan,nan,0,nan,nan,0,0,0,-0.067,nan,500,fresh
407206,0,0,0,0,0,0,7,0,0,4,19,1,7,0,nan,nan,nan,nan,1.167,nan,nan,1,1,1,1.167,nan,nan,nan,nan,nan,-0.067,nan,nan,0,0,0,-0.067,nan,500,fresh
408276,0,0,0,0,0,0,7,0,0,4,19,1,7,0,nan,nan,nan,nan,1.167,nan,nan,1,1,1,1.167,nan,nan,nan,nan,nan,-0.067,nan,nan,0,0,0,-0.067,nan,500,fresh
409345,0,0,0,0,0,0,7,0,0,4,19,1,7,0,nan,nan,nan,nan,1.167,nan,nan,1,1,1,1.167,nan,nan,nan,nan,nan,-0.067,nan,nan,0,0,0,-0.067,nan,500,fresh
410415,0,0,0,0,0,0,7,0,0,4,19,1,7,0,nan,nan,nan,nan,1.167,nan,nan,1,1,1,1.167,nan,nan,nan,nan,nan,-0.067,nan,nan,0,0,0,-0.067,nan,500,fresh
411485,0,0,0,0,0,0,7,0,0,4,19,1,7,0,nan,nan,nan,nan,1.167,nan,nan,1,1,1,1.167,nan,nan,nan,nan,nan,-0.067,nan,nan,0,0,0,-0.067,nan,500,fresh
412555,0,0,0,0,0,0,7,0,0,4,19,1,7,0,nan,nan,nan,nan,1.167,nan,nan,1,1,1,1.167,nan,nan,nan,nan,nan,-0.067,nan,nan,0,0,0,-0.067,nan,500,fresh
413625,0,0,0,0,0,0,7,0,0,4,19,1,7,0,nan,nan,nan,nan,1.167,nan,nan,1,1,1,1.167,nan,nan,nan,nan,nan,-0.067,nan,nan,0,0,0,-0.067,nan,500,fresh
414694,0,0,0,0,0,0,7,0,0,4,19,1,7,0,nan,nan,nan,nan,1.167,nan,nan,1,1,1,1.167,nan,nan,nan,nan,nan,-0.067,nan,nan,0,0,0,-0.067,nan,500,fresh
415763,0,0,0,0,0,0,7,0,0,4,19,1,7,0,nan,nan,nan,nan,1.167,nan,nan,1,1,1,1.167,nan,nan,nan,nan,nan,-0.067,nan,nan,0,0,0,-0.067,nan,500,fresh
416832,0,0,0,0,0,0,7,0,0,4,19,1,7,0,nan,nan,nan,nan,1.167,nan,nan,1,1,1,1.167,nan,nan,nan,nan,nan,-0.067,nan,nan,0,0,0,-0.067,nan,500,fresh
417901,0,0,0,0,0,0,7,0,0,4,19,1,7,0,nan,nan,nan,nan,1.167,nan,nan,1,1,1,1.167,nan,nan,nan,nan,nan,-0.067,nan,nan,0,0,0,-0.067,nan,500,fresh
418971,0,0,0,0,0,0,7,0,0,4,19,1,7,0,nan,nan,nan,nan,1.167,nan,nan,1,1,1,1.167,nan,nan,nan,nan,nan,-0.067,nan,nan,0,0,0,-0.067,nan,500,fresh
420041,0,0,0,0,0,0,7,0,0,4,19,1,7,0,nan,nan,nan,nan,1.167,nan,nan,1,1,1,1.167,nan,nan,nan,nan,nan,-0.067,nan,nan,0,0,0,-0.067,nan,500,fresh
421111,0,0,0,0,0,0,7,0,0,4,19,1,7,0,nan,nan,nan,nan,1.167,nan,nan,1,1,1,1.167,nan,nan,nan,nan,nan,-0.067,nan,nan,0,0,0,-0.067,nan,500,fresh
422181,0,0,0,0,0,0,7,0,0,4,20,1,7,0,nan,nan,nan,nan,1.167,nan,nan,1,1.053,1,1.167,nan,nan,nan,nan,nan,-0.067,nan,nan,0,-0.022,0,-0.067,nan,500,fresh
423250,0,0,0,0,0,0,7,0,0,4,19,1,7,0,nan,nan,nan,nan,1.167,nan,nan,1,1,1,1.167,nan,nan,nan,nan,nan,-0.067,nan,nan,0,0,0,-0.067,nan,500,fresh
424319,0,0,0,0,0,0,7,0,0,4,19,1,7,0,nan,nan,nan,nan,1.167,nan,nan,1,1,1,1.167,nan,nan,nan,nan,nan,-0.067,nan,nan,0,0,0,-0.067,nan,500,fresh
425389,0,0,0,0,0,0,7,0,0,4,19,1,7,0,nan,nan,nan,nan,1.167,nan,nan,1,1,1,1.167,nan,nan,nan,nan,nan,-0.067,nan,nan,0,0,0,-0.067,nan,500,fresh
426457,0,0,0,0,0,0,7,0,0,4,20,1,7,0,nan,nan,nan,nan,1.167,nan,nan,1,1.053,1,1.167,nan,nan,nan,nan,nan,-0.067,nan,nan,0,-0.022,0,-0.067,nan,500,fresh
427527,0,0,0,0,0,0,7,0,0,4,19,1,7,0,nan,nan,nan,nan,1.167,nan,nan,1,1,1,1.167,nan,nan,nan,nan,nan,-0.067,nan,nan,0,0,0,-0.067,nan,500,fresh
428597,0,0,0,0,0,0,7,0,0,4,19,1,7,0,nan,nan,nan,nan,1.167,nan,nan,1,1,1,1.167,nan,nan,nan,nan,nan,-0.067,nan,nan,0,0,0,-0.067,nan,500,fresh
429666,0,0,0,0,0,0,7,0,0,4,19,1,7,0,nan,nan,nan,nan,1.167,nan,nan,1,1,1,1.167,nan,nan,nan,nan,nan,-0.067,nan,nan,0,0,0,-0.067,nan,500,fresh
430736,0,0,0,0,0,0,7,0,0,4,19,1,7,0,nan,nan,nan,nan,1.167,nan,nan,1,1,1,1.167,nan,nan,nan,nan,nan,-0.067,nan,nan,0,0,0,-0.067,nan,500,fresh
431806,0,0,0,0,0,0,7,0,0,4,19,1,7,0,nan,nan,nan,nan,1.167,nan,nan,1,1,1,1.167,nan,nan,nan,nan,nan,-0.067,nan,nan,0,0,0,-0.067,nan,500,fresh
432875,0,0,0,0,0,0,7,0,0,4,19,1,7,0,nan,nan,nan,nan,1.167,nan,nan,1,1,1,1.167,nan,nan,nan,nan,nan,-0.067,nan,nan,0,0,0,-0.067,nan,500,fresh
433945,0,0,0,0,0,0,7,0,0,4,19,1,7,0,nan,nan,nan,nan,1.167,nan,nan,1,1,1,1.167,nan,nan,nan,nan,nan,-0.067,nan,nan,0,0,0,-0.067,nan,500,fresh
435015,0,0,0,0,0,0,7,0,0,4,19,1,7,0,nan,nan,nan,nan,1.167,nan,nan,1,1,1,1.167,nan,nan,nan,nan,nan,-0.067,nan,nan,0,0,0,-0.067,nan,500,fresh
436085,0,0,0,0,0,0,7,0,0,4,19,1,7,0,nan,nan,nan,nan,1.167,nan,nan,1,1,1,1.167,nan,nan,nan,nan,nan,-0.067,nan,nan,0,0,0,-0.067,nan,500,fresh
437154,0,0,0,0,0,0,7,0,0,4,19,1,7,0,nan,nan,nan,nan,1.167,nan,nan,1,1,1,1.167,nan,nan,nan,nan,nan,-0.067,nan,nan,0,0,0,-0.067,nan,500,fresh
438224,0,0,0,0,0,0,7,0,0,4,19,1,7,0,nan,nan,nan,nan,1.167,nan,nan,1,1,1,1.167,nan,nan,nan,nan,nan,-0.067,nan,nan,0,0,0,-0.067,nan,500,fresh
50008,0,0,0,0,0,0,7,0,0,4,19,1,7,0,nan,nan,nan,nan,1.167,nan,nan,1,1,1,1.167,nan,nan,nan,nan,nan,-0.067,nan,nan,0,0,0,-0.067,nan,500,fresh
51077,0,0,0,0,0,0,6,0,0,4,19,1,7,0,nan,nan,nan,nan,1,nan,nan,1,1,1,1.167,nan,nan,nan,nan,nan,0,nan,nan,0,0,0,-0.067,nan,500,fresh
52146,0,0,0,0,0,0,7,0,0,4,19,1,7,0,nan,nan,nan,nan,1.167,nan,nan,1,1,1,1.167,nan,nan,nan,nan,nan,-0.067,nan,nan,0,0,0,-0.067,nan,500,fresh
53216,0,0,0,0,0,0,7,0,0,4,19,1,6,0,nan,nan,nan,nan,1.167,nan,nan,1,1,1,1,nan,nan,nan,nan,nan,-0.067,nan,nan,0,0,0,0,nan,500,fresh
54285,0,0,0,0,0,0,7,0,0,4,19,1,7,0,nan,nan,nan,nan,1.167,nan,nan,1,1,1,1.167,nan,nan,nan,nan,nan,-0.067,nan,nan,0,0,0,-0.067,nan,500,fresh
55355,0,0,0,0,0,0,7,0,0,4,19,1,6,0,nan,nan,nan,nan,1.167,nan,nan,1,1,1,1,nan,nan,nan,nan,nan,-0.067,nan,nan,0,0,0,0,nan,500,fresh
56425,0,0,0,0,0,0,7,0,0,4,19,1,7,0,nan,nan,nan,nan,1.167,nan,nan,1,1,1,1.167,nan,nan,nan,nan,nan,-0.067,nan,nan,0,0,0,-0.067,nan,500,fresh
57495,0,0,0,0,0,0,7,0,0,4,19,1,7,0,nan,nan,nan,nan,1.167,nan,nan,1,1,1,1.167,nan,nan,nan,nan,nan,-0.067,nan,nan,0,0,0,-0.067,nan,500,fresh
58564,0,0,0,0,0,0,7,0,0,4,19,1,7,0,nan,nan,nan,nan,1.167,nan,nan,1,1,1,1.167,nan,nan,nan,nan,nan,-0.067,nan,nan,0,0,0,-0.067,nan,500,fresh
59634,0,0,0,0,0,0,7,0,0,4,19,1,7,0,nan,nan,nan,nan,1.167,nan,nan,1,1,1,1.167,nan,nan,nan,nan,nan,-0.067,nan,nan,0,0,0,-0.067,nan,500,fresh
60704,0,0,0,0,0,0,7,0,0,4,19,1,7,0,nan,nan,nan,nan,1.167,nan,nan,1,1,1,1.167,nan,nan,nan,nan,nan,-0.067,nan,nan,0,0,0,-0.067,nan,500,fresh
61774,0,0,0,0,0,0,7,0,0,4,19,1,7,0,nan,nan,nan,nan,1.167,nan,nan,1,1,1,1.167,nan,nan,nan,nan,nan,-0.067,nan,nan,0,0,0,-0.067,nan,500,fresh
62844,0,0,0,0,0,0,6,0,0,4,19,1,7,0,nan,nan,nan,nan,1,nan,nan,1,1,1,1.167,nan,nan,nan,nan,nan,0,nan,nan,0,0,0,-0.067,nan,500,fresh
63913,0,0,0,0,0,0,7,0,0,4,19,1,7,0,nan,nan,nan,nan,1.167,nan,nan,1,1,1,1.167,nan,nan,nan,nan,nan,-0.067,nan,nan,0,0,0,-0.067,nan,500,fresh
64983,0,0,0,0,0,0,7,0,0,4,19,1,7,0,nan,nan,nan,nan,1.167,nan,nan,1,1,1,1.167,nan,nan,nan,nan,nan,-0.067,nan,nan,0,0,0,-0.067,nan,500,fresh
66053,0,0,0,0,0,0,7,0,0,4,19,1,7,0,nan,nan,nan,nan,1.167,nan,nan,1,1,1,1.167,nan,nan,nan,nan,nan,-0.067,nan,nan,0,0,0,-0.067,nan,500,fresh
67123,0,0,0,0,0,0,7,0,0,4,19,1,7,0,nan,nan,nan,nan,1.167,nan,nan,1,1,1,1.167,nan,nan,nan,nan,nan,-0.067,nan,nan,0,0,0,-0.067,nan,500,fresh
68193,0,0,0,0,0,0,7,0,0,4,19,1,7,0,nan,nan,nan,nan,1.167,nan,nan,1,1,1,1.167,nan,nan,nan,nan,nan,-0.067,nan,nan,0,0,0,-0.067,nan,500,fresh
69263,0,0,0,0,0,0,7,0,0,4,19,1,7,0,nan,nan,nan,nan,1.167,nan,nan,1,1,1,1.167,nan,nan,nan,nan,nan,-0.067,nan,nan,0,0,0,-0.067,nan,500,fresh
70333,0,0,0,0,0,0,7,0,0,4,19,1,7,0,nan,nan,nan,nan,1.167,nan,nan,1,1,1,1.167,nan,nan,nan,nan,nan,-0.067,nan,nan,0,0,0,-0.067,nan,500,fresh
71403,0,0,0,0,0,0,7,0,0,4,19,1,7,0,nan,nan,nan,nan,1.167,nan,nan,1,1,1,1.167,nan,nan,nan,nan,nan,-0.067,nan,nan,0,0,0,-0.067,nan,500,fresh
72473,0,0,0,0,0,0,6,0,0,4,19,1,7,0,nan,nan,nan,nan,1,nan,nan,1,1,1,1.167,nan,nan,nan,nan,nan,0,nan,nan,0,0,0,-0.067,nan,500,fresh
73542,0,0,0,0,0,0,7,0,0,4,19,1,6,0,nan,nan,nan,nan,1.167,nan,nan,1,1,1,1,nan,nan,nan,nan,nan,-0.067,nan,nan,0,0,0,0,nan,500,fresh
74611,0,0,0,0,0,0,7,0,0,4,19,1,7,0,nan,nan,nan,nan,1.167,nan,nan,1,1,1,1.167,nan,nan,nan,nan,nan,-0.067,nan,nan,0,0,0,-0.067,nan,500,fresh
75681,0,0,0,0,0,0,7,0,0,4,19,1,7,0,nan,nan,nan,nan,1.167,nan,nan,1,1,1,1.167,nan,nan,nan,nan,nan,-0.067,nan,nan,0,0,0,-0.067,nan,500,fresh
76751,0,0,0,0,0,0,7,0,0,4,19,1,7,0,nan,nan,nan,nan,1.167,nan,nan,1,1,1,1.167,nan,nan,nan,nan,nan,-0.067,nan,nan,0,0,0,-0.067,nan,500,fresh
77821,0,0,0,0,0,0,7,0,0,4,19,1,7,0,nan,nan,nan,nan,1.167,nan,nan,1,1,1,1.167,nan,nan,nan,nan,nan,-0.067,nan,nan,0,0,0,-0.067,nan,500,fresh
78891,0,0,0,0,0,0,7,0,0,4,19,1,7,0,nan,nan,nan,nan,1.167,nan,nan,1,1,1,1.167,nan,nan,nan,nan,nan,-0.067,nan,nan,0,0,0,-0.067,nan,500,fresh
79960,0,0,0,0,0,0,7,0,0,4,19,1,6,0,nan,nan,nan,nan,1.167,nan,nan,1,1,1,1,nan,nan,nan,nan,nan,-0.067,nan,nan,0,0,0,0,nan,500,fresh
81030,0,0,0,0,0,0,6,0,0,4,19,1,7,0,nan,nan,nan,nan,1,nan,nan,1,1,1,1.167,nan,nan,nan,nan,nan,0,nan,nan,0,0,0,-0.067,nan,500,fresh
82099,0,0,0,0,0,0,7,0,0,4,19,1,7,0,nan,nan,nan,nan,1.167,nan,nan,1,1,1,1.167,nan,nan,nan,nan,nan,-0.067,nan,nan,0,0,0,-0.067,nan,500,fresh
83168,0,0,0,0,0,0,7,0,0,4,19,1,7,0,nan,nan,nan,nan,1.167,nan,nan,1,1,1,1.167,nan,nan,nan,nan,nan,-0.067,nan,nan,0,0,0,-0.067,nan,500,fresh
84238,0,0,0,0,0,0,7,0,0,4,19,1,6,0,nan,nan,nan,nan,1.167,nan,nan,1,1,1,1,nan,nan,nan,nan,nan,-0.067,nan,nan,0,0,0,0,nan,500,fresh
85308,0,0,0,0,0,0,7,0,0,4,19,1,7,0,nan,nan,nan,nan,1.167,nan,nan,1,1,1,1.167,nan,nan,nan,nan,nan,-0.067,nan,nan,0,0,0,-0.067,nan,500,fresh
86377,0,0,0,0,0,0,7,0,0,4,19,1,7,0,nan,nan,nan,nan,1.167,nan,nan,1,1,1,1.167,nan,nan,nan,nan,nan,-0.067,nan,nan,0,0,0,-0.067,nan,500,fresh
87447,0,0,0,0,0,0,7,0,0,4,19,1,7,0,nan,nan,nan,nan,1.167,nan,nan,1,1,1,1.167,nan,nan,nan,nan,nan,-0.067,nan,nan,0,0,0,-0.067,nan,500,fresh
88516,0,0,0,0,0,0,6,0,0,4,19,1,7,0,nan,nan,nan,nan,1,nan,nan,1,1,1,1.167,nan,nan,nan,nan,nan,0,nan,nan,0,0,0,-0.067,nan,500,fresh
89586,0,0,0,0,0,0,7,0,0,4,19,1,7,0,nan,nan,nan,nan,1.167,nan,nan,1,1,1,1.167,nan,nan,nan,nan,nan,-0.067,nan,nan,0,0,0,-0.067,nan,500,fresh
90655,0,0,0,0,0,0,7,0,0,4,19,1,7,0,nan,nan,nan,nan,1.167,nan,nan,1,1,1,1.167,nan,nan,nan,nan,nan,-0.067,nan,nan,0,0,0,-0.067,nan,500,fresh
91723,0,0,0,0,0,0,7,0,0,4,19,1,7,0,nan,nan,nan,nan,1.167,nan,nan,1,1,1,1.167,nan,nan,nan,nan,nan,-0.067,nan,nan,0,0,0,-0.067,nan,500,fresh
92792,0,0,0,0,0,0,7,0,0,4,19,1,7,0,nan,nan,nan,nan,1.167,nan,nan,1,1,1,1.167,nan,nan,nan,nan,nan,-0.067,nan,nan,0,0,0,-0.067,nan,500,fresh
93862,0,0,0,0,0,0,6,0,0,4,19,1,7,0,nan,nan,nan,nan,1,nan,nan,1,1,1,1.167,nan,nan,nan,nan,nan,0,nan,nan,0,0,0,-0.067,nan,500,fresh
94931,0,0,0,0,0,0,7,0,0,4,19,1,7,0,nan,nan,nan,nan,1.167,nan,nan,1,1,1,1.167,nan,nan,nan,nan,nan,-0.067,nan,nan,0,0,0,-0.067,nan,500,fresh
96000,0,0,0,0,0,0,7,0,0,4,19,1,7,0,nan,nan,nan,nan,1.167,nan,nan,1,1,1,1.167,nan,nan,nan,nan,nan,-0.067,nan,nan,0,0,0,-0.067,nan,500,fresh
97069,0,0,0,0,0,0,7,0,0,4,19,1,7,0,nan,nan,nan,nan,1.167,nan,nan,1,1,1,1.167,nan,nan,nan,nan,nan,-0.067,nan,nan,0,0,0,-0.067,nan,500,fresh
98138,0,0,0,0,0,0,7,0,0,4,19,1,7,0,nan,nan,nan,nan,1.167,nan,nan,1,1,1,1.167,nan,nan,nan,nan,nan,-0.067,nan,nan,0,0,0,-0.067,nan,500,fresh
99207,0,0,0,0,0,0,7,0,0,4,19,1,7,0,nan,nan,nan,nan,1.167,nan,nan,1,1,1,1.167,nan,nan,nan,nan,nan,-0.067,nan,nan,0,0,0,-0.067,nan,500,fresh
100276,0,0,0,0,0,0,7,0,0,4,19,1,7,0,nan,nan,nan,nan,1.167,nan,nan,1,1,1,1.167,nan,nan,nan,nan,nan,-0.067,nan,nan,0,0,0,-0.067,nan,500,fresh
101346,0,0,0,0,0,0,7,0,0,4,19,1,7,0,nan,nan,nan,nan,1.167,nan,nan,1,1,1,1.167,nan,nan,nan,nan,nan,-0.067,nan,nan,0,0,0,-0.067,nan,500,fresh
102416,0,0,0,0,0,0,7,0,0,4,19,1,7,0,nan,nan,nan,nan,1.167,nan,nan,1,1,1,1.167,nan,nan,nan,nan,nan,-0.067,nan,nan,0,0,0,-0.067,nan,500,fresh
103485,0,0,0,0,0,0,7,0,0,3,19,1,7,0,nan,nan,nan,nan,1.167,nan,nan,0.75,1,1,1.167,nan,nan,nan,nan,nan,-0.067,nan,nan,0.125,0,0,-0.067,nan,500,fresh
104555,0,0,0,0,0,0,6,0,0,4,19,1,7,0,nan,nan,nan,nan,1,nan,nan,1,1,1,1.167,nan,nan,nan,nan,nan,0,nan,nan,0,0,0,-0.067,nan,500,fresh
105625,0,0,0,0,0,0,7,0,0,4,19,1,7,0,nan,nan,nan,nan,1.167,nan,nan,1,1,1,1.167,nan,nan,nan,nan,nan,-0.067,nan,nan,0,0,0,-0.067,nan,500,fresh
106694,0,0,0,0,0,0,7,0,0,4,19,1,7,0,nan,nan,nan,nan,1.167,nan,nan,1,1,1,1.167,nan,nan,nan,nan,nan,-0.067,nan,nan,0,0,0,-0.067,nan,500,fresh
107763,0,0,0,0,0,0,7,0,0,4,19,1,7,0,nan,nan,nan,nan,1.167,nan,nan,1,1,1,1.167,nan,nan,nan,nan,nan,-0.067,nan,nan,0,0,0,-0.067,nan,500,fresh
108833,0,0,0,0,0,0,7,0,0,4,19,1,7,0,nan,nan,nan,nan,1.167,nan,nan,1,1,1,1.167,nan,nan,nan,nan,nan,-0.067,nan,nan,0,0,0,-0.067,nan,500,fresh
109903,0,0,0,0,0,0,7,0,0,4,19,1,7,0,nan,nan,nan,nan,1.167,nan,nan,1,1,1,1.167,nan,nan,nan,nan,nan,-0.067,nan,nan,0,0,0,-0.067,nan,500,fresh
110971,0,0,0,0,0,0,7,0,0,4,19,1,7,0,nan,nan,nan,nan,1.167,nan,nan,1,1,1,1.167,nan,nan,nan,nan,nan,-0.067,nan,nan,0,0,0,-0.067,nan,500,fresh
112041,0,0,0,0,0,0,7,0,0,4,19,1,7,0,nan,nan,nan,nan,1.167,nan,nan,1,1,1,1.167,nan,nan,nan,nan,nan,-0.067,nan,nan,0,0,0,-0.067,nan,500,fresh
113111,0,0,0,0,0,0,7,0,0,4,19,1,7,0,nan,nan,nan,nan,1.167,nan,nan,1,1,1,1.167,nan,nan,nan,nan,nan,-0.067,nan,nan,0,0,0,-0.067,nan,500,fresh
114180,0,0,0,0,0,0,7,0,0,4,19,1,7,0,nan,nan,nan,nan,1.167,nan,nan,1,1,1,1.167,nan,nan,nan,nan,nan,-0.067,nan,nan,0,0,0,-0.067,nan,500,fresh
115250,0,0,0,0,0,0,7,0,0,4,19,1,7,0,nan,nan,nan,nan,1.167,nan,nan,1,1,1,1.167,nan,nan,nan,nan,nan,-0.067,nan,nan,0,0,0,-0.067,nan,500,fresh
116319,0,0,0,0,0,0,7,0,0,4,19,1,7,0,nan,nan,nan,nan,1.167,nan,nan,1,1,1,1.167,nan,nan,nan,nan,nan,-0.067,nan,nan,0,0,0,-0.067,nan,500,fresh
117388,0,0,0,0,0,0,7,0,0,4,19,1,7,0,nan,nan,nan,nan,1.167,nan,nan,1,1,1,1.167,nan,nan,nan,nan,nan,-0.067,nan,nan,0,0,0,-0.067,nan,500,fresh
118457,0,0,0,0,0,0,7,0,0,4,19,1,7,0,nan,nan,nan,nan,1.167,nan,nan,1,1,1,1.167,nan,nan,nan,nan,nan,-0.067,nan,nan,0,0,0,-0.067,nan,500,fresh
119526,0,0,0,0,0,0,7,0,0,4,19,1,7,0,nan,nan,nan,nan,1.167,nan,nan,1,1,1,1.167,nan,nan,nan,nan,nan,-0.067,nan,nan,0,0,0,-0.067,nan,500,fresh
120596,0,0,0,0,0,0,7,0,0,4,19,1,7,0,nan,nan,nan,nan,1.167,nan,nan,1,1,1,1.167,nan,nan,nan,nan,nan,-0.067,nan,nan,0,0,0,-0.067,nan,500,fresh
121664,0,0,0,0,0,0,7,0,0,4,19,1,7,0,nan,nan,nan,nan,1.167,nan,nan,1,1,1,1.167,nan,nan,nan,nan,nan,-0.067,nan,nan,0,0,0,-0.067,nan,500,fresh
122733,0,0,0,0,0,0,6,0,0,4,19,1,7,0,nan,nan,nan,nan,1,nan,nan,1,1,1,1.167,nan,nan,nan,nan,nan,0,nan,nan,0,0,0,-0.067,nan,500,fresh
123803,0,0,0,0,0,0,7,0,0,4,19,1,7,0,nan,nan,nan,nan,1.167,nan,nan,1,1,1,1.167,nan,nan,nan,nan,nan,-0.067,nan,nan,0,0,0,-0.067,nan,500,fresh
124872,0,0,0,0,0,0,7,0,0,4,19,1,7,0,nan,nan,nan,nan,1.167,nan,nan,1,1,1,1.167,nan,nan,nan,nan,nan,-0.067,nan,nan,0,0,0,-0.067,nan,500,fresh
125941,0,0,0,0,0,0,7,0,0,4,19,1,7,0,nan,nan,nan,nan,1.167,nan,nan,1,1,1,1.167,nan,nan,nan,nan,nan,-0.067,nan,nan,0,0,0,-0.067,nan,500,fresh
127011,0,0,0,0,0,0,7,0,0,4,19,1,7,0,nan,nan,nan,nan,1.167,nan,nan,1,1,1,1.167,nan,nan,nan,nan,nan,-0.067,nan,nan,0,0,0,-0.067,nan,500,fresh
128081,0,0,0,0,0,0,7,0,0,4,19,1,7,0,nan,nan,nan,nan,1.167,nan,nan,1,1,1,1.167,nan,nan,nan,nan,nan,-0.067,nan,nan,0,0,0,-0.067,nan,500,fresh
129149,0,0,0,0,0,0,7,0,0,4,19,1,7,0,nan,nan,nan,nan,1.167,nan,nan,1,1,1,1.167,nan,nan,nan,nan,nan,-0.067,nan,nan,0,0,0,-0.067,nan,500,fresh
130219,0,0,0,0,0,0,7,0,0,4,19,1,7,0,nan,nan,nan,nan,1.167,nan,nan,1,1,1,1.167,nan,nan,nan,nan,nan,-0.067,nan,nan,0,0,0,-0.067,nan,500,fresh
131289,0,0,0,0,0,0,7,0,0,4,19,1,7,0,nan,nan,nan,nan,1.167,nan,nan,1,1,1,1.167,nan,nan,nan,nan,nan,-0.067,nan,nan,0,0,0,-0.067,nan,500,fresh
132359,0,0,0,0,0,0,7,0,0,4,19,1,6,0,nan,nan,nan,nan,1.167,nan,nan,1,1,1,1,nan,nan,nan,nan,nan,-0.067,nan,nan,0,0,0,0,nan,500,fresh
133429,0,0,0,0,0,0,7,0,0,4,19,1,7,0,nan,nan,nan,nan,1.167,nan,nan,1,1,1,1.167,nan,nan,nan,nan,nan,-0.067,nan,nan,0,0,0,-0.067,nan,500,fresh
134497,0,0,0,0,0,0,7,0,0,4,19,1,7,0,nan,nan,nan,nan,1.167,nan,nan,1,1,1,1.167,nan,nan,nan,nan,nan,-0.067,nan,nan,0,0,0,-0.067,nan,500,fresh
135567,0,0,0,0,0,0,7,0,0,4,19,1,7,0,nan,nan,nan,nan,1.167,nan,nan,1,1,1,1.167,nan,nan,nan,nan,nan,-0.067,nan,nan,0,0,0,-0.067,nan,500,fresh
136637,0,0,0,0,0,0,7,0,0,4,19,1,7,0,nan,nan,nan,nan,1.167,nan,nan,1,1,1,1.167,nan,nan,nan,nan,nan,-0.067,nan,nan,0,0,0,-0.067,nan,500,fresh
137707,0,0,0,0,0,0,7,0,0,4,19,1,7,0,nan,nan,nan,nan,1.167,nan,nan,1,1,1,1.167,nan,nan,nan,nan,nan,-0.067,nan,nan,0,0,0,-0.067,nan,500,fresh
138776,0,0,0,0,0,0,7,0,0,4,19,1,7,0,nan,nan,nan,nan,1.167,nan,nan,1,1,1,1.167,nan,nan,nan,nan,nan,-0.067,nan,nan,0,0,0,-0.067,nan,500,fresh
139845,0,0,0,0,0,0,7,0,0,4,19,1,7,0,nan,nan,nan,nan,1.167,nan,nan,1,1,1,1.167,nan,nan,nan,nan,nan,-0.067,nan,nan,0,0,0,-0.067,nan,500,fresh
140915,0,0,0,0,0,0,7,0,0,4,19,1,7,0,nan,nan,nan,nan,1.167,nan,nan,1,1,1,1.167,nan,nan,nan,nan,nan,-0.067,nan,nan,0,0,0,-0.067,nan,500,fresh
141984,0,0,0,0,0,0,7,0,0,4,19,1,7,0,nan,nan,nan,nan,1.167,nan,nan,1,1,1,1.167,nan,nan,nan,nan,nan,-0.067,nan,nan,0,0,0,-0.067,nan,500,fresh
143054,0,0,0,0,0,0,7,0,0,4,19,1,7,0,nan,nan,nan,nan,1.167,nan,nan,1,1,1,1.167,nan,nan,nan,nan,nan,-0.067,nan,nan,0,0,0,-0.067,nan,500,fresh
144124,0,0,0,0,0,0,7,0,0,4,19,1,7,0,nan,nan,nan,nan,1.167,nan,nan,1,1,1,1.167,nan,nan,nan,nan,nan,-0.067,nan,nan,0,0,0,-0.067,nan,500,fresh
145194,0,0,0,0,0,0,7,0,0,4,19,1,7,0,nan,nan,nan,nan,1.167,nan,nan,1,1,1,1.167,nan,nan,nan,nan,nan,-0.067,nan,nan,0,0,0,-0.067,nan,500,fresh
146264,0,0,0,0,0,0,7,0,0,4,19,1,7,0,nan,nan,nan,nan,1.167,nan,nan,1,1,1,1.167,nan,nan,nan,nan,nan,-0.067,nan,nan,0,0,0,-0.067,nan,500,fresh
147332,0,0,0,0,0,0,7,0,0,4,19,1,7,0,nan,nan,nan,nan,1.167,nan,nan,1,1,1,1.167,nan,nan,nan,nan,nan,-0.067,nan,nan,0,0,0,-0.067,nan,500,fresh
148402,0,0,0,0,0,0,7,0,0,4,19,1,7,0,nan,nan,nan,nan,1.167,nan,nan,1,1,1,1.167,nan,nan,nan,nan,nan,-0.067,nan,nan,0,0,0,-0.067,nan,500,fresh
149471,0,0,0,0,0,0,7,0,0,4,19,1,7,0,nan,nan,nan,nan,1.167,nan,nan,1,1,1,1.167,nan,nan,nan,nan,nan,-0.067,nan,nan,0,0,0,-0.067,nan,500,fresh
150541,0,0,0,0,0,0,7,0,0,4,19,1,7,0,nan,nan,nan,nan,1.167,nan,nan,1,1,1,1.167,nan,nan,nan,nan,nan,-0.067,nan,nan,0,0,0,-0.067,nan,500,fresh
151611,0,0,0,0,0,0,7,0,0,4,19,1,7,0,nan,nan,nan,nan,1.167,nan,nan,1,1,1,1.167,nan,nan,nan,nan,nan,-0.067,nan,nan,0,0,0,-0.067,nan,500,fresh
152680,0,0,0,0,0,0,7,0,0,4,19,1,7,0,nan,nan,nan,nan,1.167,nan,nan,1,1,1,1.167,nan,nan,nan,nan,nan,-0.067,nan,nan,0,0,0,-0.067,nan,500,fresh
153750,0,0,0,0,0,0,7,0,0,4,19,1,7,0,nan,nan,nan,nan,1.167,nan,nan,1,1,1,1.167,nan,nan,nan,nan,nan,-0.067,nan,nan,0,0,0,-0.067,nan,500,fresh
154820,0,0,0,0,0,0,7,0,0,4,19,1,7,0,nan,nan,nan,nan,1.167,nan,nan,1,1,1,1.167,nan,nan,nan,nan,nan,-0.067,nan,nan,0,0,0,-0.067,nan,500,fresh
155890,0,0,0,0,0,0,7,0,0,4,19,1,7,0,nan,nan,nan,nan,1.167,nan,nan,1,1,1,1.167,nan,nan,nan,nan,nan,-0.067,nan,nan,0,0,0,-0.067,nan,500,fresh
156960,0,0,0,0,0,0,7,0,0,4,19,1,7,0,nan,nan,nan,nan,1.167,nan,nan,1,1,1,1.167,nan,nan,nan,nan,nan,-0.067,nan,nan,0,0,0,-0.067,nan,500,fresh
158030,0,0,0,0,0,0,7,0,0,4,19,1,7,0,nan,nan,nan,nan,1.167,nan,nan,1,1,1,1.167,nan,nan,nan,nan,nan,-0.067,nan,nan,0,0,0,-0.067,nan,500,fresh
159100,0,0,0,0,0,0,7,0,0,4,19,1,6,0,nan,nan,nan,nan,1.167,nan,nan,1,1,1,1,nan,nan,nan,nan,nan,-0.067,nan,nan,0,0,0,0,nan,500,fresh
160168,0,0,0,0,0,0,7,0,0,4,19,1,7,0,nan,nan,nan,nan,1.167,nan,nan,1,1,1,1.167,nan,nan,nan,nan,nan,-0.067,nan,nan,0,0,0,-0.067,nan,500,fresh
161237,0,0,0,0,0,0,7,0,0,4,19,1,7,0,nan,nan,nan,nan,1.167,nan,nan,1,1,1,1.167,nan,nan,nan,nan,nan,-0.067,nan,nan,0,0,0,-0.067,nan,500,fresh
162306,0,0,0,0,0,0,7,0,0,4,19,1,7,0,nan,nan,nan,nan,1.167,nan,nan,1,1,1,1.167,nan,nan,nan,nan,nan,-0.067,nan,nan,0,0,0,-0.067,nan,500,fresh
163376,0,0,0,0,0,0,7,0,0,4,19,1,7,0,nan,nan,nan,nan,1.167,nan,nan,1,1,1,1.167,nan,nan,nan,nan,nan,-0.067,nan,nan,0,0,0,-0.067,nan,500,fresh
164444,0,0,0,0,0,0,7,0,0,4,19,1,7,0,nan,nan,nan,nan,1.167,nan,nan,1,1,1,1.167,nan,nan,nan,nan,nan,-0.067,nan,nan,0,0,0,-0.067,nan,500,fresh
165513,0,0,0,0,0,0,7,0,0,4,19,1,7,0,nan,nan,nan,nan,1.167,nan,nan,1,1,1,1.167,nan,nan,nan,nan,nan,-0.067,nan,nan,0,0,0,-0.067,nan,500,fresh
166583,0,0,0,0,0,0,7,0,0,4,19,1,7,0,nan,nan,nan,nan,1.167,nan,nan,1,1,1,1.167,nan,nan,nan,nan,nan,-0.067,nan,nan,0,0,0,-0.067,nan,500,fresh
167652,0,0,0,0,0,0,7,0,0,4,19,1,7,0,nan,nan,nan,nan,1.167,nan,nan,1,1,1,1.167,nan,nan,nan,nan,nan,-0.067,nan,nan,0,0,0,-0.067,nan,500,fresh
168722,0,0,0,0,0,0,7,0,0,4,19,1,7,0,nan,nan,nan,nan,1.167,nan,nan,1,1,1,1.167,nan,nan,nan,nan,nan,-0.067,nan,nan,0,0,0,-0.067,nan,500,fresh
169792,0,0,0,0,0,0,7,0,0,4,19,1,7,0,nan,nan,nan,nan,1.167,nan,nan,1,1,1,1.167,nan,nan,nan,nan,nan,-0.067,nan,nan,0,0,0,-0.067,nan,500,fresh
170862,0,0,0,0,0,0,7,0,0,4,19,1,7,0,nan,nan,nan,nan,1.167,nan,nan,1,1,1,1.167,nan,nan,nan,nan,nan,-0.067,nan,nan,0,0,0,-0.067,nan,500,fresh
171932,0,0,0,0,0,0,6,0,0,4,19,1,7,0,nan,nan,nan,nan,1,nan,nan,1,1,1,1.167,nan,nan,nan,nan,nan,0,nan,nan,0,0,0,-0.067,nan,500,fresh
173002,0,0,0,0,0,0,7,0,0,4,19,1,7,0,nan,nan,nan,nan,1.167,nan,nan,1,1,1,1.167,nan,nan,nan,nan,nan,-0.067,nan,nan,0,0,0,-0.067,nan,500,fresh
174072,0,0,0,0,0,0,7,0,0,4,19,1,7,0,nan,nan,nan,nan,1.167,nan,nan,1,1,1,1.167,nan,nan,nan,nan,nan,-0.067,nan,nan,0,0,0,-0.067,nan,500,fresh
175140,0,0,0,0,0,0,6,0,0,4,19,1,7,0,nan,nan,nan,nan,1,nan,nan,1,1,1,1.167,nan,nan,nan,nan,nan,0,nan,nan,0,0,0,-0.067,nan,500,fresh
176210,0,0,0,0,0,0,7,0,0,4,19,1,7,0,nan,nan,nan,nan,1.167,nan,nan,1,1,1,1.167,nan,nan,nan,nan,nan,-0.067,nan,nan,0,0,0,-0.067,nan,500,fresh
177280,0,0,0,0,0,0,7,0,0,4,19,1,7,0,nan,nan,nan,nan,1.167,nan,nan,1,1,1,1.167,nan,nan,nan,nan,nan,-0.067,nan,nan,0,0,0,-0.067,nan,500,fresh
178350,0,0,0,0,0,0,6,0,0,4,19,1,7,0,nan,nan,nan,nan,1,nan,nan,1,1,1,1.167,nan,nan,nan,nan,nan,0,nan,nan,0,0,0,-0.067,nan,500,fresh
179419,0,0,0,0,0,0,7,0,0,4,19,1,7,0,nan,nan,nan,nan,1.167,nan,nan,1,1,1,1.167,nan,nan,nan,nan,nan,-0.067,nan,nan,0,0,0,-0.067,nan,500,fresh
180488,0,0,0,0,0,0,7,0,0,4,19,1,7,0,nan,nan,nan,nan,1.167,nan,nan,1,1,1,1.167,nan,nan,nan,nan,nan,-0.067,nan,nan,0,0,0,-0.067,nan,500,fresh
181557,0,0,0,0,0,0,7,0,0,4,19,1,7,0,nan,nan,nan,nan,1.167,nan,nan,1,1,1,1.167,nan,nan,nan,nan,nan,-0.067,nan,nan,0,0,0,-0.067,nan,500,fresh
182627,0,0,0,0,0,0,7,0,0,4,19,1,7,0,nan,nan,nan,nan,1.167,nan,nan,1,1,1,1.167,nan,nan,nan,nan,nan,-0.067,nan,nan,0,0,0,-0.067,nan,500,fresh
183697,0,0,0,0,0,0,7,0,0,4,19,1,7,0,nan,nan,nan,nan,1.167,nan,nan,1,1,1,1.167,nan,nan,nan,nan,nan,-0.067,nan,nan,0,0,0,-0.067,nan,500,fresh
184766,0,0,0,0,0,0,7,0,0,4,19,1,7,0,nan,nan,nan,nan,1.167,nan,nan,1,1,1,1.167,nan,nan,nan,nan,nan,-0.067,nan,nan,0,0,0,-0.067,nan,500,fresh
185836,0,0,0,0,0,0,7,0,0,4,19,1,7,0,nan,nan,nan,nan,1.167,nan,nan,1,1,1,1.167,nan,nan,nan,nan,nan,-0.067,nan,nan,0,0,0,-0.067,nan,500,fresh
186906,0,0,0,0,0,0,7,0,0,4,19,1,7,0,nan,nan,nan,nan,1.167,nan,nan,1,1,1,1.167,nan,nan,nan,nan,nan,-0.067,nan,nan,0,0,0,-0.067,nan,500,fresh
187976,0,0,0,0,0,0,7,0,0,4,19,1,6,0,nan,nan,nan,nan,1.167,nan,nan,1,1,1,1,nan,nan,nan,nan,nan,-0.067,nan,nan,0,0,0,0,nan,500,fresh
189046,0,0,0,0,0,0,7,0,0,4,19,1,6,0,nan,nan,nan,nan,1.167,nan,nan,1,1,1,1,nan,nan,nan,nan,nan,-0.067,nan,nan,0,0,0,0,nan,500,fresh
190115,0,0,0,0,0,0,6,0,0,4,19,1,7,0,nan,nan,nan,nan,1,nan,nan,1,1,1,1.167,nan,nan,nan,nan,nan,0,nan,nan,0,0,0,-0.067,nan,500,fresh
191185,0,0,0,0,0,0,7,0,0,4,19,1,6,0,nan,nan,nan,nan,1.167,nan,nan,1,1,1,1,nan,nan,nan,nan,nan,-0.067,nan,nan,0,0,0,0,nan,500,fresh
192255,0,0,0,0,0,0,7,0,0,4,19,1,7,0,nan,nan,nan,nan,1.167,nan,nan,1,1,1,1.167,nan,nan,nan,nan,nan,-0.067,nan,nan,0,0,0,-0.067,nan,500,fresh
193324,0,0,0,0,0,0,7,0,0,4,19,1,7,0,nan,nan,nan,nan,1.167,nan,nan,1,1,1,1.167,nan,nan,nan,nan,nan,-0.067,nan,nan,0,0,0,-0.067,nan,500,fresh
194394,0,0,0,0,0,0,7,0,0,4,19,1,7,0,nan,nan,nan,nan,1.167,nan,nan,1,1,1,1.167,nan,nan,nan,nan,nan,-0.067,nan,nan,0,0,0,-0.067,nan,500,fresh
195464,0,0,0,0,0,0,7,0,0,4,19,1,7,0,nan,nan,nan,nan,1.167,nan,nan,1,1,1,1.167,nan,nan,nan,nan,nan,-0.067,nan,nan,0,0,0,-0.067,nan,500,fresh
196534,0,0,0,0,0,0,7,0,0,4,19,1,7,0,nan,nan,nan,nan,1.167,nan,nan,1,1,1,1.167,nan,nan,nan,nan,nan,-0.067,nan,nan,0,0,0,-0.067,nan,500,fresh
197604,0,0,0,0,0,0,7,0,0,4,19,1,7,0,nan,nan,nan,nan,1.167,nan,nan,1,1,1,1.167,nan,nan,nan,nan,nan,-0.067,nan,nan,0,0,0,-0.067,nan,500,fresh
198673,0,0,0,0,0,0,7,0,0,4,19,1,7,0,nan,nan,nan,nan,1.167,nan,nan,1,1,1,1.167,nan,nan,nan,nan,nan,-0.067,nan,nan,0,0,0,-0.067,nan,500,fresh
199741,0,0,0,0,0,0,6,0,0,4,19,1,7,0,nan,nan,nan,nan,1,nan,nan,1,1,1,1.167,nan,nan,nan,nan,nan,0,nan,nan,0,0,0,-0.067,nan,500,fresh
200810,0,0,0,0,0,0,7,0,0,4,19,1,7,0,nan,nan,nan,nan,1.167,nan,nan,1,1,1,1.167,nan,nan,nan,nan,nan,-0.067,nan,nan,0,0,0,-0.067,nan,500,fresh
201880,0,0,0,0,0,0,7,0,0,4,19,1,7,0,nan,nan,nan,nan,1.167,nan,nan,1,1,1,1.167,nan,nan,nan,nan,nan,-0.067,nan,nan,0,0,0,-0.067,nan,500,fresh
202950,0,0,0,0,0,0,7,0,0,4,19,1,7,0,nan,nan,nan,nan,1.167,nan,nan,1,1,1,1.167,nan,nan,nan,nan,nan,-0.067,nan,nan,0,0,0,-0.067,nan,500,fresh
204019,0,0,0,0,0,0,7,0,0,4,19,1,7,0,nan,nan,nan,nan,1.167,nan,nan,1,1,1,1.167,nan,nan,nan,nan,nan,-0.067,nan,nan,0,0,0,-0.067,nan,500,fresh
205089,0,0,0,0,0,0,7,0,0,4,19,1,6,0,nan,nan,nan,nan,1.167,nan,nan,1,1,1,1,nan,nan,nan,nan,nan,-0.067,nan,nan,0,0,0,0,nan,500,fresh
206159,0,0,0,0,0,0,7,0,0,4,19,1,7,0,nan,nan,nan,nan,1.167,nan,nan,1,1,1,1.167,nan,nan,nan,nan,nan,-0.067,nan,nan,0,0,0,-0.067,nan,500,fresh
207228,0,0,0,0,0,0,7,0,0,4,19,1,7,0,nan,nan,nan,nan,1.167,nan,nan,1,1,1,1.167,nan,nan,nan,nan,nan,-0.067,nan,nan,0,0,0,-0.067,nan,500,fresh
208298,0,0,0,0,0,0,7,0,0,4,19,1,6,0,nan,nan,nan,nan,1.167,nan,nan,1,1,1,1,nan,nan,nan,nan,nan,-0.067,nan,nan,0,0,0,0,nan,500,fresh
209368,0,0,0,0,0,0,7,0,0,4,19,1,7,0,nan,nan,nan,nan,1.167,nan,nan,1,1,1,1.167,nan,nan,nan,nan,nan,-0.067,nan,nan,0,0,0,-0.067,nan,500,fresh
210437,0,0,0,0,0,0,7,0,0,4,19,1,7,0,nan,nan,nan,nan,1.167,nan,nan,1,1,1,1.167,nan,nan,nan,nan,nan,-0.067,nan,nan,0,0,0,-0.067,nan,500,fresh
211507,0,0,0,0,0,0,6,0,0,4,19,1,7,0,nan,nan,nan,nan,1,nan,nan,1,1,1,1.167,nan,nan,nan,nan,nan,0,nan,nan,0,0,0,-0.067,nan,500,fresh
212576,0,0,0,0,0,0,6,0,0,4,19,1,7,0,nan,nan,nan,nan,1,nan,nan,1,1,1,1.167,nan,nan,nan,nan,nan,0,nan,nan,0,0,0,-0.067,nan,500,fresh
213644,0,0,0,0,0,0,7,0,0,4,19,1,6,0,nan,nan,nan,nan,1.167,nan,nan,1,1,1,1,nan,nan,nan,nan,nan,-0.067,nan,nan,0,0,0,0,nan,500,fresh
214713,0,0,0,0,0,0,7,0,0,4,19,1,7,0,nan,nan,nan,nan,1.167,nan,nan,1,1,1,1.167,nan,nan,nan,nan,nan,-0.067,nan,nan,0,0,0,-0.067,nan,500,fresh
215783,0,0,0,0,0,0,7,0,0,4,19,1,7,0,nan,nan,nan,nan,1.167,nan,nan,1,1,1,1.167,nan,nan,nan,nan,nan,-0.067,nan,nan,0,0,0,-0.067,nan,500,fresh
216853,0,0,0,0,0,0,7,0,0,4,19,1,7,0,nan,nan,nan,nan,1.167,nan,nan,1,1,1,1.167,nan,nan,nan,nan,nan,-0.067,nan,nan,0,0,0,-0.067,nan,500,fresh
217921,0,0,0,0,0,0,7,0,0,4,19,1,6,0,nan,nan,nan,nan,1.167,nan,nan,1,1,1,1,nan,nan,nan,nan,nan,-0.067,nan,nan,0,0,0,0,nan,500,fresh
218990,0,0,0,0,0,0,7,0,0,4,19,1,7,0,nan,nan,nan,nan,1.167,nan,nan,1,1,1,1.167,nan,nan,nan,nan,nan,-0.067,nan,nan,0,0,0,-0.067,nan,500,fresh
220060,0,0,0,0,0,0,6,0,0,4,19,1,7,0,nan,nan,nan,nan,1,nan,nan,1,1,1,1.167,nan,nan,nan,nan,nan,0,nan,nan,0,0,0,-0.067,nan,500,fresh
221130,0,0,0,0,0,0,7,0,0,4,19,1,7,0,nan,nan,nan,nan,1.167,nan,nan,1,1,1,1.167,nan,nan,nan,nan,nan,-0.067,nan,nan,0,0,0,-0.067,nan,500,fresh
222198,0,0,0,0,0,0,7,0,0,4,19,1,7,0,nan,nan,nan,nan,1.167,nan,nan,1,1,1,1.167,nan,nan,nan,nan,nan,-0.067,nan,nan,0,0,0,-0.067,nan,500,fresh
223267,0,0,0,0,0,0,7,0,0,4,19,1,7,0,nan,nan,nan,nan,1.167,nan,nan,1,1,1,1.167,nan,nan,nan,nan,nan,-0.067,nan,nan,0,0,0,-0.067,nan,500,fresh
224337,0,0,0,0,0,0,6,0,0,4,19,1,7,0,nan,nan,nan,nan,1,nan,nan,1,1,1,1.167,nan,nan,nan,nan,nan,0,nan,nan,0,0,0,-0.067,nan,500,fresh
225406,0,0,0,0,0,0,6,0,0,4,19,1,7,0,nan,nan,nan,nan,1,nan,nan,1,1,1,1.167,nan,nan,nan,nan,nan,0,nan,nan,0,0,0,-0.067,nan,500,fresh
226475,0,0,0,0,0,0,7,0,0,4,19,1,7,0,nan,nan,nan,nan,1.167,nan,nan,1,1,1,1.167,nan,nan,nan,nan,nan,-0.067,nan,nan,0,0,0,-0.067,nan,500,fresh
227544,0,0,0,0,0,0,6,0,0,4,19,1,7,0,nan,nan,nan,nan,1,nan,nan,1,1,1,1.167,nan,nan,nan,nan,nan,0,nan,nan,0,0,0,-0.067,nan,500,fresh
228614,0,0,0,0,0,0,7,0,0,4,19,1,7,0,nan,nan,nan,nan,1.167,nan,nan,1,1,1,1.167,nan,nan,nan,nan,nan,-0.067,nan,nan,0,0,0,-0.067,nan,500,fresh
229683,0,0,0,0,0,0,7,0,0,3,19,1,7,0,nan,nan,nan,nan,1.167,nan,nan,0.75,1,1,1.167,nan,nan,nan,nan,nan,-0.067,nan,nan,0.125,0,0,-0.067,nan,500,fresh
230752,0,0,0,0,0,0,6,0,0,4,19,1,6,0,nan,nan,nan,nan,1,nan,nan,1,1,1,1,nan,nan,nan,nan,nan,0,nan,nan,0,0,0,0,nan,500,fresh
231822,0,0,0,0,0,0,7,0,0,4,19,1,7,0,nan,nan,nan,nan,1.167,nan,nan,1,1,1,1.167,nan,nan,nan,nan,nan,-0.067,nan,nan,0,0,0,-0.067,nan,500,fresh
232892,0,0,0,0,0,0,7,0,0,4,19,1,7,0,nan,nan,nan,nan,1.167,nan,nan,1,1,1,1.167,nan,nan,nan,nan,nan,-0.067,nan,nan,0,0,0,-0.067,nan,500,fresh
233962,0,0,0,0,0,0,6,0,0,4,19,1,7,0,nan,nan,nan,nan,1,nan,nan,1,1,1,1.167,nan,nan,nan,nan,nan,0,nan,nan,0,0,0,-0.067,nan,500,fresh
235031,0,0,0,0,0,0,6,0,0,4,19,1,7,0,nan,nan,nan,nan,1,nan,nan,1,1,1,1.167,nan,nan,nan,nan,nan,0,nan,nan,0,0,0,-0.067,nan,500,fresh
236100,0,0,0,0,0,0,7,0,0,4,19,1,6,0,nan,nan,nan,nan,1.167,nan,nan,1,1,1,1,nan,nan,nan,nan,nan,-0.067,nan,nan,0,0,0,0,nan,500,fresh
237170,0,0,0,0,0,0,7,0,0,4,19,1,7,0,nan,nan,nan,nan,1.167,nan,nan,1,1,1,1.167,nan,nan,nan,nan,nan,-0.067,nan,nan,0,0,0,-0.067,nan,500,fresh
238240,0,0,0,0,0,0,7,0,0,4,19,1,7,0,nan,nan,nan,nan,1.167,nan,nan,1,1,1,1.167,nan,nan,nan,nan,nan,-0.067,nan,nan,0,0,0,-0.067,nan,500,fresh
239309,0,0,0,0,0,0,7,0,0,4,19,1,6,0,nan,nan,nan,nan,1.167,nan,nan,1,1,1,1,nan,nan,nan,nan,nan,-0.067,nan,nan,0,0,0,0,nan,500,fresh
240379,0,0,0,0,0,0,7,0,0,4,19,1,7,0,nan,nan,nan,nan,1.167,nan,nan,1,1,1,1.167,nan,nan,nan,nan,nan,-0.067,nan,nan,0,0,0,-0.067,nan,500,fresh
241449,0,0,0,0,0,0,7,0,0,4,19,1,6,0,nan,nan,nan,nan,1.167,nan,nan,1,1,1,1,nan,nan,nan,nan,nan,-0.067,nan,nan,0,0,0,0,nan,500,fresh
242519,0,0,0,0,0,0,7,0,0,4,19,1,7,0,nan,nan,nan,nan,1.167,nan,nan,1,1,1,1.167,nan,nan,nan,nan,nan,-0.067,nan,nan,0,0,0,-0.067,nan,500,fresh
243588,0,0,0,0,0,0,7,0,0,4,19,1,6,0,nan,nan,nan,nan,1.167,nan,nan,1,1,1,1,nan,nan,nan,nan,nan,-0.067,nan,nan,0,0,0,0,nan,500,fresh
244657,0,0,0,0,0,0,7,0,0,4,19,1,7,0,nan,nan,nan,nan,1.167,nan,nan,1,1,1,1.167,nan,nan,nan,nan,nan,-0.067,nan,nan,0,0,0,-0.067,nan,500,fresh
245727,0,0,0,0,0,0,7,0,0,4,19,1,7,0,nan,nan,nan,nan,1.167,nan,nan,1,1,1,1.167,nan,nan,nan,nan,nan,-0.067,nan,nan,0,0,0,-0.067,nan,500,fresh
246795,0,0,0,0,0,0,7,0,0,4,19,1,7,0,nan,nan,nan,nan,1.167,nan,nan,1,1,1,1.167,nan,nan,nan,nan,nan,-0.067,nan,nan,0,0,0,-0.067,nan,500,fresh
247864,0,0,0,0,0,0,7,0,0,4,19,1,7,0,nan,nan,nan,nan,1.167,nan,nan,1,1,1,1.167,nan,nan,nan,nan,nan,-0.067,nan,nan,0,0,0,-0.067,nan,500,fresh
248934,0,0,0,0,0,0,7,0,0,4,19,1,7,0,nan,nan,nan,nan,1.167,nan,nan,1,1,1,1.167,nan,nan,nan,nan,nan,-0.067,nan,nan,0,0,0,-0.067,nan,500,fresh
250004,0,0,0,0,0,0,6,0,0,4,19,1,7,0,nan,nan,nan,nan,1,nan,nan,1,1,1,1.167,nan,nan,nan,nan,nan,0,nan,nan,0,0,0,-0.067,nan,500,fresh
251073,0,0,0,0,0,0,7,0,0,4,19,1,7,0,nan,nan,nan,nan,1.167,nan,nan,1,1,1,1.167,nan,nan,nan,nan,nan,-0.067,nan,nan,0,0,0,-0.067,nan,500,fresh
252142,0,0,0,0,0,0,7,0,0,4,19,1,7,0,nan,nan,nan,nan,1.167,nan,nan,1,1,1,1.167,nan,nan,nan,nan,nan,-0.067,nan,nan,0,0,0,-0.067,nan,500,fresh
253212,0,0,0,0,0,0,7,0,0,4,19,1,7,0,nan,nan,nan,nan,1.167,nan,nan,1,1,1,1.167,nan,nan,nan,nan,nan,-0.067,nan,nan,0,0,0,-0.067,nan,500,fresh
254280,0,0,0,0,0,0,7,0,0,4,19,1,6,0,nan,nan,nan,nan,1.167,nan,nan,1,1,1,1,nan,nan,nan,nan,nan,-0.067,nan,nan,0,0,0,0,nan,500,fresh
255350,0,0,0,0,0,0,7,0,0,4,19,1,7,0,nan,nan,nan,nan,1.167,nan,nan,1,1,1,1.167,nan,nan,nan,nan,nan,-0.067,nan,nan,0,0,0,-0.067,nan,500,fresh
256419,0,0,0,0,0,0,7,0,0,4,19,1,7,0,nan,nan,nan,nan,1.167,nan,nan,1,1,1,1.167,nan,nan,nan,nan,nan,-0.067,nan,nan,0,0,0,-0.067,nan,500,fresh
257489,0,0,0,0,0,0,7,0,0,4,19,1,7,0,nan,nan,nan,nan,1.167,nan,nan,1,1,1,1.167,nan,nan,nan,nan,nan,-0.067,nan,nan,0,0,0,-0.067,nan,500,fresh
258559,0,0,0,0,0,0,7,0,0,4,19,1,7,0,nan,nan,nan,nan,1.167,nan,nan,1,1,1,1.167,nan,nan,nan,nan,nan,-0.067,nan,nan,0,0,0,-0.067,nan,500,fresh
259627,0,0,0,0,0,0,7,0,0,4,19,1,7,0,nan,nan,nan,nan,1.167,nan,nan,1,1,1,1.167,nan,nan,nan,nan,nan,-0.067,nan,nan,0,0,0,-0.067,nan,500,fresh
260695,0,0,0,0,0,0,7,0,0,4,19,1,7,0,nan,nan,nan,nan,1.167,nan,nan,1,1,1,1.167,nan,nan,nan,nan,nan,-0.067,nan,nan,0,0,0,-0.067,nan,500,fresh
261765,0,0,0,0,0,0,7,0,0,4,19,1,7,0,nan,nan,nan,nan,1.167,nan,nan,1,1,1,1.167,nan,nan,nan,nan,nan,-0.067,nan,nan,0,0,0,-0.067,nan,500,fresh
262834,0,0,0,0,0,0,7,0,0,4,19,1,7,0,nan,nan,nan,nan,1.167,nan,nan,1,1,1,1.167,nan,nan,nan,nan,nan,-0.067,nan,nan,0,0,0,-0.067,nan,500,fresh
263904,0,0,0,0,0,0,7,0,0,4,19,1,7,0,nan,nan,nan,nan,1.167,nan,nan,1,1,1,1.167,nan,nan,nan,nan,nan,-0.067,nan,nan,0,0,0,-0.067,nan,500,fresh
264974,0,0,0,0,0,0,6,0,0,4,19,1,6,0,nan,nan,nan,nan,1,nan,nan,1,1,1,1,nan,nan,nan,nan,nan,0,nan,nan,0,0,0,0,nan,500,fresh
266042,0,0,0,0,0,0,7,0,0,4,19,1,7,0,nan,nan,nan,nan,1.167,nan,nan,1,1,1,1.167,nan,nan,nan,nan,nan,-0.067,nan,nan,0,0,0,-0.067,nan,500,fresh
267111,0,0,0,0,0,0,7,0,0,4,19,1,7,0,nan,nan,nan,nan,1.167,nan,nan,1,1,1,1.167,nan,nan,nan,nan,nan,-0.067,nan,nan,0,0,0,-0.067,nan,500,fresh
268181,0,0,0,0,0,0,7,0,0,4,19,1,7,0,nan,nan,nan,nan,1.167,nan,nan,1,1,1,1.167,nan,nan,nan,nan,nan,-0.067,nan,nan,0,0,0,-0.067,nan,500,fresh
269251,0,0,0,0,0,0,7,0,0,4,19,1,7,0,nan,nan,nan,nan,1.167,nan,nan,1,1,1,1.167,nan,nan,nan,nan,nan,-0.067,nan,nan,0,0,0,-0.067,nan,500,fresh
270321,0,0,0,0,0,0,6,0,0,4,19,1,7,0,nan,nan,nan,nan,1,nan,nan,1,1,1,1.167,nan,nan,nan,nan,nan,0,nan,nan,0,0,0,-0.067,nan,500,fresh
271390,0,0,0,0,0,0,7,0,0,4,19,1,7,0,nan,nan,nan,nan,1.167,nan,nan,1,1,1,1.167,nan,nan,nan,nan,nan,-0.067,nan,nan,0,0,0,-0.067,nan,500,fresh
272459,0,0,0,0,0,0,7,0,0,4,19,1,6,0,nan,nan,nan,nan,1.167,nan,nan,1,1,1,1,nan,nan,nan,nan,nan,-0.067,nan,nan,0,0,0,0,nan,500,fresh
273528,0,0,0,0,0,0,7,0,0,4,19,1,6,0,nan,nan,nan,nan,1.167,nan,nan,1,1,1,1,nan,nan,nan,nan,nan,-0.067,nan,nan,0,0,0,0,nan,500,fresh
274597,0,0,0,0,0,0,7,0,0,4,19,1,7,0,nan,nan,nan,nan,1.167,nan,nan,1,1,1,1.167,nan,nan,nan,nan,nan,-0.067,nan,nan,0,0,0,-0.067,nan,500,fresh
275667,0,0,0,0,0,0,7,0,0,4,19,1,7,0,nan,nan,nan,nan,1.167,nan,nan,1,1,1,1.167,nan,nan,nan,nan,nan,-0.067,nan,nan,0,0,0,-0.067,nan,500,fresh
276737,0,0,0,0,0,0,6,0,0,4,19,1,7,0,nan,nan,nan,nan,1,nan,nan,1,1,1,1.167,nan,nan,nan,nan,nan,0,nan,nan,0,0,0,-0.067,nan,500,fresh
277806,0,0,0,0,0,0,7,0,0,4,19,1,7,0,nan,nan,nan,nan,1.167,nan,nan,1,1,1,1.167,nan,nan,nan,nan,nan,-0.067,nan,nan,0,0,0,-0.067,nan,500,fresh
278875,0,0,0,0,0,0,6,0,0,4,19,1,6,0,nan,nan,nan,nan,1,nan,nan,1,1,1,1,nan,nan,nan,nan,nan,0,nan,nan,0,0,0,0,nan,500,fresh
279945,0,0,0,0,0,0,7,0,0,4,19,1,7,0,nan,nan,nan,nan,1.167,nan,nan,1,1,1,1.167,nan,nan,nan,nan,nan,-0.067,nan,nan,0,0,0,-0.067,nan,500,fresh
281015,0,0,0,0,0,0,6,0,0,4,19,1,7,0,nan,nan,nan,nan,1,nan,nan,1,1,1,1.167,nan,nan,nan,nan,nan,0,nan,nan,0,0,0,-0.067,nan,500,fresh
282084,0,0,0,0,0,0,7,0,0,4,19,1,7,0,nan,nan,nan,nan,1.167,nan,nan,1,1,1,1.167,nan,nan,nan,nan,nan,-0.067,nan,nan,0,0,0,-0.067,nan,500,fresh
283153,0,0,0,0,0,0,7,0,0,4,19,1,7,0,nan,nan,nan,nan,1.167,nan,nan,1,1,1,1.167,nan,nan,nan,nan,nan,-0.067,nan,nan,0,0,0,-0.067,nan,500,fresh
284222,0,0,0,0,0,0,6,0,0,4,19,1,7,0,nan,nan,nan,nan,1,nan,nan,1,1,1,1.167,nan,nan,nan,nan,nan,0,nan,nan,0,0,0,-0.067,nan,500,fresh
285292,0,0,0,0,0,0,7,0,0,4,19,1,7,0,nan,nan,nan,nan,1.167,nan,nan,1,1,1,1.167,nan,nan,nan,nan,nan,-0.067,nan,nan,0,0,0,-0.067,nan,500,fresh
286361,0,0,0,0,0,0,7,0,0,4,19,1,7,0,nan,nan,nan,nan,1.167,nan,nan,1,1,1,1.167,nan,nan,nan,nan,nan,-0.067,nan,nan,0,0,0,-0.067,nan,500,fresh
287430,0,0,0,0,0,0,7,0,0,4,19,1,7,0,nan,nan,nan,nan,1.167,nan,nan,1,1,1,1.167,nan,nan,nan,nan,nan,-0.067,nan,nan,0,0,0,-0.067,nan,500,fresh
288499,0,0,0,0,0,0,6,0,0,4,19,1,7,0,nan,nan,nan,nan,1,nan,nan,1,1,1,1.167,nan,nan,nan,nan,nan,0,nan,nan,0,0,0,-0.067,nan,500,fresh
289569,0,0,0,0,0,0,7,0,0,4,19,1,7,0,nan,nan,nan,nan,1.167,nan,nan,1,1,1,1.167,nan,nan,nan,nan,nan,-0.067,nan,nan,0,0,0,-0.067,nan,500,fresh
290639,0,0,0,0,0,0,7,0,0,4,19,1,7,0,nan,nan,nan,nan,1.167,nan,nan,1,1,1,1.167,nan,nan,nan,nan,nan,-0.067,nan,nan,0,0,0,-0.067,nan,500,fresh
291709,0,0,0,0,0,0,6,0,0,4,19,1,7,0,nan,nan,nan,nan,1,nan,nan,1,1,1,1.167,nan,nan,nan,nan,nan,0,nan,nan,0,0,0,-0.067,nan,500,fresh
292779,0,0,0,0,0,0,7,0,0,4,19,1,7,0,nan,nan,nan,nan,1.167,nan,nan,1,1,1,1.167,nan,nan,nan,nan,nan,-0.067,nan,nan,0,0,0,-0.067,nan,500,fresh
293848,0,0,0,0,0,0,7,0,0,4,19,1,7,0,nan,nan,nan,nan,1.167,nan,nan,1,1,1,1.167,nan,nan,nan,nan,nan,-0.067,nan,nan,0,0,0,-0.067,nan,500,fresh
294918,0,0,0,0,0,0,7,0,0,4,19,1,7,0,nan,nan,nan,nan,1.167,nan,nan,1,1,1,1.167,nan,nan,nan,nan,nan,-0.067,nan,nan,0,0,0,-0.067,nan,500,fresh
295987,0,0,0,0,0,0,6,0,0,4,19,1,7,0,nan,nan,nan,nan,1,nan,nan,1,1,1,1.167,nan,nan,nan,nan,nan,0,nan,nan,0,0,0,-0.067,nan,500,fresh
297057,0,0,0,0,0,0,7,0,0,4,19,1,6,0,nan,nan,nan,nan,1.167,nan,nan,1,1,1,1,nan,nan,nan,nan,nan,-0.067,nan,nan,0,0,0,0,nan,500,fresh
298126,0,0,0,0,0,0,7,0,0,4,19,1,6,0,nan,nan,nan,nan,1.167,nan,nan,1,1,1,1,nan,nan,nan,nan,nan,-0.067,nan,nan,0,0,0,0,nan,500,fresh
299195,0,0,0,0,0,0,7,0,0,4,19,1,7,0,nan,nan,nan,nan,1.167,nan,nan,1,1,1,1.167,nan,nan,nan,nan,nan,-0.067,nan,nan,0,0,0,-0.067,nan,500,fresh
300265,0,0,0,0,0,0,7,0,0,4,19,1,6,0,nan,nan,nan,nan,1.167,nan,nan,1,1,1,1,nan,nan,nan,nan,nan,-0.067,nan,nan,0,0,0,0,nan,500,fresh
301335,0,0,0,0,0,0,7,0,0,4,19,1,7,0,nan,nan,nan,nan,1.167,nan,nan,1,1,1,1.167,nan,nan,nan,nan,nan,-0.067,nan,nan,0,0,0,-0.067,nan,500,fresh
302405,0,0,0,0,0,0,7,0,0,4,19,1,7,0,nan,nan,nan,nan,1.167,nan,nan,1,1,1,1.167,nan,nan,nan,nan,nan,-0.067,nan,nan,0,0,0,-0.067,nan,500,fresh
303475,0,0,0,0,0,0,7,0,0,4,19,1,7,0,nan,nan,nan,nan,1.167,nan,nan,1,1,1,1.167,nan,nan,nan,nan,nan,-0.067,nan,nan,0,0,0,-0.067,nan,500,fresh
304544,0,0,0,0,0,0,6,0,0,4,19,1,7,0,nan,nan,nan,nan,1,nan,nan,1,1,1,1.167,nan,nan,nan,nan,nan,0,nan,nan,0,0,0,-0.067,nan,500,fresh
305613,0,0,0,0,0,0,6,0,0,4,19,1,7,0,nan,nan,nan,nan,1,nan,nan,1,1,1,1.167,nan,nan,nan,nan,nan,0,nan,nan,0,0,0,-0.067,nan,500,fresh
306683,0,0,0,0,0,0,7,0,0,4,19,1,7,0,nan,nan,nan,nan,1.167,nan,nan,1,1,1,1.167,nan,nan,nan,nan,nan,-0.067,nan,nan,0,0,0,-0.067,nan,500,fresh
307752,0,0,0,0,0,0,7,0,0,3,19,1,7,0,nan,nan,nan,nan,1.167,nan,nan,0.75,1,1,1.167,nan,nan,nan,nan,nan,-0.067,nan,nan,0.125,0,0,-0.067,nan,500,fresh
308821,0,0,0,0,0,0,7,0,0,4,19,1,7,0,nan,nan,nan,nan,1.167,nan,nan,1,1,1,1.167,nan,nan,nan,nan,nan,-0.067,nan,nan,0,0,0,-0.067,nan,500,fresh
309891,0,0,0,0,0,0,7,0,0,4,19,1,6,0,nan,nan,nan,nan,1.167,nan,nan,1,1,1,1,nan,nan,nan,nan,nan,-0.067,nan,nan,0,0,0,0,nan,500,fresh
310960,0,0,0,0,0,0,7,0,0,4,19,1,7,0,nan,nan,nan,nan,1.167,nan,nan,1,1,1,1.167,nan,nan,nan,nan,nan,-0.067,nan,nan,0,0,0,-0.067,nan,500,fresh
312029,0,0,0,0,0,0,7,0,0,4,19,1,6,0,nan,nan,nan,nan,1.167,nan,nan,1,1,1,1,nan,nan,nan,nan,nan,-0.067,nan,nan,0,0,0,0,nan,500,fresh
313098,0,0,0,0,0,0,7,0,0,4,19,1,7,0,nan,nan,nan,nan,1.167,nan,nan,1,1,1,1.167,nan,nan,nan,nan,nan,-0.067,nan,nan,0,0,0,-0.067,nan,500,fresh
323795,0,0,0,0,0,0,7,0,0,4,19,1,7,0,nan,nan,nan,nan,1.167,nan,nan,1,1,1,1.167,nan,nan,nan,nan,nan,-0.067,nan,nan,0,0,0,-0.067,nan,500,fresh
324865,0,0,0,0,0,0,7,0,0,4,19,1,7,0,nan,nan,nan,nan,1.167,nan,nan,1,1,1,1.167,nan,nan,nan,nan,nan,-0.067,nan,nan,0,0,0,-0.067,nan,500,fresh
325934,0,0,0,0,0,0,7,0,0,4,19,1,7,0,nan,nan,nan,nan,1.167,nan,nan,1,1,1,1.167,nan,nan,nan,nan,nan,-0.067,nan,nan,0,0,0,-0.067,nan,500,fresh
327004,0,0,0,0,0,0,7,0,0,4,19,1,7,0,nan,nan,nan,nan,1.167,nan,nan,1,1,1,1.167,nan,nan,nan,nan,nan,-0.067,nan,nan,0,0,0,-0.067,nan,500,fresh
347322,0,0,0,0,0,0,7,0,0,4,20,1,7,0,nan,nan,nan,nan,1.167,nan,nan,1,1.053,1,1.167,nan,nan,nan,nan,nan,-0.067,nan,nan,0,-0.022,0,-0.067,nan,500,fresh
348392,0,0,0,0,0,0,7,0,0,4,20,1,7,0,nan,nan,nan,nan,1.167,nan,nan,1,1.053,1,1.167,nan,nan,nan,nan,nan,-0.067,nan,nan,0,-0.022,0,-0.067,nan,500,fresh
349461,0,0,0,0,0,0,7,0,0,4,19,1,7,0,nan,nan,nan,nan,1.167,nan,nan,1,1,1,1.167,nan,nan,nan,nan,nan,-0.067,nan,nan,0,0,0,-0.067,nan,500,fresh
350530,0,0,0,0,0,0,7,0,0,4,20,1,7,0,nan,nan,nan,nan,1.167,nan,nan,1,1.053,1,1.167,nan,nan,nan,nan,nan,-0.067,nan,nan,0,-0.022,0,-0.067,nan,500,fresh
351600,0,0,0,0,0,0,7,0,0,4,20,1,7,0,nan,nan,nan,nan,1.167,nan,nan,1,1.053,1,1.167,nan,nan,nan,nan,nan,-0.067,nan,nan,0,-0.022,0,-0.067,nan,500,fresh
352669,0,0,0,0,0,0,7,0,0,4,20,1,7,0,nan,nan,nan,nan,1.167,nan,nan,1,1.053,1,1.167,nan,nan,nan,nan,nan,-0.067,nan,nan,0,-0.022,0,-0.067,nan,500,fresh
353738,0,0,0,0,0,0,7,0,0,4,20,1,7,0,nan,nan,nan,nan,1.167,nan,nan,1,1.053,1,1.167,nan,nan,nan,nan,nan,-0.067,nan,nan,0,-0.022,0,-0.067,nan,500,fresh
354807,0,0,0,0,0,0,7,0,0,4,20,1,7,0,nan,nan,nan,nan,1.167,nan,nan,1,1.053,1,1.167,nan,nan,nan,nan,nan,-0.067,nan,nan,0,-0.022,0,-0.067,nan,500,fresh
355876,0,0,0,0,0,0,7,0,0,4,20,1,7,0,nan,nan,nan,nan,1.167,nan,nan,1,1.053,1,1.167,nan,nan,nan,nan,nan,-0.067,nan,nan,0,-0.022,0,-0.067,nan,500,fresh
356945,0,0,0,0,0,0,7,0,0,4,20,1,7,0,nan,nan,nan,nan,1.167,nan,nan,1,1.053,1,1.167,nan,nan,nan,nan,nan,-0.067,nan,nan,0,-0.022,0,-0.067,nan,500,fresh
358014,0,0,0,0,0,0,7,0,0,4,20,1,7,0,nan,nan,nan,nan,1.167,nan,nan,1,1.053,1,1.167,nan,nan,nan,nan,nan,-0.067,nan,nan,0,-0.022,0,-0.067,nan,500,fresh
359084,0,0,0,0,0,0,7,0,0,4,20,1,7,0,nan,nan,nan,nan,1.167,nan,nan,1,1.053,1,1.167,nan,nan,nan,nan,nan,-0.067,nan,nan,0,-0.022,0,-0.067,nan,500,fresh
360154,0,0,0,0,0,0,7,0,0,4,20,1,7,0,nan,nan,nan,nan,1.167,nan,nan,1,1.053,1,1.167,nan,nan,nan,nan,nan,-0.067,nan,nan,0,-0.022,0,-0.067,nan,500,fresh
361224,0,0,0,0,0,0,7,0,0,4,20,1,7,0,nan,nan,nan,nan,1.167,nan,nan,1,1.053,1,1.167,nan,nan,nan,nan,nan,-0.067,nan,nan,0,-0.022,0,-0.067,nan,500,fresh
362294,0,0,0,0,0,0,7,0,0,4,19,1,7,0,nan,nan,nan,nan,1.167,nan,nan,1,1,1,1.167,nan,nan,nan,nan,nan,-0.067,nan,nan,0,0,0,-0.067,nan,500,fresh
363364,0,0,0,0,0,0,7,0,0,4,20,1,7,0,nan,nan,nan,nan,1.167,nan,nan,1,1.053,1,1.167,nan,nan,nan,nan,nan,-0.067,nan,nan,0,-0.022,0,-0.067,nan,500,fresh
364434,0,0,0,0,0,0,7,0,0,4,20,1,7,0,nan,nan,nan,nan,1.167,nan,nan,1,1.053,1,1.167,nan,nan,nan,nan,nan,-0.067,nan,nan,0,-0.022,0,-0.067,nan,500,fresh
365504,0,0,0,0,0,0,7,0,0,4,20,1,7,0,nan,nan,nan,nan,1.167,nan,nan,1,1.053,1,1.167,nan,nan,nan,nan,nan,-0.067,nan,nan,0,-0.022,0,-0.067,nan,500,fresh
366574,0,0,0,0,0,0,7,0,0,4,20,1,7,0,nan,nan,nan,nan,1.167,nan,nan,1,1.053,1,1.167,nan,nan,nan,nan,nan,-0.067,nan,nan,0,-0.022,0,-0.067,nan,500,fresh
367643,0,0,0,0,0,0,7,0,0,4,20,1,7,0,nan,nan,nan,nan,1.167,nan,nan,1,1.053,1,1.167,nan,nan,nan,nan,nan,-0.067,nan,nan,0,-0.022,0,-0.067,nan,500,fresh
368713,0,0,0,0,0,0,7,0,0,4,20,1,7,0,nan,nan,nan,nan,1.167,nan,nan,1,1.053,1,1.167,nan,nan,nan,nan,nan,-0.067,nan,nan,0,-0.022,0,-0.067,nan,500,fresh
369783,0,0,0,0,0,0,7,0,0,4,20,1,7,0,nan,nan,nan,nan,1.167,nan,nan,1,1.053,1,1.167,nan,nan,nan,nan,nan,-0.067,nan,nan,0,-0.022,0,-0.067,nan,500,fresh
370852,0,0,0,0,0,0,7,0,0,4,20,1,7,0,nan,nan,nan,nan,1.167,nan,nan,1,1.053,1,1.167,nan,nan,nan,nan,nan,-0.067,nan,nan,0,-0.022,0,-0.067,nan,500,fresh
371922,0,0,0,0,0,0,7,0,0,4,20,1,7,0,nan,nan,nan,nan,1.167,nan,nan,1,1.053,1,1.167,nan,nan,nan,nan,nan,-0.067,nan,nan,0,-0.022,0,-0.067,nan,500,fresh
372991,0,0,0,0,0,0,7,0,0,4,20,1,7,0,nan,nan,nan,nan,1.167,nan,nan,1,1.053,1,1.167,nan,nan,nan,nan,nan,-0.067,nan,nan,0,-0.022,0,-0.067,nan,500,fresh
374059,0,0,0,0,0,0,7,0,0,4,19,1,7,0,nan,nan,nan,nan,1.167,nan,nan,1,1,1,1.167,nan,nan,nan,nan,nan,-0.067,nan,nan,0,0,0,-0.067,nan,500,fresh
375127,0,0,0,0,0,0,7,0,0,4,20,1,7,0,nan,nan,nan,nan,1.167,nan,nan,1,1.053,1,1.167,nan,nan,nan,nan,nan,-0.067,nan,nan,0,-0.022,0,-0.067,nan,500,fresh
376197,0,0,0,0,0,0,7,0,0,4,20,1,7,0,nan,nan,nan,nan,1.167,nan,nan,1,1.053,1,1.167,nan,nan,nan,nan,nan,-0.067,nan,nan,0,-0.022,0,-0.067,nan,500,fresh
377265,0,0,0,0,0,0,7,0,0,4,19,1,7,0,nan,nan,nan,nan,1.167,nan,nan,1,1,1,1.167,nan,nan,nan,nan,nan,-0.067,nan,nan,0,0,0,-0.067,nan,500,fresh
378333,0,0,0,0,0,0,7,0,0,4,20,1,7,0,nan,nan,nan,nan,1.167,nan,nan,1,1.053,1,1.167,nan,nan,nan,nan,nan,-0.067,nan,nan,0,-0.022,0,-0.067,nan,500,fresh
379403,0,0,0,0,0,0,7,0,0,4,20,1,7,0,nan,nan,nan,nan,1.167,nan,nan,1,1.053,1,1.167,nan,nan,nan,nan,nan,-0.067,nan,nan,0,-0.022,0,-0.067,nan,500,fresh
380473,0,0,0,0,0,0,7,0,0,4,20,1,7,0,nan,nan,nan,nan,1.167,nan,nan,1,1.053,1,1.167,nan,nan,nan,nan,nan,-0.067,nan,nan,0,-0.022,0,-0.067,nan,500,fresh
381542,0,0,0,0,0,0,7,0,0,4,20,1,7,0,nan,nan,nan,nan,1.167,nan,nan,1,1.053,1,1.167,nan,nan,nan,nan,nan,-0.067,nan,nan,0,-0.022,0,-0.067,nan,500,fresh
382612,0,0,0,0,0,0,7,0,0,4,20,1,7,0,nan,nan,nan,nan,1.167,nan,nan,1,1.053,1,1.167,nan,nan,nan,nan,nan,-0.067,nan,nan,0,-0.022,0,-0.067,nan,500,fresh
383681,0,0,0,0,0,0,7,0,0,4,19,1,7,0,nan,nan,nan,nan,1.167,nan,nan,1,1,1,1.167,nan,nan,nan,nan,nan,-0.067,nan,nan,0,0,0,-0.067,nan,500,fresh
384750,0,0,0,0,0,0,7,0,0,4,20,1,7,0,nan,nan,nan,nan,1.167,nan,nan,1,1.053,1,1.167,nan,nan,nan,nan,nan,-0.067,nan,nan,0,-0.022,0,-0.067,nan,500,fresh
385819,0,0,0,0,0,0,7,0,0,4,20,1,7,0,nan,nan,nan,nan,1.167,nan,nan,1,1.053,1,1.167,nan,nan,nan,nan,nan,-0.067,nan,nan,0,-0.022,0,-0.067,nan,500,fresh
386889,0,0,0,0,0,0,6,0,0,4,19,1,7,0,nan,nan,nan,nan,1,nan,nan,1,1,1,1.167,nan,nan,nan,nan,nan,0,nan,nan,0,0,0,-0.067,nan,500,fresh
387957,0,0,0,0,0,0,7,0,0,4,20,1,7,0,nan,nan,nan,nan,1.167,nan,nan,1,1.053,1,1.167,nan,nan,nan,nan,nan,-0.067,nan,nan,0,-0.022,0,-0.067,nan,500,fresh
389027,0,0,0,0,0,0,7,0,0,4,20,1,7,0,nan,nan,nan,nan,1.167,nan,nan,1,1.053,1,1.167,nan,nan,nan,nan,nan,-0.067,nan,nan,0,-0.022,0,-0.067,nan,500,fresh
390096,0,0,0,0,0,0,7,0,0,4,20,1,7,0,nan,nan,nan,nan,1.167,nan,nan,1,1.053,1,1.167,nan,nan,nan,nan,nan,-0.067,nan,nan,0,-0.022,0,-0.067,nan,500,fresh
391165,0,0,0,0,0,0,7,0,0,4,20,1,7,0,nan,nan,nan,nan,1.167,nan,nan,1,1.053,1,1.167,nan,nan,nan,nan,nan,-0.067,nan,nan,0,-0.022,0,-0.067,nan,500,fresh
392235,0,0,0,0,0,0,7,0,0,4,19,1,7,0,nan,nan,nan,nan,1.167,nan,nan,1,1,1,1.167,nan,nan,nan,nan,nan,-0.067,nan,nan,0,0,0,-0.067,nan,500,fresh
393304,0,0,0,0,0,0,7,0,0,4,19,1,7,0,nan,nan,nan,nan,1.167,nan,nan,1,1,1,1.167,nan,nan,nan,nan,nan,-0.067,nan,nan,0,0,0,-0.067,nan,500,fresh
394373,0,0,0,0,0,0,7,0,0,4,19,1,7,0,nan,nan,nan,nan,1.167,nan,nan,1,1,1,1.167,nan,nan,nan,nan,nan,-0.067,nan,nan,0,0,0,-0.067,nan,500,fresh
395443,0,0,0,0,0,0,7,0,0,4,19,1,7,0,nan,nan,nan,nan,1.167,nan,nan,1,1,1,1.167,nan,nan,nan,nan,nan,-0.067,nan,nan,0,0,0,-0.067,nan,500,fresh
396513,0,0,0,0,0,0,7,0,0,4,19,1,7,0,nan,nan,nan,nan,1.167,nan,nan,1,1,1,1.167,nan,nan,nan,nan,nan,-0.067,nan,nan,0,0,0,-0.067,nan,500,fresh
397582,0,0,0,0,0,0,7,0,0,4,20,1,7,0,nan,nan,nan,nan,1.167,nan,nan,1,1.053,1,1.167,nan,nan,nan,nan,nan,-0.067,nan,nan,0,-0.022,0,-0.067,nan,500,fresh
398651,0,0,0,0,0,0,7,0,0,4,19,1,7,0,nan,nan,nan,nan,1.167,nan,nan,1,1,1,1.167,nan,nan,nan,nan,nan,-0.067,nan,nan,0,0,0,-0.067,nan,500,fresh
399720,0,0,0,0,0,0,7,0,0,4,20,1,7,0,nan,nan,nan,nan,1.167,nan,nan,1,1.053,1,1.167,nan,nan,nan,nan,nan,-0.067,nan,nan,0,-0.022,0,-0.067,nan,500,fresh
400789,0,0,0,0,0,0,7,0,0,4,20,1,7,0,nan,nan,nan,nan,1.167,nan,nan,1,1.053,1,1.167,nan,nan,nan,nan,nan,-0.067,nan,nan,0,-0.022,0,-0.067,nan,500,fresh
401859,0,0,0,0,0,0,7,0,0,4,19,1,7,0,nan,nan,nan,nan,1.167,nan,nan,1,1,1,1.167,nan,nan,nan,nan,nan,-0.067,nan,nan,0,0,0,-0.067,nan,500,fresh
402928,0,0,0,0,0,0,7,0,0,4,20,1,7,0,nan,nan,nan,nan,1.167,nan,nan,1,1.053,1,1.167,nan,nan,nan,nan,nan,-0.067,nan,nan,0,-0.022,0,-0.067,nan,500,fresh
403997,0,0,0,0,0,0,7,0,0,4,19,1,7,0,nan,nan,nan,nan,1.167,nan,nan,1,1,1,1.167,nan,nan,nan,nan,nan,-0.067,nan,nan,0,0,0,-0.067,nan,500,fresh
405067,0,0,0,0,0,0,7,0,0,4,19,1,7,0,nan,nan,nan,nan,1.167,nan,nan,1,1,1,1.167,nan,nan,nan,nan,nan,-0.067,nan,nan,0,0,0,-0.067,nan,500,fresh
406136,0,0,0,0,0,0,6,0,0,4,19,1,7,0,nan,nan,nan,nan,1,nan,nan,1,1,1,1.167,nan,nan,nan,nan,nan,0,nan,nan,0,0,0,-0.067,nan,500,fresh
407206,0,0,0,0,0,0,7,0,0,4,19,1,7,0,nan,nan,nan,nan,1.167,nan,nan,1,1,1,1.167,nan,nan,nan,nan,nan,-0.067,nan,nan,0,0,0,-0.067,nan,500,fresh
408276,0,0,0,0,0,0,7,0,0,4,19,1,7,0,nan,nan,nan,nan,1.167,nan,nan,1,1,1,1.167,nan,nan,nan,nan,nan,-0.067,nan,nan,0,0,0,-0.067,nan,500,fresh
409345,0,0,0,0,0,0,7,0,0,4,19,1,7,0,nan,nan,nan,nan,1.167,nan,nan,1,1,1,1.167,nan,nan,nan,nan,nan,-0.067,nan,nan,0,0,0,-0.067,nan,500,fresh
410415,0,0,0,0,0,0,7,0,0,4,19,1,7,0,nan,nan,nan,nan,1.167,nan,nan,1,1,1,1.167,nan,nan,nan,nan,nan,-0.067,nan,nan,0,0,0,-0.067,nan,500,fresh
411485,0,0,0,0,0,0,7,0,0,4,19,1,7,0,nan,nan,nan,nan,1.167,nan,nan,1,1,1,1.167,nan,nan,nan,nan,nan,-0.067,nan,nan,0,0,0,-0.067,nan,500,fresh
412555,0,0,0,0,0,0,7,0,0,4,19,1,7,0,nan,nan,nan,nan,1.167,nan,nan,1,1,1,1.167,nan,nan,nan,nan,nan,-0.067,nan,nan,0,0,0,-0.067,nan,500,fresh
413625,0,0,0,0,0,0,7,0,0,4,19,1,7,0,nan,nan,nan,nan,1.167,nan,nan,1,1,1,1.167,nan,nan,nan,nan,nan,-0.067,nan,nan,0,0,0,-0.067,nan,500,fresh
414694,0,0,0,0,0,0,7,0,0,4,19,1,7,0,nan,nan,nan,nan,1.167,nan,nan,1,1,1,1.167,nan,nan,nan,nan,nan,-0.067,nan,nan,0,0,0,-0.067,nan,500,fresh
415763,0,0,0,0,0,0,7,0,0,4,19,1,7,0,nan,nan,nan,nan,1.167,nan,nan,1,1,1,1.167,nan,nan,nan,nan,nan,-0.067,nan,nan,0,0,0,-0.067,nan,500,fresh
416832,0,0,0,0,0,0,7,0,0,4,19,1,7,0,nan,nan,nan,nan,1.167,nan,nan,1,1,1,1.167,nan,nan,nan,nan,nan,-0.067,nan,nan,0,0,0,-0.067,nan,500,fresh
417901,0,0,0,0,0,0,7,0,0,4,19,1,7,0,nan,nan,nan,nan,1.167,nan,nan,1,1,1,1.167,nan,nan,nan,nan,nan,-0.067,nan,nan,0,0,0,-0.067,nan,500,fresh
418971,0,0,0,0,0,0,7,0,0,4,19,1,7,0,nan,nan,nan,nan,1.167,nan,nan,1,1,1,1.167,nan,nan,nan,nan,nan,-0.067,nan,nan,0,0,0,-0.067,nan,500,fresh
420041,0,0,0,0,0,0,7,0,0,4,19,1,7,0,nan,nan,nan,nan,1.167,nan,nan,1,1,1,1.167,nan,nan,nan,nan,nan,-0.067,nan,nan,0,0,0,-0.067,nan,500,fresh
421111,0,0,0,0,0,0,7,0,0,4,19,1,7,0,nan,nan,nan,nan,1.167,nan,nan,1,1,1,1.167,nan,nan,nan,nan,nan,-0.067,nan,nan,0,0,0,-0.067,nan,500,fresh
422181,0,0,0,0,0,0,7,0,0,4,20,1,7,0,nan,nan,nan,nan,1.167,nan,nan,1,1.053,1,1.167,nan,nan,nan,nan,nan,-0.067,nan,nan,0,-0.022,0,-0.067,nan,500,fresh
423250,0,0,0,0,0,0,7,0,0,4,19,1,7,0,nan,nan,nan,nan,1.167,nan,nan,1,1,1,1.167,nan,nan,nan,nan,nan,-0.067,nan,nan,0,0,0,-0.067,nan,500,fresh
424319,0,0,0,0,0,0,7,0,0,4,19,1,7,0,nan,nan,nan,nan,1.167,nan,nan,1,1,1,1.167,nan,nan,nan,nan,nan,-0.067,nan,nan,0,0,0,-0.067,nan,500,fresh
425389,0,0,0,0,0,0,7,0,0,4,19,1,7,0,nan,nan,nan,nan,1.167,nan,nan,1,1,1,1.167,nan,nan,nan,nan,nan,-0.067,nan,nan,0,0,0,-0.067,nan,500,fresh
426457,0,0,0,0,0,0,7,0,0,4,20,1,7,0,nan,nan,nan,nan,1.167,nan,nan,1,1.053,1,1.167,nan,nan,nan,nan,nan,-0.067,nan,nan,0,-0.022,0,-0.067,nan,500,fresh
427527,0,0,0,0,0,0,7,0,0,4,19,1,7,0,nan,nan,nan,nan,1.167,nan,nan,1,1,1,1.167,nan,nan,nan,nan,nan,-0.067,nan,nan,0,0,0,-0.067,nan,500,fresh
428597,0,0,0,0,0,0,7,0,0,4,19,1,7,0,nan,nan,nan,nan,1.167,nan,nan,1,1,1,1.167,nan,nan,nan,nan,nan,-0.067,nan,nan,0,0,0,-0.067,nan,500,fresh
429666,0,0,0,0,0,0,7,0,0,4,19,1,7,0,nan,nan,nan,nan,1.167,nan,nan,1,1,1,1.167,nan,nan,nan,nan,nan,-0.067,nan,nan,0,0,0,-0.067,nan,500,fresh
430736,0,0,0,0,0,0,7,0,0,4,19,1,7,0,nan,nan,nan,nan,1.167,nan,nan,1,1,1,1.167,nan,nan,nan,nan,nan,-0.067,nan,nan,0,0,0,-0.067,nan,500,fresh
431806,0,0,0,0,0,0,7,0,0,4,19,1,7,0,nan,nan,nan,nan,1.167,nan,nan,1,1,1,1.167,nan,nan,nan,nan,nan,-0.067,nan,nan,0,0,0,-0.067,nan,500,fresh
432875,0,0,0,0,0,0,7,0,0,4,19,1,7,0,nan,nan,nan,nan,1.167,nan,nan,1,1,1,1.167,nan,nan,nan,nan,nan,-0.067,nan,nan,0,0,0,-0.067,nan,500,fresh
433945,0,0,0,0,0,0,7,0,0,4,19,1,7,0,nan,nan,nan,nan,1.167,nan,nan,1,1,1,1.167,nan,nan,nan,nan,nan,-0.067,nan,nan,0,0,0,-0.067,nan,500,fresh
435015,0,0,0,0,0,0,7,0,0,4,19,1,7,0,nan,nan,nan,nan,1.167,nan,nan,1,1,1,1.167,nan,nan,nan,nan,nan,-0.067,nan,nan,0,0,0,-0.067,nan,500,fresh
436085,0,0,0,0,0,0,7,0,0,4,19,1,7,0,nan,nan,nan,nan,1.167,nan,nan,1,1,1,1.167,nan,nan,nan,nan,nan,-0.067,nan,nan,0,0,0,-0.067,nan,500,fresh
437154,0,0,0,0,0,0,7,0,0,4,19,1,7,0,nan,nan,nan,nan,1.167,nan,nan,1,1,1,1.167,nan,nan,nan,nan,nan,-0.067,nan,nan,0,0,0,-0.067,nan,500,fresh
438224,0,0,0,0,0,0,7,0,0,4,19,1,7,0,nan,nan,nan,nan,1.167,nan,nan,1,1,1,1.167,nan,nan,nan,nan,nan,-0.067,nan,nan,0,0,0,-0.067,nan,500,fresh
50008,0,0,0,0,0,0,7,0,0,4,19,1,7,0,nan,nan,nan,nan,1.167,nan,nan,1,1,1,1.167,nan,nan,nan,nan,nan,-0.067,nan,nan,0,0,0,-0.067,nan,500,fresh
51077,0,0,0,0,0,0,6,0,0,4,19,1,7,0,nan,nan,nan,nan,1,nan,nan,1,1,1,1.167,nan,nan,nan,nan,nan,0,nan,nan,0,0,0,-0.067,nan,500,fresh
52146,0,0,0,0,0,0,7,0,0,4,19,1,7,0,nan,nan,nan,nan,1.167,nan,nan,1,1,1,1.167,nan,nan,nan,nan,nan,-0.067,nan,nan,0,0,0,-0.067,nan,500,fresh
53216,0,0,0,0,0,0,7,0,0,4,19,1,6,0,nan,nan,nan,nan,1.167,nan,nan,1,1,1,1,nan,nan,nan,nan,nan,-0.067,nan,nan,0,0,0,0,nan,500,fresh
54285,0,0,0,0,0,0,7,0,0,4,19,1,7,0,nan,nan,nan,nan,1.167,nan,nan,1,1,1,1.167,nan,nan,nan,nan,nan,-0.067,nan,nan,0,0,0,-0.067,nan,500,fresh
55355,0,0,0,0,0,0,7,0,0,4,19,1,6,0,nan,nan,nan,nan,1.167,nan,nan,1,1,1,1,nan,nan,nan,nan,nan,-0.067,nan,nan,0,0,0,0,nan,500,fresh
56425,0,0,0,0,0,0,7,0,0,4,19,1,7,0,nan,nan,nan,nan,1.167,nan,nan,1,1,1,1.167,nan,nan,nan,nan,nan,-0.067,nan,nan,0,0,0,-0.067,nan,500,fresh
57495,0,0,0,0,0,0,7,0,0,4,19,1,7,0,nan,nan,nan,nan,1.167,nan,nan,1,1,1,1.167,nan,nan,nan,nan,nan,-0.067,nan,nan,0,0,0,-0.067,nan,500,fresh
58564,0,0,0,0,0,0,7,0,0,4,19,1,7,0,nan,nan,nan,nan,1.167,nan,nan,1,1,1,1.167,nan,nan,nan,nan,nan,-0.067,nan,nan,0,0,0,-0.067,nan,500,fresh
59634,0,0,0,0,0,0,7,0,0,4,19,1,7,0,nan,nan,nan,nan,1.167,nan,nan,1,1,1,1.167,nan,nan,nan,nan,nan,-0.067,nan,nan,0,0,0,-0.067,nan,500,fresh
60704,0,0,0,0,0,0,7,0,0,4,19,1,7,0,nan,nan,nan,nan,1.167,nan,nan,1,1,1,1.167,nan,nan,nan,nan,nan,-0.067,nan,nan,0,0,0,-0.067,nan,500,fresh
61774,0,0,0,0,0,0,7,0,0,4,19,1,7,0,nan,nan,nan,nan,1.167,nan,nan,1,1,1,1.167,nan,nan,nan,nan,nan,-0.067,nan,nan,0,0,0,-0.067,nan,500,fresh
62844,0,0,0,0,0,0,6,0,0,4,19,1,7,0,nan,nan,nan,nan,1,nan,nan,1,1,1,1.167,nan,nan,nan,nan,nan,0,nan,nan,0,0,0,-0.067,nan,500,fresh
63913,0,0,0,0,0,0,7,0,0,4,19,1,7,0,nan,nan,nan,nan,1.167,nan,nan,1,1,1,1.167,nan,nan,nan,nan,nan,-0.067,nan,nan,0,0,0,-0.067,nan,500,fresh
64983,0,0,0,0,0,0,7,0,0,4,19,1,7,0,nan,nan,nan,nan,1.167,nan,nan,1,1,1,1.167,nan,nan,nan,nan,nan,-0.067,nan,nan,0,0,0,-0.067,nan,500,fresh
66053,0,0,0,0,0,0,7,0,0,4,19,1,7,0,nan,nan,nan,nan,1.167,nan,nan,1,1,1,1.167,nan,nan,nan,nan,nan,-0.067,nan,nan,0,0,0,-0.067,nan,500,fresh
67123,0,0,0,0,0,0,7,0,0,4,19,1,7,0,nan,nan,nan,nan,1.167,nan,nan,1,1,1,1.167,nan,nan,nan,nan,nan,-0.067,nan,nan,0,0,0,-0.067,nan,500,fresh
68193,0,0,0,0,0,0,7,0,0,4,19,1,7,0,nan,nan,nan,nan,1.167,nan,nan,1,1,1,1.167,nan,nan,nan,nan,nan,-0.067,nan,nan,0,0,0,-0.067,nan,500,fresh
69263,0,0,0,0,0,0,7,0,0,4,19,1,7,0,nan,nan,nan,nan,1.167,nan,nan,1,1,1,1.167,nan,nan,nan,nan,nan,-0.067,nan,nan,0,0,0,-0.067,nan,500,fresh
70333,0,0,0,0,0,0,7,0,0,4,19,1,7,0,nan,nan,nan,nan,1.167,nan,nan,1,1,1,1.167,nan,nan,nan,nan,nan,-0.067,nan,nan,0,0,0,-0.067,nan,500,fresh
71403,0,0,0,0,0,0,7,0,0,4,19,1,7,0,nan,nan,nan,nan,1.167,nan,nan,1,1,1,1.167,nan,nan,nan,nan,nan,-0.067,nan,nan,0,0,0,-0.067,nan,500,fresh
72473,0,0,0,0,0,0,6,0,0,4,19,1,7,0,nan,nan,nan,nan,1,nan,nan,1,1,1,1.167,nan,nan,nan,nan,nan,0,nan,nan,0,0,0,-0.067,nan,500,fresh
73542,0,0,0,0,0,0,7,0,0,4,19,1,6,0,nan,nan,nan,nan,1.167,nan,nan,1,1,1,1,nan,nan,nan,nan,nan,-0.067,nan,nan,0,0,0,0,nan,500,fresh
74611,0,0,0,0,0,0,7,0,0,4,19,1,7,0,nan,nan,nan,nan,1.167,nan,nan,1,1,1,1.167,nan,nan,nan,nan,nan,-0.067,nan,nan,0,0,0,-0.067,nan,500,fresh
75681,0,0,0,0,0,0,7,0,0,4,19,1,7,0,nan,nan,nan,nan,1.167,nan,nan,1,1,1,1.167,nan,nan,nan,nan,nan,-0.067,nan,nan,0,0,0,-0.067,nan,500,fresh
76751,0,0,0,0,0,0,7,0,0,4,19,1,7,0,nan,nan,nan,nan,1.167,nan,nan,1,1,1,1.167,nan,nan,nan,nan,nan,-0.067,nan,nan,0,0,0,-0.067,nan,500,fresh
77821,0,0,0,0,0,0,7,0,0,4,19,1,7,0,nan,nan,nan,nan,1.167,nan,nan,1,1,1,1.167,nan,nan,nan,nan,nan,-0.067,nan,nan,0,0,0,-0.067,nan,500,fresh
78891,0,0,0,0,0,0,7,0,0,4,19,1,7,0,nan,nan,nan,nan,1.167,nan,nan,1,1,1,1.167,nan,nan,nan,nan,nan,-0.067,nan,nan,0,0,0,-0.067,nan,500,fresh
79960,0,0,0,0,0,0,7,0,0,4,19,1,6,0,nan,nan,nan,nan,1.167,nan,nan,1,1,1,1,nan,nan,nan,nan,nan,-0.067,nan,nan,0,0,0,0,nan,500,fresh
81030,0,0,0,0,0,0,6,0,0,4,19,1,7,0,nan,nan,nan,nan,1,nan,nan,1,1,1,1.167,nan,nan,nan,nan,nan,0,nan,nan,0,0,0,-0.067,nan,500,fresh
82099,0,0,0,0,0,0,7,0,0,4,19,1,7,0,nan,nan,nan,nan,1.167,nan,nan,1,1,1,1.167,nan,nan,nan,nan,nan,-0.067,nan,nan,0,0,0,-0.067,nan,500,fresh
83168,0,0,0,0,0,0,7,0,0,4,19,1,7,0,nan,nan,nan,nan,1.167,nan,nan,1,1,1,1.167,nan,nan,nan,nan,nan,-0.067,nan,nan,0,0,0,-0.067,nan,500,fresh
84238,0,0,0,0,0,0,7,0,0,4,19,1,6,0,nan,nan,nan,nan,1.167,nan,nan,1,1,1,1,nan,nan,nan,nan,nan,-0.067,nan,nan,0,0,0,0,nan,500,fresh
85308,0,0,0,0,0,0,7,0,0,4,19,1,7,0,nan,nan,nan,nan,1.167,nan,nan,1,1,1,1.167,nan,nan,nan,nan,nan,-0.067,nan,nan,0,0,0,-0.067,nan,500,fresh
86377,0,0,0,0,0,0,7,0,0,4,19,1,7,0,nan,nan,nan,nan,1.167,nan,nan,1,1,1,1.167,nan,nan,nan,nan,nan,-0.067,nan,nan,0,0,0,-0.067,nan,500,fresh
87447,0,0,0,0,0,0,7,0,0,4,19,1,7,0,nan,nan,nan,nan,1.167,nan,nan,1,1,1,1.167,nan,nan,nan,nan,nan,-0.067,nan,nan,0,0,0,-0.067,nan,500,fresh
88516,0,0,0,0,0,0,6,0,0,4,19,1,7,0,nan,nan,nan,nan,1,nan,nan,1,1,1,1.167,nan,nan,nan,nan,nan,0,nan,nan,0,0,0,-0.067,nan,500,fresh
89586,0,0,0,0,0,0,7,0,0,4,19,1,7,0,nan,nan,nan,nan,1.167,nan,nan,1,1,1,1.167,nan,nan,nan,nan,nan,-0.067,nan,nan,0,0,0,-0.067,nan,500,fresh
90655,0,0,0,0,0,0,7,0,0,4,19,1,7,0,nan,nan,nan,nan,1.167,nan,nan,1,1,1,1.167,nan,nan,nan,nan,nan,-0.067,nan,nan,0,0,0,-0.067,nan,500,fresh
91723,0,0,0,0,0,0,7,0,0,4,19,1,7,0,nan,nan,nan,nan,1.167,nan,nan,1,1,1,1.167,nan,nan,nan,nan,nan,-0.067,nan,nan,0,0,0,-0.067,nan,500,fresh
92792,0,0,0,0,0,0,7,0,0,4,19,1,7,0,nan,nan,nan,nan,1.167,nan,nan,1,1,1,1.167,nan,nan,nan,nan,nan,-0.067,nan,nan,0,0,0,-0.067,nan,500,fresh
93862,0,0,0,0,0,0,6,0,0,4,19,1,7,0,nan,nan,nan,nan,1,nan,nan,1,1,1,1.167,nan,nan,nan,nan,nan,0,nan,nan,0,0,0,-0.067,nan,500,fresh
94931,0,0,0,0,0,0,7,0,0,4,19,1,7,0,nan,nan,nan,nan,1.167,nan,nan,1,1,1,1.167,nan,nan,nan,nan,nan,-0.067,nan,nan,0,0,0,-0.067,nan,500,fresh
96000,0,0,0,0,0,0,7,0,0,4,19,1,7,0,nan,nan,nan,nan,1.167,nan,nan,1,1,1,1.167,nan,nan,nan,nan,nan,-0.067,nan,nan,0,0,0,-0.067,nan,500,fresh
97069,0,0,0,0,0,0,7,0,0,4,19,1,7,0,nan,nan,nan,nan,1.167,nan,nan,1,1,1,1.167,nan,nan,nan,nan,nan,-0.067,nan,nan,0,0,0,-0.067,nan,500,fresh
98138,0,0,0,0,0,0,7,0,0,4,19,1,7,0,nan,nan,nan,nan,1.167,nan,nan,1,1,1,1.167,nan,nan,nan,nan,nan,-0.067,nan,nan,0,0,0,-0.067,nan,500,fresh
99207,0,0,0,0,0,0,7,0,0,4,19,1,7,0,nan,nan,nan,nan,1.167,nan,nan,1,1,1,1.167,nan,nan,nan,nan,nan,-0.067,nan,nan,0,0,0,-0.067,nan,500,fresh
100276,0,0,0,0,0,0,7,0,0,4,19,1,7,0,nan,nan,nan,nan,1.167,nan,nan,1,1,1,1.167,nan,nan,nan,nan,nan,-0.067,nan,nan,0,0,0,-0.067,nan,500,fresh
101346,0,0,0,0,0,0,7,0,0,4,19,1,7,0,nan,nan,nan,nan,1.167,nan,nan,1,1,1,1.167,nan,nan,nan,nan,nan,-0.067,nan,nan,0,0,0,-0.067,nan,500,fresh
102416,0,0,0,0,0,0,7,0,0,4,19,1,7,0,nan,nan,nan,nan,1.167,nan,nan,1,1,1,1.167,nan,nan,nan,nan,nan,-0.067,nan,nan,0,0,0,-0.067,nan,500,fresh
103485,0,0,0,0,0,0,7,0,0,3,19,1,7,0,nan,nan,nan,nan,1.167,nan,nan,0.75,1,1,1.167,nan,nan,nan,nan,nan,-0.067,nan,nan,0.125,0,0,-0.067,nan,500,fresh
104555,0,0,0,0,0,0,6,0,0,4,19,1,7,0,nan,nan,nan,nan,1,nan,nan,1,1,1,1.167,nan,nan,nan,nan,nan,0,nan,nan,0,0,0,-0.067,nan,500,fresh
105625,0,0,0,0,0,0,7,0,0,4,19,1,7,0,nan,nan,nan,nan,1.167,nan,nan,1,1,1,1.167,nan,nan,nan,nan,nan,-0.067,nan,nan,0,0,0,-0.067,nan,500,fresh
106694,0,0,0,0,0,0,7,0,0,4,19,1,7,0,nan,nan,nan,nan,1.167,nan,nan,1,1,1,1.167,nan,nan,nan,nan,nan,-0.067,nan,nan,0,0,0,-0.067,nan,500,fresh
107763,0,0,0,0,0,0,7,0,0,4,19,1,7,0,nan,nan,nan,nan,1.167,nan,nan,1,1,1,1.167,nan,nan,nan,nan,nan,-0.067,nan,nan,0,0,0,-0.067,nan,500,fresh
108833,0,0,0,0,0,0,7,0,0,4,19,1,7,0,nan,nan,nan,nan,1.167,nan,nan,1,1,1,1.167,nan,nan,nan,nan,nan,-0.067,nan,nan,0,0,0,-0.067,nan,500,fresh
109903,0,0,0,0,0,0,7,0,0,4,19,1,7,0,nan,nan,nan,nan,1.167,nan,nan,1,1,1,1.167,nan,nan,nan,nan,nan,-0.067,nan,nan,0,0,0,-0.067,nan,500,fresh
110971,0,0,0,0,0,0,7,0,0,4,19,1,7,0,nan,nan,nan,nan,1.167,nan,nan,1,1,1,1.167,nan,nan,nan,nan,nan,-0.067,nan,nan,0,0,0,-0.067,nan,500,fresh
112041,0,0,0,0,0,0,7,0,0,4,19,1,7,0,nan,nan,nan,nan,1.167,nan,nan,1,1,1,1.167,nan,nan,nan,nan,nan,-0.067,nan,nan,0,0,0,-0.067,nan,500,fresh
113111,0,0,0,0,0,0,7,0,0,4,19,1,7,0,nan,nan,nan,nan,1.167,nan,nan,1,1,1,1.167,nan,nan,nan,nan,nan,-0.067,nan,nan,0,0,0,-0.067,nan,500,fresh
114180,0,0,0,0,0,0,7,0,0,4,19,1,7,0,nan,nan,nan,nan,1.167,nan,nan,1,1,1,1.167,nan,nan,nan,nan,nan,-0.067,nan,nan,0,0,0,-0.067,nan,500,fresh
115250,0,0,0,0,0,0,7,0,0,4,19,1,7,0,nan,nan,nan,nan,1.167,nan,nan,1,1,1,1.167,nan,nan,nan,nan,nan,-0.067,nan,nan,0,0,0,-0.067,nan,500,fresh
116319,0,0,0,0,0,0,7,0,0,4,19,1,7,0,nan,nan,nan,nan,1.167,nan,nan,1,1,1,1.167,nan,nan,nan,nan,nan,-0.067,nan,nan,0,0,0,-0.067,nan,500,fresh
117388,0,0,0,0,0,0,7,0,0,4,19,1,7,0,nan,nan,nan,nan,1.167,nan,nan,1,1,1,1.167,nan,nan,nan,nan,nan,-0.067,nan,nan,0,0,0,-0.067,nan,500,fresh
118457,0,0,0,0,0,0,7,0,0,4,19,1,7,0,nan,nan,nan,nan,1.167,nan,nan,1,1,1,1.167,nan,nan,nan,nan,nan,-0.067,nan,nan,0,0,0,-0.067,nan,500,fresh
119526,0,0,0,0,0,0,7,0,0,4,19,1,7,0,nan,nan,nan,nan,1.167,nan,nan,1,1,1,1.167,nan,nan,nan,nan,nan,-0.067,nan,nan,0,0,0,-0.067,nan,500,fresh
120596,0,0,0,0,0,0,7,0,0,4,19,1,7,0,nan,nan,nan,nan,1.167,nan,nan,1,1,1,1.167,nan,nan,nan,nan,nan,-0.067,nan,nan,0,0,0,-0.067,nan,500,fresh
121664,0,0,0,0,0,0,7,0,0,4,19,1,7,0,nan,nan,nan,nan,1.167,nan,nan,1,1,1,1.167,nan,nan,nan,nan,nan,-0.067,nan,nan,0,0,0,-0.067,nan,500,fresh
122733,0,0,0,0,0,0,6,0,0,4,19,1,7,0,nan,nan,nan,nan,1,nan,nan,1,1,1,1.167,nan,nan,nan,nan,nan,0,nan,nan,0,0,0,-0.067,nan,500,fresh
123803,0,0,0,0,0,0,7,0,0,4,19,1,7,0,nan,nan,nan,nan,1.167,nan,nan,1,1,1,1.167,nan,nan,nan,nan,nan,-0.067,nan,nan,0,0,0,-0.067,nan,500,fresh
124872,0,0,0,0,0,0,7,0,0,4,19,1,7,0,nan,nan,nan,nan,1.167,nan,nan,1,1,1,1.167,nan,nan,nan,nan,nan,-0.067,nan,nan,0,0,0,-0.067,nan,500,fresh
125941,0,0,0,0,0,0,7,0,0,4,19,1,7,0,nan,nan,nan,nan,1.167,nan,nan,1,1,1,1.167,nan,nan,nan,nan,nan,-0.067,nan,nan,0,0,0,-0.067,nan,500,fresh
127011,0,0,0,0,0,0,7,0,0,4,19,1,7,0,nan,nan,nan,nan,1.167,nan,nan,1,1,1,1.167,nan,nan,nan,nan,nan,-0.067,nan,nan,0,0,0,-0.067,nan,500,fresh
128081,0,0,0,0,0,0,7,0,0,4,19,1,7,0,nan,nan,nan,nan,1.167,nan,nan,1,1,1,1.167,nan,nan,nan,nan,nan,-0.067,nan,nan,0,0,0,-0.067,nan,500,fresh
129149,0,0,0,0,0,0,7,0,0,4,19,1,7,0,nan,nan,nan,nan,1.167,nan,nan,1,1,1,1.167,nan,nan,nan,nan,nan,-0.067,nan,nan,0,0,0,-0.067,nan,500,fresh
130219,0,0,0,0,0,0,7,0,0,4,19,1,7,0,nan,nan,nan,nan,1.167,nan,nan,1,1,1,1.167,nan,nan,nan,nan,nan,-0.067,nan,nan,0,0,0,-0.067,nan,500,fresh
131289,0,0,0,0,0,0,7,0,0,4,19,1,7,0,nan,nan,nan,nan,1.167,nan,nan,1,1,1,1.167,nan,nan,nan,nan,nan,-0.067,nan,nan,0,0,0,-0.067,nan,500,fresh
132359,0,0,0,0,0,0,7,0,0,4,19,1,6,0,nan,nan,nan,nan,1.167,nan,nan,1,1,1,1,nan,nan,nan,nan,nan,-0.067,nan,nan,0,0,0,0,nan,500,fresh
133429,0,0,0,0,0,0,7,0,0,4,19,1,7,0,nan,nan,nan,nan,1.167,nan,nan,1,1,1,1.167,nan,nan,nan,nan,nan,-0.067,nan,nan,0,0,0,-0.067,nan,500,fresh
134497,0,0,0,0,0,0,7,0,0,4,19,1,7,0,nan,nan,nan,nan,1.167,nan,nan,1,1,1,1.167,nan,nan,nan,nan,nan,-0.067,nan,nan,0,0,0,-0.067,nan,500,fresh
135567,0,0,0,0,0,0,7,0,0,4,19,1,7,0,nan,nan,nan,nan,1.167,nan,nan,1,1,1,1.167,nan,nan,nan,nan,nan,-0.067,nan,nan,0,0,0,-0.067,nan,500,fresh
136637,0,0,0,0,0,0,7,0,0,4,19,1,7,0,nan,nan,nan,nan,1.167,nan,nan,1,1,1,1.167,nan,nan,nan,nan,nan,-0.067,nan,nan,0,0,0,-0.067,nan,500,fresh
137707,0,0,0,0,0,0,7,0,0,4,19,1,7,0,nan,nan,nan,nan,1.167,nan,nan,1,1,1,1.167,nan,nan,nan,nan,nan,-0.067,nan,nan,0,0,0,-0.067,nan,500,fresh
138776,0,0,0,0,0,0,7,0,0,4,19,1,7,0,nan,nan,nan,nan,1.167,nan,nan,1,1,1,1.167,nan,nan,nan,nan,nan,-0.067,nan,nan,0,0,0,-0.067,nan,500,fresh
139845,0,0,0,0,0,0,7,0,0,4,19,1,7,0,nan,nan,nan,nan,1.167,nan,nan,1,1,1,1.167,nan,nan,nan,nan,nan,-0.067,nan,nan,0,0,0,-0.067,nan,500,fresh
140915,0,0,0,0,0,0,7,0,0,4,19,1,7,0,nan,nan,nan,nan,1.167,nan,nan,1,1,1,1.167,nan,nan,nan,nan,nan,-0.067,nan,nan,0,0,0,-0.067,nan,500,fresh
141984,0,0,0,0,0,0,7,0,0,4,19,1,7,0,nan,nan,nan,nan,1.167,nan,nan,1,1,1,1.167,nan,nan,nan,nan,nan,-0.067,nan,nan,0,0,0,-0.067,nan,500,fresh
143054,0,0,0,0,0,0,7,0,0,4,19,1,7,0,nan,nan,nan,nan,1.167,nan,nan,1,1,1,1.167,nan,nan,nan,nan,nan,-0.067,nan,nan,0,0,0,-0.067,nan,500,fresh
144124,0,0,0,0,0,0,7,0,0,4,19,1,7,0,nan,nan,nan,nan,1.167,nan,nan,1,1,1,1.167,nan,nan,nan,nan,nan,-0.067,nan,nan,0,0,0,-0.067,nan,500,fresh
145194,0,0,0,0,0,0,7,0,0,4,19,1,7,0,nan,nan,nan,nan,1.167,nan,nan,1,1,1,1.167,nan,nan,nan,nan,nan,-0.067,nan,nan,0,0,0,-0.067,nan,500,fresh
146264,0,0,0,0,0,0,7,0,0,4,19,1,7,0,nan,nan,nan,nan,1.167,nan,nan,1,1,1,1.167,nan,nan,nan,nan,nan,-0.067,nan,nan,0,0,0,-0.067,nan,500,fresh
147332,0,0,0,0,0,0,7,0,0,4,19,1,7,0,nan,nan,nan,nan,1.167,nan,nan,1,1,1,1.167,nan,nan,nan,nan,nan,-0.067,nan,nan,0,0,0,-0.067,nan,500,fresh
148402,0,0,0,0,0,0,7,0,0,4,19,1,7,0,nan,nan,nan,nan,1.167,nan,nan,1,1,1,1.167,nan,nan,nan,nan,nan,-0.067,nan,nan,0,0,0,-0.067,nan,500,fresh
149471,0,0,0,0,0,0,7,0,0,4,19,1,7,0,nan,nan,nan,nan,1.167,nan,nan,1,1,1,1.167,nan,nan,nan,nan,nan,-0.067,nan,nan,0,0,0,-0.067,nan,500,fresh
150541,0,0,0,0,0,0,7,0,0,4,19,1,7,0,nan,nan,nan,nan,1.167,nan,nan,1,1,1,1.167,nan,nan,nan,nan,nan,-0.067,nan,nan,0,0,0,-0.067,nan,500,fresh
151611,0,0,0,0,0,0,7,0,0,4,19,1,7,0,nan,nan,nan,nan,1.167,nan,nan,1,1,1,1.167,nan,nan,nan,nan,nan,-0.067,nan,nan,0,0,0,-0.067,nan,500,fresh
152680,0,0,0,0,0,0,7,0,0,4,19,1,7,0,nan,nan,nan,nan,1.167,nan,nan,1,1,1,1.167,nan,nan,nan,nan,nan,-0.067,nan,nan,0,0,0,-0.067,nan,500,fresh
153750,0,0,0,0,0,0,7,0,0,4,19,1,7,0,nan,nan,nan,nan,1.167,nan,nan,1,1,1,1.167,nan,nan,nan,nan,nan,-0.067,nan,nan,0,0,0,-0.067,nan,500,fresh
154820,0,0,0,0,0,0,7,0,0,4,19,1,7,0,nan,nan,nan,nan,1.167,nan,nan,1,1,1,1.167,nan,nan,nan,nan,nan,-0.067,nan,nan,0,0,0,-0.067,nan,500,fresh
155890,0,0,0,0,0,0,7,0,0,4,19,1,7,0,nan,nan,nan,nan,1.167,nan,nan,1,1,1,1.167,nan,nan,nan,nan,nan,-0.067,nan,nan,0,0,0,-0.067,nan,500,fresh
156960,0,0,0,0,0,0,7,0,0,4,19,1,7,0,nan,nan,nan,nan,1.167,nan,nan,1,1,1,1.167,nan,nan,nan,nan,nan,-0.067,nan,nan,0,0,0,-0.067,nan,500,fresh
158030,0,0,0,0,0,0,7,0,0,4,19,1,7,0,nan,nan,nan,nan,1.167,nan,nan,1,1,1,1.167,nan,nan,nan,nan,nan,-0.067,nan,nan,0,0,0,-0.067,nan,500,fresh
159100,0,0,0,0,0,0,7,0,0,4,19,1,6,0,nan,nan,nan,nan,1.167,nan,nan,1,1,1,1,nan,nan,nan,nan,nan,-0.067,nan,nan,0,0,0,0,nan,500,fresh
160168,0,0,0,0,0,0,7,0,0,4,19,1,7,0,nan,nan,nan,nan,1.167,nan,nan,1,1,1,1.167,nan,nan,nan,nan,nan,-0.067,nan,nan,0,0,0,-0.067,nan,500,fresh
161237,0,0,0,0,0,0,7,0,0,4,19,1,7,0,nan,nan,nan,nan,1.167,nan,nan,1,1,1,1.167,nan,nan,nan,nan,nan,-0.067,nan,nan,0,0,0,-0.067,nan,500,fresh
162306,0,0,0,0,0,0,7,0,0,4,19,1,7,0,nan,nan,nan,nan,1.167,nan,nan,1,1,1,1.167,nan,nan,nan,nan,nan,-0.067,nan,nan,0,0,0,-0.067,nan,500,fresh
163376,0,0,0,0,0,0,7,0,0,4,19,1,7,0,nan,nan,nan,nan,1.167,nan,nan,1,1,1,1.167,nan,nan,nan,nan,nan,-0.067,nan,nan,0,0,0,-0.067,nan,500,fresh
164444,0,0,0,0,0,0,7,0,0,4,19,1,7,0,nan,nan,nan,nan,1.167,nan,nan,1,1,1,1.167,nan,nan,nan,nan,nan,-0.067,nan,nan,0,0,0,-0.067,nan,500,fresh
165513,0,0,0,0,0,0,7,0,0,4,19,1,7,0,nan,nan,nan,nan,1.167,nan,nan,1,1,1,1.167,nan,nan,nan,nan,nan,-0.067,nan,nan,0,0,0,-0.067,nan,500,fresh
166583,0,0,0,0,0,0,7,0,0,4,19,1,7,0,nan,nan,nan,nan,1.167,nan,nan,1,1,1,1.167,nan,nan,nan,nan,nan,-0.067,nan,nan,0,0,0,-0.067,nan,500,fresh
167652,0,0,0,0,0,0,7,0,0,4,19,1,7,0,nan,nan,nan,nan,1.167,nan,nan,1,1,1,1.167,nan,nan,nan,nan,nan,-0.067,nan,nan,0,0,0,-0.067,nan,500,fresh
168722,0,0,0,0,0,0,7,0,0,4,19,1,7,0,nan,nan,nan,nan,1.167,nan,nan,1,1,1,1.167,nan,nan,nan,nan,nan,-0.067,nan,nan,0,0,0,-0.067,nan,500,fresh
169792,0,0,0,0,0,0,7,0,0,4,19,1,7,0,nan,nan,nan,nan,1.167,nan,nan,1,1,1,1.167,nan,nan,nan,nan,nan,-0.067,nan,nan,0,0,0,-0.067,nan,500,fresh
170862,0,0,0,0,0,0,7,0,0,4,19,1,7,0,nan,nan,nan,nan,1.167,nan,nan,1,1,1,1.167,nan,nan,nan,nan,nan,-0.067,nan,nan,0,0,0,-0.067,nan,500,fresh
171932,0,0,0,0,0,0,6,0,0,4,19,1,7,0,nan,nan,nan,nan,1,nan,nan,1,1,1,1.167,nan,nan,nan,nan,nan,0,nan,nan,0,0,0,-0.067,nan,500,fresh
173002,0,0,0,0,0,0,7,0,0,4,19,1,7,0,nan,nan,nan,nan,1.167,nan,nan,1,1,1,1.167,nan,nan,nan,nan,nan,-0.067,nan,nan,0,0,0,-0.067,nan,500,fresh
174072,0,0,0,0,0,0,7,0,0,4,19,1,7,0,nan,nan,nan,nan,1.167,nan,nan,1,1,1,1.167,nan,nan,nan,nan,nan,-0.067,nan,nan,0,0,0,-0.067,nan,500,fresh
175140,0,0,0,0,0,0,6,0,0,4,19,1,7,0,nan,nan,nan,nan,1,nan,nan,1,1,1,1.167,nan,nan,nan,nan,nan,0,nan,nan,0,0,0,-0.067,nan,500,fresh
176210,0,0,0,0,0,0,7,0,0,4,19,1,7,0,nan,nan,nan,nan,1.167,nan,nan,1,1,1,1.167,nan,nan,nan,nan,nan,-0.067,nan,nan,0,0,0,-0.067,nan,500,fresh
177280,0,0,0,0,0,0,7,0,0,4,19,1,7,0,nan,nan,nan,nan,1.167,nan,nan,1,1,1,1.167,nan,nan,nan,nan,nan,-0.067,nan,nan,0,0,0,-0.067,nan,500,fresh
178350,0,0,0,0,0,0,6,0,0,4,19,1,7,0,nan,nan,nan,nan,1,nan,nan,1,1,1,1.167,nan,nan,nan,nan,nan,0,nan,nan,0,0,0,-0.067,nan,500,fresh
179419,0,0,0,0,0,0,7,0,0,4,19,1,7,0,nan,nan,nan,nan,1.167,nan,nan,1,1,1,1.167,nan,nan,nan,nan,nan,-0.067,nan,nan,0,0,0,-0.067,nan,500,fresh
180488,0,0,0,0,0,0,7,0,0,4,19,1,7,0,nan,nan,nan,nan,1.167,nan,nan,1,1,1,1.167,nan,nan,nan,nan,nan,-0.067,nan,nan,0,0,0,-0.067,nan,500,fresh
181557,0,0,0,0,0,0,7,0,0,4,19,1,7,0,nan,nan,nan,nan,1.167,nan,nan,1,1,1,1.167,nan,nan,nan,nan,nan,-0.067,nan,nan,0,0,0,-0.067,nan,500,fresh
182627,0,0,0,0,0,0,7,0,0,4,19,1,7,0,nan,nan,nan,nan,1.167,nan,nan,1,1,1,1.167,nan,nan,nan,nan,nan,-0.067,nan,nan,0,0,0,-0.067,nan,500,fresh
183697,0,0,0,0,0,0,7,0,0,4,19,1,7,0,nan,nan,nan,nan,1.167,nan,nan,1,1,1,1.167,nan,nan,nan,nan,nan,-0.067,nan,nan,0,0,0,-0.067,nan,500,fresh
184766,0,0,0,0,0,0,7,0,0,4,19,1,7,0,nan,nan,nan,nan,1.167,nan,nan,1,1,1,1.167,nan,nan,nan,nan,nan,-0.067,nan,nan,0,0,0,-0.067,nan,500,fresh
185836,0,0,0,0,0,0,7,0,0,4,19,1,7,0,nan,nan,nan,nan,1.167,nan,nan,1,1,1,1.167,nan,nan,nan,nan,nan,-0.067,nan,nan,0,0,0,-0.067,nan,500,fresh
186906,0,0,0,0,0,0,7,0,0,4,19,1,7,0,nan,nan,nan,nan,1.167,nan,nan,1,1,1,1.167,nan,nan,nan,nan,nan,-0.067,nan,nan,0,0,0,-0.067,nan,500,fresh
187976,0,0,0,0,0,0,7,0,0,4,19,1,6,0,nan,nan,nan,nan,1.167,nan,nan,1,1,1,1,nan,nan,nan,nan,nan,-0.067,nan,nan,0,0,0,0,nan,500,fresh
189046,0,0,0,0,0,0,7,0,0,4,19,1,6,0,nan,nan,nan,nan,1.167,nan,nan,1,1,1,1,nan,nan,nan,nan,nan,-0.067,nan,nan,0,0,0,0,nan,500,fresh
190115,0,0,0,0,0,0,6,0,0,4,19,1,7,0,nan,nan,nan,nan,1,nan,nan,1,1,1,1.167,nan,nan,nan,nan,nan,0,nan,nan,0,0,0,-0.067,nan,500,fresh
191185,0,0,0,0,0,0,7,0,0,4,19,1,6,0,nan,nan,nan,nan,1.167,nan,nan,1,1,1,1,nan,nan,nan,nan,nan,-0.067,nan,nan,0,0,0,0,nan,500,fresh
192255,0,0,0,0,0,0,7,0,0,4,19,1,7,0,nan,nan,nan,nan,1.167,nan,nan,1,1,1,1.167,nan,nan,nan,nan,nan,-0.067,nan,nan,0,0,0,-0.067,nan,500,fresh
193324,0,0,0,0,0,0,7,0,0,4,19,1,7,0,nan,nan,nan,nan,1.167,nan,nan,1,1,1,1.167,nan,nan,nan,nan,nan,-0.067,nan,nan,0,0,0,-0.067,nan,500,fresh
194394,0,0,0,0,0,0,7,0,0,4,19,1,7,0,nan,nan,nan,nan,1.167,nan,nan,1,1,1,1.167,nan,nan,nan,nan,nan,-0.067,nan,nan,0,0,0,-0.067,nan,500,fresh
195464,0,0,0,0,0,0,7,0,0,4,19,1,7,0,nan,nan,nan,nan,1.167,nan,nan,1,1,1,1.167,nan,nan,nan,nan,nan,-0.067,nan,nan,0,0,0,-0.067,nan,500,fresh
196534,0,0,0,0,0,0,7,0,0,4,19,1,7,0,nan,nan,nan,nan,1.167,nan,nan,1,1,1,1.167,nan,nan,nan,nan,nan,-0.067,nan,nan,0,0,0,-0.067,nan,500,fresh
197604,0,0,0,0,0,0,7,0,0,4,19,1,7,0,nan,nan,nan,nan,1.167,nan,nan,1,1,1,1.167,nan,nan,nan,nan,nan,-0.067,nan,nan,0,0,0,-0.067,nan,500,fresh
198673,0,0,0,0,0,0,7,0,0,4,19,1,7,0,nan,nan,nan,nan,1.167,nan,nan,1,1,1,1.167,nan,nan,nan,nan,nan,-0.067,nan,nan,0,0,0,-0.067,nan,500,fresh
199741,0,0,0,0,0,0,6,0,0,4,19,1,7,0,nan,nan,nan,nan,1,nan,nan,1,1,1,1.167,nan,nan,nan,nan,nan,0,nan,nan,0,0,0,-0.067,nan,500,fresh
200810,0,0,0,0,0,0,7,0,0,4,19,1,7,0,nan,nan,nan,nan,1.167,nan,nan,1,1,1,1.167,nan,nan,nan,nan,nan,-0.067,nan,nan,0,0,0,-0.067,nan,500,fresh
201880,0,0,0,0,0,0,7,0,0,4,19,1,7,0,nan,nan,nan,nan,1.167,nan,nan,1,1,1,1.167,nan,nan,nan,nan,nan,-0.067,nan,nan,0,0,0,-0.067,nan,500,fresh
202950,0,0,0,0,0,0,7,0,0,4,19,1,7,0,nan,nan,nan,nan,1.167,nan,nan,1,1,1,1.167,nan,nan,nan,nan,nan,-0.067,nan,nan,0,0,0,-0.067,nan,500,fresh
204019,0,0,0,0,0,0,7,0,0,4,19,1,7,0,nan,nan,nan,nan,1.167,nan,nan,1,1,1,1.167,nan,nan,nan,nan,nan,-0.067,nan,nan,0,0,0,-0.067,nan,500,fresh
205089,0,0,0,0,0,0,7,0,0,4,19,1,6,0,nan,nan,nan,nan,1.167,nan,nan,1,1,1,1,nan,nan,nan,nan,nan,-0.067,nan,nan,0,0,0,0,nan,500,fresh
206159,0,0,0,0,0,0,7,0,0,4,19,1,7,0,nan,nan,nan,nan,1.167,nan,nan,1,1,1,1.167,nan,nan,nan,nan,nan,-0.067,nan,nan,0,0,0,-0.067,nan,500,fresh
207228,0,0,0,0,0,0,7,0,0,4,19,1,7,0,nan,nan,nan,nan,1.167,nan,nan,1,1,1,1.167,nan,nan,nan,nan,nan,-0.067,nan,nan,0,0,0,-0.067,nan,500,fresh
208298,0,0,0,0,0,0,7,0,0,4,19,1,6,0,nan,nan,nan,nan,1.167,nan,nan,1,1,1,1,nan,nan,nan,nan,nan,-0.067,nan,nan,0,0,0,0,nan,500,fresh
209368,0,0,0,0,0,0,7,0,0,4,19,1,7,0,nan,nan,nan,nan,1.167,nan,nan,1,1,1,1.167,nan,nan,nan,nan,nan,-0.067,nan,nan,0,0,0,-0.067,nan,500,fresh
210437,0,0,0,0,0,0,7,0,0,4,19,1,7,0,nan,nan,nan,nan,1.167,nan,nan,1,1,1,1.167,nan,nan,nan,nan,nan,-0.067,nan,nan,0,0,0,-0.067,nan,500,fresh
211507,0,0,0,0,0,0,6,0,0,4,19,1,7,0,nan,nan,nan,nan,1,nan,nan,1,1,1,1.167,nan,nan,nan,nan,nan,0,nan,nan,0,0,0,-0.067,nan,500,fresh
212576,0,0,0,0,0,0,6,0,0,4,19,1,7,0,nan,nan,nan,nan,1,nan,nan,1,1,1,1.167,nan,nan,nan,nan,nan,0,nan,nan,0,0,0,-0.067,nan,500,fresh
213644,0,0,0,0,0,0,7,0,0,4,19,1,6,0,nan,nan,nan,nan,1.167,nan,nan,1,1,1,1,nan,nan,nan,nan,nan,-0.067,nan,nan,0,0,0,0,nan,500,fresh
214713,0,0,0,0,0,0,7,0,0,4,19,1,7,0,nan,nan,nan,nan,1.167,nan,nan,1,1,1,1.167,nan,nan,nan,nan,nan,-0.067,nan,nan,0,0,0,-0.067,nan,500,fresh
215783,0,0,0,0,0,0,7,0,0,4,19,1,7,0,nan,nan,nan,nan,1.167,nan,nan,1,1,1,1.167,nan,nan,nan,nan,nan,-0.067,nan,nan,0,0,0,-0.067,nan,500,fresh
216853,0,0,0,0,0,0,7,0,0,4,19,1,7,0,nan,nan,nan,nan,1.167,nan,nan,1,1,1,1.167,nan,nan,nan,nan,nan,-0.067,nan,nan,0,0,0,-0.067,nan,500,fresh
217921,0,0,0,0,0,0,7,0,0,4,19,1,6,0,nan,nan,nan,nan,1.167,nan,nan,1,1,1,1,nan,nan,nan,nan,nan,-0.067,nan,nan,0,0,0,0,nan,500,fresh
218990,0,0,0,0,0,0,7,0,0,4,19,1,7,0,nan,nan,nan,nan,1.167,nan,nan,1,1,1,1.167,nan,nan,nan,nan,nan,-0.067,nan,nan,0,0,0,-0.067,nan,500,fresh
220060,0,0,0,0,0,0,6,0,0,4,19,1,7,0,nan,nan,nan,nan,1,nan,nan,1,1,1,1.167,nan,nan,nan,nan,nan,0,nan,nan,0,0,0,-0.067,nan,500,fresh
221130,0,0,0,0,0,0,7,0,0,4,19,1,7,0,nan,nan,nan,nan,1.167,nan,nan,1,1,1,1.167,nan,nan,nan,nan,nan,-0.067,nan,nan,0,0,0,-0.067,nan,500,fresh
222198,0,0,0,0,0,0,7,0,0,4,19,1,7,0,nan,nan,nan,nan,1.167,nan,nan,1,1,1,1.167,nan,nan,nan,nan,nan,-0.067,nan,nan,0,0,0,-0.067,nan,500,fresh
223267,0,0,0,0,0,0,7,0,0,4,19,1,7,0,nan,nan,nan,nan,1.167,nan,nan,1,1,1,1.167,nan,nan,nan,nan,nan,-0.067,nan,nan,0,0,0,-0.067,nan,500,fresh
224337,0,0,0,0,0,0,6,0,0,4,19,1,7,0,nan,nan,nan,nan,1,nan,nan,1,1,1,1.167,nan,nan,nan,nan,nan,0,nan,nan,0,0,0,-0.067,nan,500,fresh
225406,0,0,0,0,0,0,6,0,0,4,19,1,7,0,nan,nan,nan,nan,1,nan,nan,1,1,1,1.167,nan,nan,nan,nan,nan,0,nan,nan,0,0,0,-0.067,nan,500,fresh
226475,0,0,0,0,0,0,7,0,0,4,19,1,7,0,nan,nan,nan,nan,1.167,nan,nan,1,1,1,1.167,nan,nan,nan,nan,nan,-0.067,nan,nan,0,0,0,-0.067,nan,500,fresh
227544,0,0,0,0,0,0,6,0,0,4,19,1,7,0,nan,nan,nan,nan,1,nan,nan,1,1,1,1.167,nan,nan,nan,nan,nan,0,nan,nan,0,0,0,-0.067,nan,500,fresh
228614,0,0,0,0,0,0,7,0,0,4,19,1,7,0,nan,nan,nan,nan,1.167,nan,nan,1,1,1,1.167,nan,nan,nan,nan,nan,-0.067,nan,nan,0,0,0,-0.067,nan,500,fresh
229683,0,0,0,0,0,0,7,0,0,3,19,1,7,0,nan,nan,nan,nan,1.167,nan,nan,0.75,1,1,1.167,nan,nan,nan,nan,nan,-0.067,nan,nan,0.125,0,0,-0.067,nan,500,fresh
230752,0,0,0,0,0,0,6,0,0,4,19,1,6,0,nan,nan,nan,nan,1,nan,nan,1,1,1,1,nan,nan,nan,nan,nan,0,nan,nan,0,0,0,0,nan,500,fresh
231822,0,0,0,0,0,0,7,0,0,4,19,1,7,0,nan,nan,nan,nan,1.167,nan,nan,1,1,1,1.167,nan,nan,nan,nan,nan,-0.067,nan,nan,0,0,0,-0.067,nan,500,fresh
232892,0,0,0,0,0,0,7,0,0,4,19,1,7,0,nan,nan,nan,nan,1.167,nan,nan,1,1,1,1.167,nan,nan,nan,nan,nan,-0.067,nan,nan,0,0,0,-0.067,nan,500,fresh
233962,0,0,0,0,0,0,6,0,0,4,19,1,7,0,nan,nan,nan,nan,1,nan,nan,1,1,1,1.167,nan,nan,nan,nan,nan,0,nan,nan,0,0,0,-0.067,nan,500,fresh
235031,0,0,0,0,0,0,6,0,0,4,19,1,7,0,nan,nan,nan,nan,1,nan,nan,1,1,1,1.167,nan,nan,nan,nan,nan,0,nan,nan,0,0,0,-0.067,nan,500,fresh
236100,0,0,0,0,0,0,7,0,0,4,19,1,6,0,nan,nan,nan,nan,1.167,nan,nan,1,1,1,1,nan,nan,nan,nan,nan,-0.067,nan,nan,0,0,0,0,nan,500,fresh
237170,0,0,0,0,0,0,7,0,0,4,19,1,7,0,nan,nan,nan,nan,1.167,nan,nan,1,1,1,1.167,nan,nan,nan,nan,nan,-0.067,nan,nan,0,0,0,-0.067,nan,500,fresh
238240,0,0,0,0,0,0,7,0,0,4,19,1,7,0,nan,nan,nan,nan,1.167,nan,nan,1,1,1,1.167,nan,nan,nan,nan,nan,-0.067,nan,nan,0,0,0,-0.067,nan,500,fresh
239309,0,0,0,0,0,0,7,0,0,4,19,1,6,0,nan,nan,nan,nan,1.167,nan,nan,1,1,1,1,nan,nan,nan,nan,nan,-0.067,nan,nan,0,0,0,0,nan,500,fresh
240379,0,0,0,0,0,0,7,0,0,4,19,1,7,0,nan,nan,nan,nan,1.167,nan,nan,1,1,1,1.167,nan,nan,nan,nan,nan,-0.067,nan,nan,0,0,0,-0.067,nan,500,fresh
241449,0,0,0,0,0,0,7,0,0,4,19,1,6,0,nan,nan,nan,nan,1.167,nan,nan,1,1,1,1,nan,nan,nan,nan,nan,-0.067,nan,nan,0,0,0,0,nan,500,fresh
242519,0,0,0,0,0,0,7,0,0,4,19,1,7,0,nan,nan,nan,nan,1.167,nan,nan,1,1,1,1.167,nan,nan,nan,nan,nan,-0.067,nan,nan,0,0,0,-0.067,nan,500,fresh
243588,0,0,0,0,0,0,7,0,0,4,19,1,6,0,nan,nan,nan,nan,1.167,nan,nan,1,1,1,1,nan,nan,nan,nan,nan,-0.067,nan,nan,0,0,0,0,nan,500,fresh
244657,0,0,0,0,0,0,7,0,0,4,19,1,7,0,nan,nan,nan,nan,1.167,nan,nan,1,1,1,1.167,nan,nan,nan,nan,nan,-0.067,nan,nan,0,0,0,-0.067,nan,500,fresh
245727,0,0,0,0,0,0,7,0,0,4,19,1,7,0,nan,nan,nan,nan,1.167,nan,nan,1,1,1,1.167,nan,nan,nan,nan,nan,-0.067,nan,nan,0,0,0,-0.067,nan,500,fresh
246795,0,0,0,0,0,0,7,0,0,4,19,1,7,0,nan,nan,nan,nan,1.167,nan,nan,1,1,1,1.167,nan,nan,nan,nan,nan,-0.067,nan,nan,0,0,0,-0.067,nan,500,fresh
247864,0,0,0,0,0,0,7,0,0,4,19,1,7,0,nan,nan,nan,nan,1.167,nan,nan,1,1,1,1.167,nan,nan,nan,nan,nan,-0.067,nan,nan,0,0,0,-0.067,nan,500,fresh
248934,0,0,0,0,0,0,7,0,0,4,19,1,7,0,nan,nan,nan,nan,1.167,nan,nan,1,1,1,1.167,nan,nan,nan,nan,nan,-0.067,nan,nan,0,0,0,-0.067,nan,500,fresh
250004,0,0,0,0,0,0,6,0,0,4,19,1,7,0,nan,nan,nan,nan,1,nan,nan,1,1,1,1.167,nan,nan,nan,nan,nan,0,nan,nan,0,0,0,-0.067,nan,500,fresh
251073,0,0,0,0,0,0,7,0,0,4,19,1,7,0,nan,nan,nan,nan,1.167,nan,nan,1,1,1,1.167,nan,nan,nan,nan,nan,-0.067,nan,nan,0,0,0,-0.067,nan,500,fresh
252142,0,0,0,0,0,0,7,0,0,4,19,1,7,0,nan,nan,nan,nan,1.167,nan,nan,1,1,1,1.167,nan,nan,nan,nan,nan,-0.067,nan,nan,0,0,0,-0.067,nan,500,fresh
253212,0,0,0,0,0,0,7,0,0,4,19,1,7,0,nan,nan,nan,nan,1.167,nan,nan,1,1,1,1.167,nan,nan,nan,nan,nan,-0.067,nan,nan,0,0,0,-0.067,nan,500,fresh
254280,0,0,0,0,0,0,7,0,0,4,19,1,6,0,nan,nan,nan,nan,1.167,nan,nan,1,1,1,1,nan,nan,nan,nan,nan,-0.067,nan,nan,0,0,0,0,nan,500,fresh
255350,0,0,0,0,0,0,7,0,0,4,19,1,7,0,nan,nan,nan,nan,1.167,nan,nan,1,1,1,1.167,nan,nan,nan,nan,nan,-0.067,nan,nan,0,0,0,-0.067,nan,500,fresh
256419,0,0,0,0,0,0,7,0,0,4,19,1,7,0,nan,nan,nan,nan,1.167,nan,nan,1,1,1,1.167,nan,nan,nan,nan,nan,-0.067,nan,nan,0,0,0,-0.067,nan,500,fresh
257489,0,0,0,0,0,0,7,0,0,4,19,1,7,0,nan,nan,nan,nan,1.167,nan,nan,1,1,1,1.167,nan,nan,nan,nan,nan,-0.067,nan,nan,0,0,0,-0.067,nan,500,fresh
258559,0,0,0,0,0,0,7,0,0,4,19,1,7,0,nan,nan,nan,nan,1.167,nan,nan,1,1,1,1.167,nan,nan,nan,nan,nan,-0.067,nan,nan,0,0,0,-0.067,nan,500,fresh
259627,0,0,0,0,0,0,7,0,0,4,19,1,7,0,nan,nan,nan,nan,1.167,nan,nan,1,1,1,1.167,nan,nan,nan,nan,nan,-0.067,nan,nan,0,0,0,-0.067,nan,500,fresh
260695,0,0,0,0,0,0,7,0,0,4,19,1,7,0,nan,nan,nan,nan,1.167,nan,nan,1,1,1,1.167,nan,nan,nan,nan,nan,-0.067,nan,nan,0,0,0,-0.067,nan,500,fresh
261765,0,0,0,0,0,0,7,0,0,4,19,1,7,0,nan,nan,nan,nan,1.167,nan,nan,1,1,1,1.167,nan,nan,nan,nan,nan,-0.067,nan,nan,0,0,0,-0.067,nan,500,fresh
262834,0,0,0,0,0,0,7,0,0,4,19,1,7,0,nan,nan,nan,nan,1.167,nan,nan,1,1,1,1.167,nan,nan,nan,nan,nan,-0.067,nan,nan,0,0,0,-0.067,nan,500,fresh
263904,0,0,0,0,0,0,7,0,0,4,19,1,7,0,nan,nan,nan,nan,1.167,nan,nan,1,1,1,1.167,nan,nan,nan,nan,nan,-0.067,nan,nan,0,0,0,-0.067,nan,500,fresh
264974,0,0,0,0,0,0,6,0,0,4,19,1,6,0,nan,nan,nan,nan,1,nan,nan,1,1,1,1,nan,nan,nan,nan,nan,0,nan,nan,0,0,0,0,nan,500,fresh
266042,0,0,0,0,0,0,7,0,0,4,19,1,7,0,nan,nan,nan,nan,1.167,nan,nan,1,1,1,1.167,nan,nan,nan,nan,nan,-0.067,nan,nan,0,0,0,-0.067,nan,500,fresh
267111,0,0,0,0,0,0,7,0,0,4,19,1,7,0,nan,nan,nan,nan,1.167,nan,nan,1,1,1,1.167,nan,nan,nan,nan,nan,-0.067,nan,nan,0,0,0,-0.067,nan,500,fresh
268181,0,0,0,0,0,0,7,0,0,4,19,1,7,0,nan,nan,nan,nan,1.167,nan,nan,1,1,1,1.167,nan,nan,nan,nan,nan,-0.067,nan,nan,0,0,0,-0.067,nan,500,fresh
269251,0,0,0,0,0,0,7,0,0,4,19,1,7,0,nan,nan,nan,nan,1.167,nan,nan,1,1,1,1.167,nan,nan,nan,nan,nan,-0.067,nan,nan,0,0,0,-0.067,nan,500,fresh
270321,0,0,0,0,0,0,6,0,0,4,19,1,7,0,nan,nan,nan,nan,1,nan,nan,1,1,1,1.167,nan,nan,nan,nan,nan,0,nan,nan,0,0,0,-0.067,nan,500,fresh
271390,0,0,0,0,0,0,7,0,0,4,19,1,7,0,nan,nan,nan,nan,1.167,nan,nan,1,1,1,1.167,nan,nan,nan,nan,nan,-0.067,nan,nan,0,0,0,-0.067,nan,500,fresh
272459,0,0,0,0,0,0,7,0,0,4,19,1,6,0,nan,nan,nan,nan,1.167,nan,nan,1,1,1,1,nan,nan,nan,nan,nan,-0.067,nan,nan,0,0,0,0,nan,500,fresh
273528,0,0,0,0,0,0,7,0,0,4,19,1,6,0,nan,nan,nan,nan,1.167,nan,nan,1,1,1,1,nan,nan,nan,nan,nan,-0.067,nan,nan,0,0,0,0,nan,500,fresh
274597,0,0,0,0,0,0,7,0,0,4,19,1,7,0,nan,nan,nan,nan,1.167,nan,nan,1,1,1,1.167,nan,nan,nan,nan,nan,-0.067,nan,nan,0,0,0,-0.067,nan,500,fresh
275667,0,0,0,0,0,0,7,0,0,4,19,1,7,0,nan,nan,nan,nan,1.167,nan,nan,1,1,1,1.167,nan,nan,nan,nan,nan,-0.067,nan,nan,0,0,0,-0.067,nan,500,fresh
276737,0,0,0,0,0,0,6,0,0,4,19,1,7,0,nan,nan,nan,nan,1,nan,nan,1,1,1,1.167,nan,nan,nan,nan,nan,0,nan,nan,0,0,0,-0.067,nan,500,fresh
277806,0,0,0,0,0,0,7,0,0,4,19,1,7,0,nan,nan,nan,nan,1.167,nan,nan,1,1,1,1.167,nan,nan,nan,nan,nan,-0.067,nan,nan,0,0,0,-0.067,nan,500,fresh
278875,0,0,0,0,0,0,6,0,0,4,19,1,6,0,nan,nan,nan,nan,1,nan,nan,1,1,1,1,nan,nan,nan,nan,nan,0,nan,nan,0,0,0,0,nan,500,fresh
279945,0,0,0,0,0,0,7,0,0,4,19,1,7,0,nan,nan,nan,nan,1.167,nan,nan,1,1,1,1.167,nan,nan,nan,nan,nan,-0.067,nan,nan,0,0,0,-0.067,nan,500,fresh
281015,0,0,0,0,0,0,6,0,0,4,19,1,7,0,nan,nan,nan,nan,1,nan,nan,1,1,1,1.167,nan,nan,nan,nan,nan,0,nan,nan,0,0,0,-0.067,nan,500,fresh
282084,0,0,0,0,0,0,7,0,0,4,19,1,7,0,nan,nan,nan,nan,1.167,nan,nan,1,1,1,1.167,nan,nan,nan,nan,nan,-0.067,nan,nan,0,0,0,-0.067,nan,500,fresh
283153,0,0,0,0,0,0,7,0,0,4,19,1,7,0,nan,nan,nan,nan,1.167,nan,nan,1,1,1,1.167,nan,nan,nan,nan,nan,-0.067,nan,nan,0,0,0,-0.067,nan,500,fresh
284222,0,0,0,0,0,0,6,0,0,4,19,1,7,0,nan,nan,nan,nan,1,nan,nan,1,1,1,1.167,nan,nan,nan,nan,nan,0,nan,nan,0,0,0,-0.067,nan,500,fresh
285292,0,0,0,0,0,0,7,0,0,4,19,1,7,0,nan,nan,nan,nan,1.167,nan,nan,1,1,1,1.167,nan,nan,nan,nan,nan,-0.067,nan,nan,0,0,0,-0.067,nan,500,fresh
286361,0,0,0,0,0,0,7,0,0,4,19,1,7,0,nan,nan,nan,nan,1.167,nan,nan,1,1,1,1.167,nan,nan,nan,nan,nan,-0.067,nan,nan,0,0,0,-0.067,nan,500,fresh
287430,0,0,0,0,0,0,7,0,0,4,19,1,7,0,nan,nan,nan,nan,1.167,nan,nan,1,1,1,1.167,nan,nan,nan,nan,nan,-0.067,nan,nan,0,0,0,-0.067,nan,500,fresh
288499,0,0,0,0,0,0,6,0,0,4,19,1,7,0,nan,nan,nan,nan,1,nan,nan,1,1,1,1.167,nan,nan,nan,nan,nan,0,nan,nan,0,0,0,-0.067,nan,500,fresh
289569,0,0,0,0,0,0,7,0,0,4,19,1,7,0,nan,nan,nan,nan,1.167,nan,nan,1,1,1,1.167,nan,nan,nan,nan,nan,-0.067,nan,nan,0,0,0,-0.067,nan,500,fresh
290639,0,0,0,0,0,0,7,0,0,4,19,1,7,0,nan,nan,nan,nan,1.167,nan,nan,1,1,1,1.167,nan,nan,nan,nan,nan,-0.067,nan,nan,0,0,0,-0.067,nan,500,fresh
291709,0,0,0,0,0,0,6,0,0,4,19,1,7,0,nan,nan,nan,nan,1,nan,nan,1,1,1,1.167,nan,nan,nan,nan,nan,0,nan,nan,0,0,0,-0.067,nan,500,fresh
292779,0,0,0,0,0,0,7,0,0,4,19,1,7,0,nan,nan,nan,nan,1.167,nan,nan,1,1,1,1.167,nan,nan,nan,nan,nan,-0.067,nan,nan,0,0,0,-0.067,nan,500,fresh
293848,0,0,0,0,0,0,7,0,0,4,19,1,7,0,nan,nan,nan,nan,1.167,nan,nan,1,1,1,1.167,nan,nan,nan,nan,nan,-0.067,nan,nan,0,0,0,-0.067,nan,500,fresh
294918,0,0,0,0,0,0,7,0,0,4,19,1,7,0,nan,nan,nan,nan,1.167,nan,nan,1,1,1,1.167,nan,nan,nan,nan,nan,-0.067,nan,nan,0,0,0,-0.067,nan,500,fresh
295987,0,0,0,0,0,0,6,0,0,4,19,1,7,0,nan,nan,nan,nan,1,nan,nan,1,1,1,1.167,nan,nan,nan,nan,nan,0,nan,nan,0,0,0,-0.067,nan,500,fresh
297057,0,0,0,0,0,0,7,0,0,4,19,1,6,0,nan,nan,nan,nan,1.167,nan,nan,1,1,1,1,nan,nan,nan,nan,nan,-0.067,nan,nan,0,0,0,0,nan,500,fresh
298126,0,0,0,0,0,0,7,0,0,4,19,1,6,0,nan,nan,nan,nan,1.167,nan,nan,1,1,1,1,nan,nan,nan,nan,nan,-0.067,nan,nan,0,0,0,0,nan,500,fresh
299195,0,0,0,0,0,0,7,0,0,4,19,1,7,0,nan,nan,nan,nan,1.167,nan,nan,1,1,1,1.167,nan,nan,nan,nan,nan,-0.067,nan,nan,0,0,0,-0.067,nan,500,fresh
300265,0,0,0,0,0,0,7,0,0,4,19,1,6,0,nan,nan,nan,nan,1.167,nan,nan,1,1,1,1,nan,nan,nan,nan,nan,-0.067,nan,nan,0,0,0,0,nan,500,fresh
301335,0,0,0,0,0,0,7,0,0,4,19,1,7,0,nan,nan,nan,nan,1.167,nan,nan,1,1,1,1.167,nan,nan,nan,nan,nan,-0.067,nan,nan,0,0,0,-0.067,nan,500,fresh
302405,0,0,0,0,0,0,7,0,0,4,19,1,7,0,nan,nan,nan,nan,1.167,nan,nan,1,1,1,1.167,nan,nan,nan,nan,nan,-0.067,nan,nan,0,0,0,-0.067,nan,500,fresh
303475,0,0,0,0,0,0,7,0,0,4,19,1,7,0,nan,nan,nan,nan,1.167,nan,nan,1,1,1,1.167,nan,nan,nan,nan,nan,-0.067,nan,nan,0,0,0,-0.067,nan,500,fresh
304544,0,0,0,0,0,0,6,0,0,4,19,1,7,0,nan,nan,nan,nan,1,nan,nan,1,1,1,1.167,nan,nan,nan,nan,nan,0,nan,nan,0,0,0,-0.067,nan,500,fresh
305613,0,0,0,0,0,0,6,0,0,4,19,1,7,0,nan,nan,nan,nan,1,nan,nan,1,1,1,1.167,nan,nan,nan,nan,nan,0,nan,nan,0,0,0,-0.067,nan,500,fresh
306683,0,0,0,0,0,0,7,0,0,4,19,1,7,0,nan,nan,nan,nan,1.167,nan,nan,1,1,1,1.167,nan,nan,nan,nan,nan,-0.067,nan,nan,0,0,0,-0.067,nan,500,fresh
307752,0,0,0,0,0,0,7,0,0,3,19,1,7,0,nan,nan,nan,nan,1.167,nan,nan,0.75,1,1,1.167,nan,nan,nan,nan,nan,-0.067,nan,nan,0.125,0,0,-0.067,nan,500,fresh
308821,0,0,0,0,0,0,7,0,0,4,19,1,7,0,nan,nan,nan,nan,1.167,nan,nan,1,1,1,1.167,nan,nan,nan,nan,nan,-0.067,nan,nan,0,0,0,-0.067,nan,500,fresh
309891,0,0,0,0,0,0,7,0,0,4,19,1,6,0,nan,nan,nan,nan,1.167,nan,nan,1,1,1,1,nan,nan,nan,nan,nan,-0.067,nan,nan,0,0,0,0,nan,500,fresh
310960,0,0,0,0,0,0,7,0,0,4,19,1,7,0,nan,nan,nan,nan,1.167,nan,nan,1,1,1,1.167,nan,nan,nan,nan,nan,-0.067,nan,nan,0,0,0,-0.067,nan,500,fresh
312029,0,0,0,0,0,0,7,0,0,4,19,1,6,0,nan,nan,nan,nan,1.167,nan,nan,1,1,1,1,nan,nan,nan,nan,nan,-0.067,nan,nan,0,0,0,0,nan,500,fresh
313098,0,0,0,0,0,0,7,0,0,4,19,1,7,0,nan,nan,nan,nan,1.167,nan,nan,1,1,1,1.167,nan,nan,nan,nan,nan,-0.067,nan,nan,0,0,0,-0.067,nan,500,fresh
323795,0,0,0,0,0,0,7,0,0,4,19,1,7,0,nan,nan,nan,nan,1.167,nan,nan,1,1,1,1.167,nan,nan,nan,nan,nan,-0.067,nan,nan,0,0,0,-0.067,nan,500,fresh
324865,0,0,0,0,0,0,7,0,0,4,19,1,7,0,nan,nan,nan,nan,1.167,nan,nan,1,1,1,1.167,nan,nan,nan,nan,nan,-0.067,nan,nan,0,0,0,-0.067,nan,500,fresh
325934,0,0,0,0,0,0,7,0,0,4,19,1,7,0,nan,nan,nan,nan,1.167,nan,nan,1,1,1,1.167,nan,nan,nan,nan,nan,-0.067,nan,nan,0,0,0,-0.067,nan,500,fresh
327004,0,0,0,0,0,0,7,0,0,4,19,1,7,0,nan,nan,nan,nan,1.167,nan,nan,1,1,1,1.167,nan,nan,nan,nan,nan,-0.067,nan,nan,0,0,0,-0.067,nan,500,fresh
347322,0,0,0,0,0,0,7,0,0,4,20,1,7,0,nan,nan,nan,nan,1.167,nan,nan,1,1.053,1,1.167,nan,nan,nan,nan,nan,-0.067,nan,nan,0,-0.022,0,-0.067,nan,500,fresh
348392,0,0,0,0,0,0,7,0,0,4,20,1,7,0,nan,nan,nan,nan,1.167,nan,nan,1,1.053,1,1.167,nan,nan,nan,nan,nan,-0.067,nan,nan,0,-0.022,0,-0.067,nan,500,fresh
349461,0,0,0,0,0,0,7,0,0,4,19,1,7,0,nan,nan,nan,nan,1.167,nan,nan,1,1,1,1.167,nan,nan,nan,nan,nan,-0.067,nan,nan,0,0,0,-0.067,nan,500,fresh
350530,0,0,0,0,0,0,7,0,0,4,20,1,7,0,nan,nan,nan,nan,1.167,nan,nan,1,1.053,1,1.167,nan,nan,nan,nan,nan,-0.067,nan,nan,0,-0.022,0,-0.067,nan,500,fresh
351600,0,0,0,0,0,0,7,0,0,4,20,1,7,0,nan,nan,nan,nan,1.167,nan,nan,1,1.053,1,1.167,nan,nan,nan,nan,nan,-0.067,nan,nan,0,-0.022,0,-0.067,nan,500,fresh
352669,0,0,0,0,0,0,7,0,0,4,20,1,7,0,nan,nan,nan,nan,1.167,nan,nan,1,1.053,1,1.167,nan,nan,nan,nan,nan,-0.067,nan,nan,0,-0.022,0,-0.067,nan,500,fresh
353738,0,0,0,0,0,0,7,0,0,4,20,1,7,0,nan,nan,nan,nan,1.167,nan,nan,1,1.053,1,1.167,nan,nan,nan,nan,nan,-0.067,nan,nan,0,-0.022,0,-0.067,nan,500,fresh
354807,0,0,0,0,0,0,7,0,0,4,20,1,7,0,nan,nan,nan,nan,1.167,nan,nan,1,1.053,1,1.167,nan,nan,nan,nan,nan,-0.067,nan,nan,0,-0.022,0,-0.067,nan,500,fresh
355876,0,0,0,0,0,0,7,0,0,4,20,1,7,0,nan,nan,nan,nan,1.167,nan,nan,1,1.053,1,1.167,nan,nan,nan,nan,nan,-0.067,nan,nan,0,-0.022,0,-0.067,nan,500,fresh
356945,0,0,0,0,0,0,7,0,0,4,20,1,7,0,nan,nan,nan,nan,1.167,nan,nan,1,1.053,1,1.167,nan,nan,nan,nan,nan,-0.067,nan,nan,0,-0.022,0,-0.067,nan,500,fresh
358014,0,0,0,0,0,0,7,0,0,4,20,1,7,0,nan,nan,nan,nan,1.167,nan,nan,1,1.053,1,1.167,nan,nan,nan,nan,nan,-0.067,nan,nan,0,-0.022,0,-0.067,nan,500,fresh
359084,0,0,0,0,0,0,7,0,0,4,20,1,7,0,nan,nan,nan,nan,1.167,nan,nan,1,1.053,1,1.167,nan,nan,nan,nan,nan,-0.067,nan,nan,0,-0.022,0,-0.067,nan,500,fresh
360154,0,0,0,0,0,0,7,0,0,4,20,1,7,0,nan,nan,nan,nan,1.167,nan,nan,1,1.053,1,1.167,nan,nan,nan,nan,nan,-0.067,nan,nan,0,-0.022,0,-0.067,nan,500,fresh
361224,0,0,0,0,0,0,7,0,0,4,20,1,7,0,nan,nan,nan,nan,1.167,nan,nan,1,1.053,1,1.167,nan,nan,nan,nan,nan,-0.067,nan,nan,0,-0.022,0,-0.067,nan,500,fresh
362294,0,0,0,0,0,0,7,0,0,4,19,1,7,0,nan,nan,nan,nan,1.167,nan,nan,1,1,1,1.167,nan,nan,nan,nan,nan,-0.067,nan,nan,0,0,0,-0.067,nan,500,fresh
363364,0,0,0,0,0,0,7,0,0,4,20,1,7,0,nan,nan,nan,nan,1.167,nan,nan,1,1.053,1,1.167,nan,nan,nan,nan,nan,-0.067,nan,nan,0,-0.022,0,-0.067,nan,500,fresh
364434,0,0,0,0,0,0,7,0,0,4,20,1,7,0,nan,nan,nan,nan,1.167,nan,nan,1,1.053,1,1.167,nan,nan,nan,nan,nan,-0.067,nan,nan,0,-0.022,0,-0.067,nan,500,fresh
365504,0,0,0,0,0,0,7,0,0,4,20,1,7,0,nan,nan,nan,nan,1.167,nan,nan,1,1.053,1,1.167,nan,nan,nan,nan,nan,-0.067,nan,nan,0,-0.022,0,-0.067,nan,500,fresh
366574,0,0,0,0,0,0,7,0,0,4,20,1,7,0,nan,nan,nan,nan,1.167,nan,nan,1,1.053,1,1.167,nan,nan,nan,nan,nan,-0.067,nan,nan,0,-0.022,0,-0.067,nan,500,fresh
367643,0,0,0,0,0,0,7,0,0,4,20,1,7,0,nan,nan,nan,nan,1.167,nan,nan,1,1.053,1,1.167,nan,nan,nan,nan,nan,-0.067,nan,nan,0,-0.022,0,-0.067,nan,500,fresh
368713,0,0,0,0,0,0,7,0,0,4,20,1,7,0,nan,nan,nan,nan,1.167,nan,nan,1,1.053,1,1.167,nan,nan,nan,nan,nan,-0.067,nan,nan,0,-0.022,0,-0.067,nan,500,fresh
369783,0,0,0,0,0,0,7,0,0,4,20,1,7,0,nan,nan,nan,nan,1.167,nan,nan,1,1.053,1,1.167,nan,nan,nan,nan,nan,-0.067,nan,nan,0,-0.022,0,-0.067,nan,500,fresh
370852,0,0,0,0,0,0,7,0,0,4,20,1,7,0,nan,nan,nan,nan,1.167,nan,nan,1,1.053,1,1.167,nan,nan,nan,nan,nan,-0.067,nan,nan,0,-0.022,0,-0.067,nan,500,fresh
371922,0,0,0,0,0,0,7,0,0,4,20,1,7,0,nan,nan,nan,nan,1.167,nan,nan,1,1.053,1,1.167,nan,nan,nan,nan,nan,-0.067,nan,nan,0,-0.022,0,-0.067,nan,500,fresh
372991,0,0,0,0,0,0,7,0,0,4,20,1,7,0,nan,nan,nan,nan,1.167,nan,nan,1,1.053,1,1.167,nan,nan,nan,nan,nan,-0.067,nan,nan,0,-0.022,0,-0.067,nan,500,fresh
374059,0,0,0,0,0,0,7,0,0,4,19,1,7,0,nan,nan,nan,nan,1.167,nan,nan,1,1,1,1.167,nan,nan,nan,nan,nan,-0.067,nan,nan,0,0,0,-0.067,nan,500,fresh
375127,0,0,0,0,0,0,7,0,0,4,20,1,7,0,nan,nan,nan,nan,1.167,nan,nan,1,1.053,1,1.167,nan,nan,nan,nan,nan,-0.067,nan,nan,0,-0.022,0,-0.067,nan,500,fresh
376197,0,0,0,0,0,0,7,0,0,4,20,1,7,0,nan,nan,nan,nan,1.167,nan,nan,1,1.053,1,1.167,nan,nan,nan,nan,nan,-0.067,nan,nan,0,-0.022,0,-0.067,nan,500,fresh
377265,0,0,0,0,0,0,7,0,0,4,19,1,7,0,nan,nan,nan,nan,1.167,nan,nan,1,1,1,1.167,nan,nan,nan,nan,nan,-0.067,nan,nan,0,0,0,-0.067,nan,500,fresh
378333,0,0,0,0,0,0,7,0,0,4,20,1,7,0,nan,nan,nan,nan,1.167,nan,nan,1,1.053,1,1.167,nan,nan,nan,nan,nan,-0.067,nan,nan,0,-0.022,0,-0.067,nan,500,fresh
379403,0,0,0,0,0,0,7,0,0,4,20,1,7,0,nan,nan,nan,nan,1.167,nan,nan,1,1.053,1,1.167,nan,nan,nan,nan,nan,-0.067,nan,nan,0,-0.022,0,-0.067,nan,500,fresh
380473,0,0,0,0,0,0,7,0,0,4,20,1,7,0,nan,nan,nan,nan,1.167,nan,nan,1,1.053,1,1.167,nan,nan,nan,nan,nan,-0.067,nan,nan,0,-0.022,0,-0.067,nan,500,fresh
381542,0,0,0,0,0,0,7,0,0,4,20,1,7,0,nan,nan,nan,nan,1.167,nan,nan,1,1.053,1,1.167,nan,nan,nan,nan,nan,-0.067,nan,nan,0,-0.022,0,-0.067,nan,500,fresh
382612,0,0,0,0,0,0,7,0,0,4,20,1,7,0,nan,nan,nan,nan,1.167,nan,nan,1,1.053,1,1.167,nan,nan,nan,nan,nan,-0.067,nan,nan,0,-0.022,0,-0.067,nan,500,fresh
383681,0,0,0,0,0,0,7,0,0,4,19,1,7,0,nan,nan,nan,nan,1.167,nan,nan,1,1,1,1.167,nan,nan,nan,nan,nan,-0.067,nan,nan,0,0,0,-0.067,nan,500,fresh
384750,0,0,0,0,0,0,7,0,0,4,20,1,7,0,nan,nan,nan,nan,1.167,nan,nan,1,1.053,1,1.167,nan,nan,nan,nan,nan,-0.067,nan,nan,0,-0.022,0,-0.067,nan,500,fresh
385819,0,0,0,0,0,0,7,0,0,4,20,1,7,0,nan,nan,nan,nan,1.167,nan,nan,1,1.053,1,1.167,nan,nan,nan,nan,nan,-0.067,nan,nan,0,-0.022,0,-0.067,nan,500,fresh
386889,0,0,0,0,0,0,6,0,0,4,19,1,7,0,nan,nan,nan,nan,1,nan,nan,1,1,1,1.167,nan,nan,nan,nan,nan,0,nan,nan,0,0,0,-0.067,nan,500,fresh
387957,0,0,0,0,0,0,7,0,0,4,20,1,7,0,nan,nan,nan,nan,1.167,nan,nan,1,1.053,1,1.167,nan,nan,nan,nan,nan,-0.067,nan,nan,0,-0.022,0,-0.067,nan,500,fresh
389027,0,0,0,0,0,0,7,0,0,4,20,1,7,0,nan,nan,nan,nan,1.167,nan,nan,1,1.053,1,1.167,nan,nan,nan,nan,nan,-0.067,nan,nan,0,-0.022,0,-0.067,nan,500,fresh
390096,0,0,0,0,0,0,7,0,0,4,20,1,7,0,nan,nan,nan,nan,1.167,nan,nan,1,1.053,1,1.167,nan,nan,nan,nan,nan,-0.067,nan,nan,0,-0.022,0,-0.067,nan,500,fresh
391165,0,0,0,0,0,0,7,0,0,4,20,1,7,0,nan,nan,nan,nan,1.167,nan,nan,1,1.053,1,1.167,nan,nan,nan,nan,nan,-0.067,nan,nan,0,-0.022,0,-0.067,nan,500,fresh
392235,0,0,0,0,0,0,7,0,0,4,19,1,7,0,nan,nan,nan,nan,1.167,nan,nan,1,1,1,1.167,nan,nan,nan,nan,nan,-0.067,nan,nan,0,0,0,-0.067,nan,500,fresh
393304,0,0,0,0,0,0,7,0,0,4,19,1,7,0,nan,nan,nan,nan,1.167,nan,nan,1,1,1,1.167,nan,nan,nan,nan,nan,-0.067,nan,nan,0,0,0,-0.067,nan,500,fresh
394373,0,0,0,0,0,0,7,0,0,4,19,1,7,0,nan,nan,nan,nan,1.167,nan,nan,1,1,1,1.167,nan,nan,nan,nan,nan,-0.067,nan,nan,0,0,0,-0.067,nan,500,fresh
395443,0,0,0,0,0,0,7,0,0,4,19,1,7,0,nan,nan,nan,nan,1.167,nan,nan,1,1,1,1.167,nan,nan,nan,nan,nan,-0.067,nan,nan,0,0,0,-0.067,nan,500,fresh
396513,0,0,0,0,0,0,7,0,0,4,19,1,7,0,nan,nan,nan,nan,1.167,nan,nan,1,1,1,1.167,nan,nan,nan,nan,nan,-0.067,nan,nan,0,0,0,-0.067,nan,500,fresh
397582,0,0,0,0,0,0,7,0,0,4,20,1,7,0,nan,nan,nan,nan,1.167,nan,nan,1,1.053,1,1.167,nan,nan,nan,nan,nan,-0.067,nan,nan,0,-0.022,0,-0.067,nan,500,fresh
398651,0,0,0,0,0,0,7,0,0,4,19,1,7,0,nan,nan,nan,nan,1.167,nan,nan,1,1,1,1.167,nan,nan,nan,nan,nan,-0.067,nan,nan,0,0,0,-0.067,nan,500,fresh
399720,0,0,0,0,0,0,7,0,0,4,20,1,7,0,nan,nan,nan,nan,1.167,nan,nan,1,1.053,1,1.167,nan,nan,nan,nan,nan,-0.067,nan,nan,0,-0.022,0,-0.067,nan,500,fresh
400789,0,0,0,0,0,0,7,0,0,4,20,1,7,0,nan,nan,nan,nan,1.167,nan,nan,1,1.053,1,1.167,nan,nan,nan,nan,nan,-0.067,nan,nan,0,-0.022,0,-0.067,nan,500,fresh
401859,0,0,0,0,0,0,7,0,0,4,19,1,7,0,nan,nan,nan,nan,1.167,nan,nan,1,1,1,1.167,nan,nan,nan,nan,nan,-0.067,nan,nan,0,0,0,-0.067,nan,500,fresh
402928,0,0,0,0,0,0,7,0,0,4,20,1,7,0,nan,nan,nan,nan,1.167,nan,nan,1,1.053,1,1.167,nan,nan,nan,nan,nan,-0.067,nan,nan,0,-0.022,0,-0.067,nan,500,fresh
403997,0,0,0,0,0,0,7,0,0,4,19,1,7,0,nan,nan,nan,nan,1.167,nan,nan,1,1,1,1.167,nan,nan,nan,nan,nan,-0.067,nan,nan,0,0,0,-0.067,nan,500,fresh
405067,0,0,0,0,0,0,7,0,0,4,19,1,7,0,nan,nan,nan,nan,1.167,nan,nan,1,1,1,1.167,nan,nan,nan,nan,nan,-0.067,nan,nan,0,0,0,-0.067,nan,500,fresh
406136,0,0,0,0,0,0,6,0,0,4,19,1,7,0,nan,nan,nan,nan,1,nan,nan,1,1,1,1.167,nan,nan,nan,nan,nan,0,nan,nan,0,0,0,-0.067,nan,500,fresh
407206,0,0,0,0,0,0,7,0,0,4,19,1,7,0,nan,nan,nan,nan,1.167,nan,nan,1,1,1,1.167,nan,nan,nan,nan,nan,-0.067,nan,nan,0,0,0,-0.067,nan,500,fresh
408276,0,0,0,0,0,0,7,0,0,4,19,1,7,0,nan,nan,nan,nan,1.167,nan,nan,1,1,1,1.167,nan,nan,nan,nan,nan,-0.067,nan,nan,0,0,0,-0.067,nan,500,fresh
409345,0,0,0,0,0,0,7,0,0,4,19,1,7,0,nan,nan,nan,nan,1.167,nan,nan,1,1,1,1.167,nan,nan,nan,nan,nan,-0.067,nan,nan,0,0,0,-0.067,nan,500,fresh
410415,0,0,0,0,0,0,7,0,0,4,19,1,7,0,nan,nan,nan,nan,1.167,nan,nan,1,1,1,1.167,nan,nan,nan,nan,nan,-0.067,nan,nan,0,0,0,-0.067,nan,500,fresh
411485,0,0,0,0,0,0,7,0,0,4,19,1,7,0,nan,nan,nan,nan,1.167,nan,nan,1,1,1,1.167,nan,nan,nan,nan,nan,-0.067,nan,nan,0,0,0,-0.067,nan,500,fresh
412555,0,0,0,0,0,0,7,0,0,4,19,1,7,0,nan,nan,nan,nan,1.167,nan,nan,1,1,1,1.167,nan,nan,nan,nan,nan,-0.067,nan,nan,0,0,0,-0.067,nan,500,fresh
413625,0,0,0,0,0,0,7,0,0,4,19,1,7,0,nan,nan,nan,nan,1.167,nan,nan,1,1,1,1.167,nan,nan,nan,nan,nan,-0.067,nan,nan,0,0,0,-0.067,nan,500,fresh
414694,0,0,0,0,0,0,7,0,0,4,19,1,7,0,nan,nan,nan,nan,1.167,nan,nan,1,1,1,1.167,nan,nan,nan,nan,nan,-0.067,nan,nan,0,0,0,-0.067,nan,500,fresh
415763,0,0,0,0,0,0,7,0,0,4,19,1,7,0,nan,nan,nan,nan,1.167,nan,nan,1,1,1,1.167,nan,nan,nan,nan,nan,-0.067,nan,nan,0,0,0,-0.067,nan,500,fresh
416832,0,0,0,0,0,0,7,0,0,4,19,1,7,0,nan,nan,nan,nan,1.167,nan,nan,1,1,1,1.167,nan,nan,nan,nan,nan,-0.067,nan,nan,0,0,0,-0.067,nan,500,fresh
417901,0,0,0,0,0,0,7,0,0,4,19,1,7,0,nan,nan,nan,nan,1.167,nan,nan,1,1,1,1.167,nan,nan,nan,nan,nan,-0.067,nan,nan,0,0,0,-0.067,nan,500,fresh
418971,0,0,0,0,0,0,7,0,0,4,19,1,7,0,nan,nan,nan,nan,1.167,nan,nan,1,1,1,1.167,nan,nan,nan,nan,nan,-0.067,nan,nan,0,0,0,-0.067,nan,500,fresh
420041,0,0,0,0,0,0,7,0,0,4,19,1,7,0,nan,nan,nan,nan,1.167,nan,nan,1,1,1,1.167,nan,nan,nan,nan,nan,-0.067,nan,nan,0,0,0,-0.067,nan,500,fresh
421111,0,0,0,0,0,0,7,0,0,4,19,1,7,0,nan,nan,nan,nan,1.167,nan,nan,1,1,1,1.167,nan,nan,nan,nan,nan,-0.067,nan,nan,0,0,0,-0.067,nan,500,fresh
422181,0,0,0,0,0,0,7,0,0,4,20,1,7,0,nan,nan,nan,nan,1.167,nan,nan,1,1.053,1,1.167,nan,nan,nan,nan,nan,-0.067,nan,nan,0,-0.022,0,-0.067,nan,500,fresh
423250,0,0,0,0,0,0,7,0,0,4,19,1,7,0,nan,nan,nan,nan,1.167,nan,nan,1,1,1,1.167,nan,nan,nan,nan,nan,-0.067,nan,nan,0,0,0,-0.067,nan,500,fresh
424319,0,0,0,0,0,0,7,0,0,4,19,1,7,0,nan,nan,nan,nan,1.167,nan,nan,1,1,1,1.167,nan,nan,nan,nan,nan,-0.067,nan,nan,0,0,0,-0.067,nan,500,fresh
425389,0,0,0,0,0,0,7,0,0,4,19,1,7,0,nan,nan,nan,nan,1.167,nan,nan,1,1,1,1.167,nan,nan,nan,nan,nan,-0.067,nan,nan,0,0,0,-0.067,nan,500,fresh
426457,0,0,0,0,0,0,7,0,0,4,20,1,7,0,nan,nan,nan,nan,1.167,nan,nan,1,1.053,1,1.167,nan,nan,nan,nan,nan,-0.067,nan,nan,0,-0.022,0,-0.067,nan,500,fresh
427527,0,0,0,0,0,0,7,0,0,4,19,1,7,0,nan,nan,nan,nan,1.167,nan,nan,1,1,1,1.167,nan,nan,nan,nan,nan,-0.067,nan,nan,0,0,0,-0.067,nan,500,fresh
428597,0,0,0,0,0,0,7,0,0,4,19,1,7,0,nan,nan,nan,nan,1.167,nan,nan,1,1,1,1.167,nan,nan,nan,nan,nan,-0.067,nan,nan,0,0,0,-0.067,nan,500,fresh
429666,0,0,0,0,0,0,7,0,0,4,19,1,7,0,nan,nan,nan,nan,1.167,nan,nan,1,1,1,1.167,nan,nan,nan,nan,nan,-0.067,nan,nan,0,0,0,-0.067,nan,500,fresh
430736,0,0,0,0,0,0,7,0,0,4,19,1,7,0,nan,nan,nan,nan,1.167,nan,nan,1,1,1,1.167,nan,nan,nan,nan,nan,-0.067,nan,nan,0,0,0,-0.067,nan,500,fresh
431806,0,0,0,0,0,0,7,0,0,4,19,1,7,0,nan,nan,nan,nan,1.167,nan,nan,1,1,1,1.167,nan,nan,nan,nan,nan,-0.067,nan,nan,0,0,0,-0.067,nan,500,fresh
432875,0,0,0,0,0,0,7,0,0,4,19,1,7,0,nan,nan,nan,nan,1.167,nan,nan,1,1,1,1.167,nan,nan,nan,nan,nan,-0.067,nan,nan,0,0,0,-0.067,nan,500,fresh
433945,0,0,0,0,0,0,7,0,0,4,19,1,7,0,nan,nan,nan,nan,1.167,nan,nan,1,1,1,1.167,nan,nan,nan,nan,nan,-0.067,nan,nan,0,0,0,-0.067,nan,500,fresh
435015,0,0,0,0,0,0,7,0,0,4,19,1,7,0,nan,nan,nan,nan,1.167,nan,nan,1,1,1,1.167,nan,nan,nan,nan,nan,-0.067,nan,nan,0,0,0,-0.067,nan,500,fresh
436085,0,0,0,0,0,0,7,0,0,4,19,1,7,0,nan,nan,nan,nan,1.167,nan,nan,1,1,1,1.167,nan,nan,nan,nan,nan,-0.067,nan,nan,0,0,0,-0.067,nan,500,fresh
437154,0,0,0,0,0,0,7,0,0,4,19,1,7,0,nan,nan,nan,nan,1.167,nan,nan,1,1,1,1.167,nan,nan,nan,nan,nan,-0.067,nan,nan,0,0,0,-0.067,nan,500,fresh
438224,0,0,0,0,0,0,7,0,0,4,19,1,7,0,nan,nan,nan,nan,1.167,nan,nan,1,1,1,1.167,nan,nan,nan,nan,nan,-0.067,nan,nan,0,0,0,-0.067,nan,500,fresh
50008,0,0,0,0,0,0,7,0,0,4,19,1,7,0,nan,nan,nan,nan,1.167,nan,nan,1,1,1,1.167,nan,nan,nan,nan,nan,-0.067,nan,nan,0,0,0,-0.067,nan,500,fresh
51077,0,0,0,0,0,0,6,0,0,4,19,1,7,0,nan,nan,nan,nan,1,nan,nan,1,1,1,1.167,nan,nan,nan,nan,nan,0,nan,nan,0,0,0,-0.067,nan,500,fresh
52146,0,0,0,0,0,0,7,0,0,4,19,1,7,0,nan,nan,nan,nan,1.167,nan,nan,1,1,1,1.167,nan,nan,nan,nan,nan,-0.067,nan,nan,0,0,0,-0.067,nan,500,fresh
53216,0,0,0,0,0,0,7,0,0,4,19,1,6,0,nan,nan,nan,nan,1.167,nan,nan,1,1,1,1,nan,nan,nan,nan,nan,-0.067,nan,nan,0,0,0,0,nan,500,fresh
54285,0,0,0,0,0,0,7,0,0,4,19,1,7,0,nan,nan,nan,nan,1.167,nan,nan,1,1,1,1.167,nan,nan,nan,nan,nan,-0.067,nan,nan,0,0,0,-0.067,nan,500,fresh
55355,0,0,0,0,0,0,7,0,0,4,19,1,6,0,nan,nan,nan,nan,1.167,nan,nan,1,1,1,1,nan,nan,nan,nan,nan,-0.067,nan,nan,0,0,0,0,nan,500,fresh
56425,0,0,0,0,0,0,7,0,0,4,19,1,7,0,nan,nan,nan,nan,1.167,nan,nan,1,1,1,1.167,nan,nan,nan,nan,nan,-0.067,nan,nan,0,0,0,-0.067,nan,500,fresh
57495,0,0,0,0,0,0,7,0,0,4,19,1,7,0,nan,nan,nan,nan,1.167,nan,nan,1,1,1,1.167,nan,nan,nan,nan,nan,-0.067,nan,nan,0,0,0,-0.067,nan,500,fresh
58564,0,0,0,0,0,0,7,0,0,4,19,1,7,0,nan,nan,nan,nan,1.167,nan,nan,1,1,1,1.167,nan,nan,nan,nan,nan,-0.067,nan,nan,0,0,0,-0.067,nan,500,fresh
59634,0,0,0,0,0,0,7,0,0,4,19,1,7,0,nan,nan,nan,nan,1.167,nan,nan,1,1,1,1.167,nan,nan,nan,nan,nan,-0.067,nan,nan,0,0,0,-0.067,nan,500,fresh
60704,0,0,0,0,0,0,7,0,0,4,19,1,7,0,nan,nan,nan,nan,1.167,nan,nan,1,1,1,1.167,nan,nan,nan,nan,nan,-0.067,nan,nan,0,0,0,-0.067,nan,500,fresh
61774,0,0,0,0,0,0,7,0,0,4,19,1,7,0,nan,nan,nan,nan,1.167,nan,nan,1,1,1,1.167,nan,nan,nan,nan,nan,-0.067,nan,nan,0,0,0,-0.067,nan,500,fresh
62844,0,0,0,0,0,0,6,0,0,4,19,1,7,0,nan,nan,nan,nan,1,nan,nan,1,1,1,1.167,nan,nan,nan,nan,nan,0,nan,nan,0,0,0,-0.067,nan,500,fresh
63913,0,0,0,0,0,0,7,0,0,4,19,1,7,0,nan,nan,nan,nan,1.167,nan,nan,1,1,1,1.167,nan,nan,nan,nan,nan,-0.067,nan,nan,0,0,0,-0.067,nan,500,fresh
64983,0,0,0,0,0,0,7,0,0,4,19,1,7,0,nan,nan,nan,nan,1.167,nan,nan,1,1,1,1.167,nan,nan,nan,nan,nan,-0.067,nan,nan,0,0,0,-0.067,nan,500,fresh
66053,0,0,0,0,0,0,7,0,0,4,19,1,7,0,nan,nan,nan,nan,1.167,nan,nan,1,1,1,1.167,nan,nan,nan,nan,nan,-0.067,nan,nan,0,0,0,-0.067,nan,500,fresh
67123,0,0,0,0,0,0,7,0,0,4,19,1,7,0,nan,nan,nan,nan,1.167,nan,nan,1,1,1,1.167,nan,nan,nan,nan,nan,-0.067,nan,nan,0,0,0,-0.067,nan,500,fresh
68193,0,0,0,0,0,0,7,0,0,4,19,1,7,0,nan,nan,nan,nan,1.167,nan,nan,1,1,1,1.167,nan,nan,nan,nan,nan,-0.067,nan,nan,0,0,0,-0.067,nan,500,fresh
69263,0,0,0,0,0,0,7,0,0,4,19,1,7,0,nan,nan,nan,nan,1.167,nan,nan,1,1,1,1.167,nan,nan,nan,nan,nan,-0.067,nan,nan,0,0,0,-0.067,nan,500,fresh
70333,0,0,0,0,0,0,7,0,0,4,19,1,7,0,nan,nan,nan,nan,1.167,nan,nan,1,1,1,1.167,nan,nan,nan,nan,nan,-0.067,nan,nan,0,0,0,-0.067,nan,500,fresh
71403,0,0,0,0,0,0,7,0,0,4,19,1,7,0,nan,nan,nan,nan,1.167,nan,nan,1,1,1,1.167,nan,nan,nan,nan,nan,-0.067,nan,nan,0,0,0,-0.067,nan,500,fresh
72473,0,0,0,0,0,0,6,0,0,4,19,1,7,0,nan,nan,nan,nan,1,nan,nan,1,1,1,1.167,nan,nan,nan,nan,nan,0,nan,nan,0,0,0,-0.067,nan,500,fresh
73542,0,0,0,0,0,0,7,0,0,4,19,1,6,0,nan,nan,nan,nan,1.167,nan,nan,1,1,1,1,nan,nan,nan,nan,nan,-0.067,nan,nan,0,0,0,0,nan,500,fresh
74611,0,0,0,0,0,0,7,0,0,4,19,1,7,0,nan,nan,nan,nan,1.167,nan,nan,1,1,1,1.167,nan,nan,nan,nan,nan,-0.067,nan,nan,0,0,0,-0.067,nan,500,fresh
75681,0,0,0,0,0,0,7,0,0,4,19,1,7,0,nan,nan,nan,nan,1.167,nan,nan,1,1,1,1.167,nan,nan,nan,nan,nan,-0.067,nan,nan,0,0,0,-0.067,nan,500,fresh
76751,0,0,0,0,0,0,7,0,0,4,19,1,7,0,nan,nan,nan,nan,1.167,nan,nan,1,1,1,1.167,nan,nan,nan,nan,nan,-0.067,nan,nan,0,0,0,-0.067,nan,500,fresh
77821,0,0,0,0,0,0,7,0,0,4,19,1,7,0,nan,nan,nan,nan,1.167,nan,nan,1,1,1,1.167,nan,nan,nan,nan,nan,-0.067,nan,nan,0,0,0,-0.067,nan,500,fresh
78891,0,0,0,0,0,0,7,0,0,4,19,1,7,0,nan,nan,nan,nan,1.167,nan,nan,1,1,1,1.167,nan,nan,nan,nan,nan,-0.067,nan,nan,0,0,0,-0.067,nan,500,fresh
79960,0,0,0,0,0,0,7,0,0,4,19,1,6,0,nan,nan,nan,nan,1.167,nan,nan,1,1,1,1,nan,nan,nan,nan,nan,-0.067,nan,nan,0,0,0,0,nan,500,fresh
81030,0,0,0,0,0,0,6,0,0,4,19,1,7,0,nan,nan,nan,nan,1,nan,nan,1,1,1,1.167,nan,nan,nan,nan,nan,0,nan,nan,0,0,0,-0.067,nan,500,fresh
82099,0,0,0,0,0,0,7,0,0,4,19,1,7,0,nan,nan,nan,nan,1.167,nan,nan,1,1,1,1.167,nan,nan,nan,nan,nan,-0.067,nan,nan,0,0,0,-0.067,nan,500,fresh
83168,0,0,0,0,0,0,7,0,0,4,19,1,7,0,nan,nan,nan,nan,1.167,nan,nan,1,1,1,1.167,nan,nan,nan,nan,nan,-0.067,nan,nan,0,0,0,-0.067,nan,500,fresh
84238,0,0,0,0,0,0,7,0,0,4,19,1,6,0,nan,nan,nan,nan,1.167,nan,nan,1,1,1,1,nan,nan,nan,nan,nan,-0.067,nan,nan,0,0,0,0,nan,500,fresh
85308,0,0,0,0,0,0,7,0,0,4,19,1,7,0,nan,nan,nan,nan,1.167,nan,nan,1,1,1,1.167,nan,nan,nan,nan,nan,-0.067,nan,nan,0,0,0,-0.067,nan,500,fresh
86377,0,0,0,0,0,0,7,0,0,4,19,1,7,0,nan,nan,nan,nan,1.167,nan,nan,1,1,1,1.167,nan,nan,nan,nan,nan,-0.067,nan,nan,0,0,0,-0.067,nan,500,fresh
87447,0,0,0,0,0,0,7,0,0,4,19,1,7,0,nan,nan,nan,nan,1.167,nan,nan,1,1,1,1.167,nan,nan,nan,nan,nan,-0.067,nan,nan,0,0,0,-0.067,nan,500,fresh
88516,0,0,0,0,0,0,6,0,0,4,19,1,7,0,nan,nan,nan,nan,1,nan,nan,1,1,1,1.167,nan,nan,nan,nan,nan,0,nan,nan,0,0,0,-0.067,nan,500,fresh
89586,0,0,0,0,0,0,7,0,0,4,19,1,7,0,nan,nan,nan,nan,1.167,nan,nan,1,1,1,1.167,nan,nan,nan,nan,nan,-0.067,nan,nan,0,0,0,-0.067,nan,500,fresh
90655,0,0,0,0,0,0,7,0,0,4,19,1,7,0,nan,nan,nan,nan,1.167,nan,nan,1,1,1,1.167,nan,nan,nan,nan,nan,-0.067,nan,nan,0,0,0,-0.067,nan,500,fresh
91723,0,0,0,0,0,0,7,0,0,4,19,1,7,0,nan,nan,nan,nan,1.167,nan,nan,1,1,1,1.167,nan,nan,nan,nan,nan,-0.067,nan,nan,0,0,0,-0.067,nan,500,fresh
92792,0,0,0,0,0,0,7,0,0,4,19,1,7,0,nan,nan,nan,nan,1.167,nan,nan,1,1,1,1.167,nan,nan,nan,nan,nan,-0.067,nan,nan,0,0,0,-0.067,nan,500,fresh
93862,0,0,0,0,0,0,6,0,0,4,19,1,7,0,nan,nan,nan,nan,1,nan,nan,1,1,1,1.167,nan,nan,nan,nan,nan,0,nan,nan,0,0,0,-0.067,nan,500,fresh
94931,0,0,0,0,0,0,7,0,0,4,19,1,7,0,nan,nan,nan,nan,1.167,nan,nan,1,1,1,1.167,nan,nan,nan,nan,nan,-0.067,nan,nan,0,0,0,-0.067,nan,500,fresh
96000,0,0,0,0,0,0,7,0,0,4,19,1,7,0,nan,nan,nan,nan,1.167,nan,nan,1,1,1,1.167,nan,nan,nan,nan,nan,-0.067,nan,nan,0,0,0,-0.067,nan,500,fresh
97069,0,0,0,0,0,0,7,0,0,4,19,1,7,0,nan,nan,nan,nan,1.167,nan,nan,1,1,1,1.167,nan,nan,nan,nan,nan,-0.067,nan,nan,0,0,0,-0.067,nan,500,fresh
98138,0,0,0,0,0,0,7,0,0,4,19,1,7,0,nan,nan,nan,nan,1.167,nan,nan,1,1,1,1.167,nan,nan,nan,nan,nan,-0.067,nan,nan,0,0,0,-0.067,nan,500,fresh
99207,0,0,0,0,0,0,7,0,0,4,19,1,7,0,nan,nan,nan,nan,1.167,nan,nan,1,1,1,1.167,nan,nan,nan,nan,nan,-0.067,nan,nan,0,0,0,-0.067,nan,500,fresh
100276,0,0,0,0,0,0,7,0,0,4,19,1,7,0,nan,nan,nan,nan,1.167,nan,nan,1,1,1,1.167,nan,nan,nan,nan,nan,-0.067,nan,nan,0,0,0,-0.067,nan,500,fresh
101346,0,0,0,0,0,0,7,0,0,4,19,1,7,0,nan,nan,nan,nan,1.167,nan,nan,1,1,1,1.167,nan,nan,nan,nan,nan,-0.067,nan,nan,0,0,0,-0.067,nan,500,fresh
102416,0,0,0,0,0,0,7,0,0,4,19,1,7,0,nan,nan,nan,nan,1.167,nan,nan,1,1,1,1.167,nan,nan,nan,nan,nan,-0.067,nan,nan,0,0,0,-0.067,nan,500,fresh
103485,0,0,0,0,0,0,7,0,0,3,19,1,7,0,nan,nan,nan,nan,1.167,nan,nan,0.75,1,1,1.167,nan,nan,nan,nan,nan,-0.067,nan,nan,0.125,0,0,-0.067,nan,500,fresh
104555,0,0,0,0,0,0,6,0,0,4,19,1,7,0,nan,nan,nan,nan,1,nan,nan,1,1,1,1.167,nan,nan,nan,nan,nan,0,nan,nan,0,0,0,-0.067,nan,500,fresh
105625,0,0,0,0,0,0,7,0,0,4,19,1,7,0,nan,nan,nan,nan,1.167,nan,nan,1,1,1,1.167,nan,nan,nan,nan,nan,-0.067,nan,nan,0,0,0,-0.067,nan,500,fresh
106694,0,0,0,0,0,0,7,0,0,4,19,1,7,0,nan,nan,nan,nan,1.167,nan,nan,1,1,1,1.167,nan,nan,nan,nan,nan,-0.067,nan,nan,0,0,0,-0.067,nan,500,fresh
107763,0,0,0,0,0,0,7,0,0,4,19,1,7,0,nan,nan,nan,nan,1.167,nan,nan,1,1,1,1.167,nan,nan,nan,nan,nan,-0.067,nan,nan,0,0,0,-0.067,nan,500,fresh
108833,0,0,0,0,0,0,7,0,0,4,19,1,7,0,nan,nan,nan,nan,1.167,nan,nan,1,1,1,1.167,nan,nan,nan,nan,nan,-0.067,nan,nan,0,0,0,-0.067,nan,500,fresh
109903,0,0,0,0,0,0,7,0,0,4,19,1,7,0,nan,nan,nan,nan,1.167,nan,nan,1,1,1,1.167,nan,nan,nan,nan,nan,-0.067,nan,nan,0,0,0,-0.067,nan,500,fresh
110971,0,0,0,0,0,0,7,0,0,4,19,1,7,0,nan,nan,nan,nan,1.167,nan,nan,1,1,1,1.167,nan,nan,nan,nan,nan,-0.067,nan,nan,0,0,0,-0.067,nan,500,fresh
112041,0,0,0,0,0,0,7,0,0,4,19,1,7,0,nan,nan,nan,nan,1.167,nan,nan,1,1,1,1.167,nan,nan,nan,nan,nan,-0.067,nan,nan,0,0,0,-0.067,nan,500,fresh
113111,0,0,0,0,0,0,7,0,0,4,19,1,7,0,nan,nan,nan,nan,1.167,nan,nan,1,1,1,1.167,nan,nan,nan,nan,nan,-0.067,nan,nan,0,0,0,-0.067,nan,500,fresh
114180,0,0,0,0,0,0,7,0,0,4,19,1,7,0,nan,nan,nan,nan,1.167,nan,nan,1,1,1,1.167,nan,nan,nan,nan,nan,-0.067,nan,nan,0,0,0,-0.067,nan,500,fresh
115250,0,0,0,0,0,0,7,0,0,4,19,1,7,0,nan,nan,nan,nan,1.167,nan,nan,1,1,1,1.167,nan,nan,nan,nan,nan,-0.067,nan,nan,0,0,0,-0.067,nan,500,fresh
116319,0,0,0,0,0,0,7,0,0,4,19,1,7,0,nan,nan,nan,nan,1.167,nan,nan,1,1,1,1.167,nan,nan,nan,nan,nan,-0.067,nan,nan,0,0,0,-0.067,nan,500,fresh
117388,0,0,0,0,0,0,7,0,0,4,19,1,7,0,nan,nan,nan,nan,1.167,nan,nan,1,1,1,1.167,nan,nan,nan,nan,nan,-0.067,nan,nan,0,0,0,-0.067,nan,500,fresh
118457,0,0,0,0,0,0,7,0,0,4,19,1,7,0,nan,nan,nan,nan,1.167,nan,nan,1,1,1,1.167,nan,nan,nan,nan,nan,-0.067,nan,nan,0,0,0,-0.067,nan,500,fresh
119526,0,0,0,0,0,0,7,0,0,4,19,1,7,0,nan,nan,nan,nan,1.167,nan,nan,1,1,1,1.167,nan,nan,nan,nan,nan,-0.067,nan,nan,0,0,0,-0.067,nan,500,fresh
120596,0,0,0,0,0,0,7,0,0,4,19,1,7,0,nan,nan,nan,nan,1.167,nan,nan,1,1,1,1.167,nan,nan,nan,nan,nan,-0.067,nan,nan,0,0,0,-0.067,nan,500,fresh
121664,0,0,0,0,0,0,7,0,0,4,19,1,7,0,nan,nan,nan,nan,1.167,nan,nan,1,1,1,1.167,nan,nan,nan,nan,nan,-0.067,nan,nan,0,0,0,-0.067,nan,500,fresh
122733,0,0,0,0,0,0,6,0,0,4,19,1,7,0,nan,nan,nan,nan,1,nan,nan,1,1,1,1.167,nan,nan,nan,nan,nan,0,nan,nan,0,0,0,-0.067,nan,500,fresh
123803,0,0,0,0,0,0,7,0,0,4,19,1,7,0,nan,nan,nan,nan,1.167,nan,nan,1,1,1,1.167,nan,nan,nan,nan,nan,-0.067,nan,nan,0,0,0,-0.067,nan,500,fresh
124872,0,0,0,0,0,0,7,0,0,4,19,1,7,0,nan,nan,nan,nan,1.167,nan,nan,1,1,1,1.167,nan,nan,nan,nan,nan,-0.067,nan,nan,0,0,0,-0.067,nan,500,fresh
125941,0,0,0,0,0,0,7,0,0,4,19,1,7,0,nan,nan,nan,nan,1.167,nan,nan,1,1,1,1.167,nan,nan,nan,nan,nan,-0.067,nan,nan,0,0,0,-0.067,nan,500,fresh
127011,0,0,0,0,0,0,7,0,0,4,19,1,7,0,nan,nan,nan,nan,1.167,nan,nan,1,1,1,1.167,nan,nan,nan,nan,nan,-0.067,nan,nan,0,0,0,-0.067,nan,500,fresh
128081,0,0,0,0,0,0,7,0,0,4,19,1,7,0,nan,nan,nan,nan,1.167,nan,nan,1,1,1,1.167,nan,nan,nan,nan,nan,-0.067,nan,nan,0,0,0,-0.067,nan,500,fresh
129149,0,0,0,0,0,0,7,0,0,4,19,1,7,0,nan,nan,nan,nan,1.167,nan,nan,1,1,1,1.167,nan,nan,nan,nan,nan,-0.067,nan,nan,0,0,0,-0.067,nan,500,fresh
130219,0,0,0,0,0,0,7,0,0,4,19,1,7,0,nan,nan,nan,nan,1.167,nan,nan,1,1,1,1.167,nan,nan,nan,nan,nan,-0.067,nan,nan,0,0,0,-0.067,nan,500,fresh
131289,0,0,0,0,0,0,7,0,0,4,19,1,7,0,nan,nan,nan,nan,1.167,nan,nan,1,1,1,1.167,nan,nan,nan,nan,nan,-0.067,nan,nan,0,0,0,-0.067,nan,500,fresh
132359,0,0,0,0,0,0,7,0,0,4,19,1,6,0,nan,nan,nan,nan,1.167,nan,nan,1,1,1,1,nan,nan,nan,nan,nan,-0.067,nan,nan,0,0,0,0,nan,500,fresh
133429,0,0,0,0,0,0,7,0,0,4,19,1,7,0,nan,nan,nan,nan,1.167,nan,nan,1,1,1,1.167,nan,nan,nan,nan,nan,-0.067,nan,nan,0,0,0,-0.067,nan,500,fresh
134497,0,0,0,0,0,0,7,0,0,4,19,1,7,0,nan,nan,nan,nan,1.167,nan,nan,1,1,1,1.167,nan,nan,nan,nan,nan,-0.067,nan,nan,0,0,0,-0.067,nan,500,fresh
135567,0,0,0,0,0,0,7,0,0,4,19,1,7,0,nan,nan,nan,nan,1.167,nan,nan,1,1,1,1.167,nan,nan,nan,nan,nan,-0.067,nan,nan,0,0,0,-0.067,nan,500,fresh
136637,0,0,0,0,0,0,7,0,0,4,19,1,7,0,nan,nan,nan,nan,1.167,nan,nan,1,1,1,1.167,nan,nan,nan,nan,nan,-0.067,nan,nan,0,0,0,-0.067,nan,500,fresh
137707,0,0,0,0,0,0,7,0,0,4,19,1,7,0,nan,nan,nan,nan,1.167,nan,nan,1,1,1,1.167,nan,nan,nan,nan,nan,-0.067,nan,nan,0,0,0,-0.067,nan,500,fresh
138776,0,0,0,0,0,0,7,0,0,4,19,1,7,0,nan,nan,nan,nan,1.167,nan,nan,1,1,1,1.167,nan,nan,nan,nan,nan,-0.067,nan,nan,0,0,0,-0.067,nan,500,fresh
139845,0,0,0,0,0,0,7,0,0,4,19,1,7,0,nan,nan,nan,nan,1.167,nan,nan,1,1,1,1.167,nan,nan,nan,nan,nan,-0.067,nan,nan,0,0,0,-0.067,nan,500,fresh
140915,0,0,0,0,0,0,7,0,0,4,19,1,7,0,nan,nan,nan,nan,1.167,nan,nan,1,1,1,1.167,nan,nan,nan,nan,nan,-0.067,nan,nan,0,0,0,-0.067,nan,500,fresh
141984,0,0,0,0,0,0,7,0,0,4,19,1,7,0,nan,nan,nan,nan,1.167,nan,nan,1,1,1,1.167,nan,nan,nan,nan,nan,-0.067,nan,nan,0,0,0,-0.067,nan,500,fresh
143054,0,0,0,0,0,0,7,0,0,4,19,1,7,0,nan,nan,nan,nan,1.167,nan,nan,1,1,1,1.167,nan,nan,nan,nan,nan,-0.067,nan,nan,0,0,0,-0.067,nan,500,fresh
144124,0,0,0,0,0,0,7,0,0,4,19,1,7,0,nan,nan,nan,nan,1.167,nan,nan,1,1,1,1.167,nan,nan,nan,nan,nan,-0.067,nan,nan,0,0,0,-0.067,nan,500,fresh
145194,0,0,0,0,0,0,7,0,0,4,19,1,7,0,nan,nan,nan,nan,1.167,nan,nan,1,1,1,1.167,nan,nan,nan,nan,nan,-0.067,nan,nan,0,0,0,-0.067,nan,500,fresh
146264,0,0,0,0,0,0,7,0,0,4,19,1,7,0,nan,nan,nan,nan,1.167,nan,nan,1,1,1,1.167,nan,nan,nan,nan,nan,-0.067,nan,nan,0,0,0,-0.067,nan,500,fresh
147332,0,0,0,0,0,0,7,0,0,4,19,1,7,0,nan,nan,nan,nan,1.167,nan,nan,1,1,1,1.167,nan,nan,nan,nan,nan,-0.067,nan,nan,0,0,0,-0.067,nan,500,fresh
148402,0,0,0,0,0,0,7,0,0,4,19,1,7,0,nan,nan,nan,nan,1.167,nan,nan,1,1,1,1.167,nan,nan,nan,nan,nan,-0.067,nan,nan,0,0,0,-0.067,nan,500,fresh
149471,0,0,0,0,0,0,7,0,0,4,19,1,7,0,nan,nan,nan,nan,1.167,nan,nan,1,1,1,1.167,nan,nan,nan,nan,nan,-0.067,nan,nan,0,0,0,-0.067,nan,500,fresh
150541,0,0,0,0,0,0,7,0,0,4,19,1,7,0,nan,nan,nan,nan,1.167,nan,nan,1,1,1,1.167,nan,nan,nan,nan,nan,-0.067,nan,nan,0,0,0,-0.067,nan,500,fresh
151611,0,0,0,0,0,0,7,0,0,4,19,1,7,0,nan,nan,nan,nan,1.167,nan,nan,1,1,1,1.167,nan,nan,nan,nan,nan,-0.067,nan,nan,0,0,0,-0.067,nan,500,fresh
152680,0,0,0,0,0,0,7,0,0,4,19,1,7,0,nan,nan,nan,nan,1.167,nan,nan,1,1,1,1.167,nan,nan,nan,nan,nan,-0.067,nan,nan,0,0,0,-0.067,nan,500,fresh
153750,0,0,0,0,0,0,7,0,0,4,19,1,7,0,nan,nan,nan,nan,1.167,nan,nan,1,1,1,1.167,nan,nan,nan,nan,nan,-0.067,nan,nan,0,0,0,-0.067,nan,500,fresh
154820,0,0,0,0,0,0,7,0,0,4,19,1,7,0,nan,nan,nan,nan,1.167,nan,nan,1,1,1,1.167,nan,nan,nan,nan,nan,-0.067,nan,nan,0,0,0,-0.067,nan,500,fresh
155890,0,0,0,0,0,0,7,0,0,4,19,1,7,0,nan,nan,nan,nan,1.167,nan,nan,1,1,1,1.167,nan,nan,nan,nan,nan,-0.067,nan,nan,0,0,0,-0.067,nan,500,fresh
156960,0,0,0,0,0,0,7,0,0,4,19,1,7,0,nan,nan,nan,nan,1.167,nan,nan,1,1,1,1.167,nan,nan,nan,nan,nan,-0.067,nan,nan,0,0,0,-0.067,nan,500,fresh
158030,0,0,0,0,0,0,7,0,0,4,19,1,7,0,nan,nan,nan,nan,1.167,nan,nan,1,1,1,1.167,nan,nan,nan,nan,nan,-0.067,nan,nan,0,0,0,-0.067,nan,500,fresh
159100,0,0,0,0,0,0,7,0,0,4,19,1,6,0,nan,nan,nan,nan,1.167,nan,nan,1,1,1,1,nan,nan,nan,nan,nan,-0.067,nan,nan,0,0,0,0,nan,500,fresh
160168,0,0,0,0,0,0,7,0,0,4,19,1,7,0,nan,nan,nan,nan,1.167,nan,nan,1,1,1,1.167,nan,nan,nan,nan,nan,-0.067,nan,nan,0,0,0,-0.067,nan,500,fresh
161237,0,0,0,0,0,0,7,0,0,4,19,1,7,0,nan,nan,nan,nan,1.167,nan,nan,1,1,1,1.167,nan,nan,nan,nan,nan,-0.067,nan,nan,0,0,0,-0.067,nan,500,fresh
162306,0,0,0,0,0,0,7,0,0,4,19,1,7,0,nan,nan,nan,nan,1.167,nan,nan,1,1,1,1.167,nan,nan,nan,nan,nan,-0.067,nan,nan,0,0,0,-0.067,nan,500,fresh
163376,0,0,0,0,0,0,7,0,0,4,19,1,7,0,nan,nan,nan,nan,1.167,nan,nan,1,1,1,1.167,nan,nan,nan,nan,nan,-0.067,nan,nan,0,0,0,-0.067,nan,500,fresh
164444,0,0,0,0,0,0,7,0,0,4,19,1,7,0,nan,nan,nan,nan,1.167,nan,nan,1,1,1,1.167,nan,nan,nan,nan,nan,-0.067,nan,nan,0,0,0,-0.067,nan,500,fresh
165513,0,0,0,0,0,0,7,0,0,4,19,1,7,0,nan,nan,nan,nan,1.167,nan,nan,1,1,1,1.167,nan,nan,nan,nan,nan,-0.067,nan,nan,0,0,0,-0.067,nan,500,fresh
166583,0,0,0,0,0,0,7,0,0,4,19,1,7,0,nan,nan,nan,nan,1.167,nan,nan,1,1,1,1.167,nan,nan,nan,nan,nan,-0.067,nan,nan,0,0,0,-0.067,nan,500,fresh
167652,0,0,0,0,0,0,7,0,0,4,19,1,7,0,nan,nan,nan,nan,1.167,nan,nan,1,1,1,1.167,nan,nan,nan,nan,nan,-0.067,nan,nan,0,0,0,-0.067,nan,500,fresh
168722,0,0,0,0,0,0,7,0,0,4,19,1,7,0,nan,nan,nan,nan,1.167,nan,nan,1,1,1,1.167,nan,nan,nan,nan,nan,-0.067,nan,nan,0,0,0,-0.067,nan,500,fresh
169792,0,0,0,0,0,0,7,0,0,4,19,1,7,0,nan,nan,nan,nan,1.167,nan,nan,1,1,1,1.167,nan,nan,nan,nan,nan,-0.067,nan,nan,0,0,0,-0.067,nan,500,fresh
170862,0,0,0,0,0,0,7,0,0,4,19,1,7,0,nan,nan,nan,nan,1.167,nan,nan,1,1,1,1.167,nan,nan,nan,nan,nan,-0.067,nan,nan,0,0,0,-0.067,nan,500,fresh
171932,0,0,0,0,0,0,6,0,0,4,19,1,7,0,nan,nan,nan,nan,1,nan,nan,1,1,1,1.167,nan,nan,nan,nan,nan,0,nan,nan,0,0,0,-0.067,nan,500,fresh
173002,0,0,0,0,0,0,7,0,0,4,19,1,7,0,nan,nan,nan,nan,1.167,nan,nan,1,1,1,1.167,nan,nan,nan,nan,nan,-0.067,nan,nan,0,0,0,-0.067,nan,500,fresh
174072,0,0,0,0,0,0,7,0,0,4,19,1,7,0,nan,nan,nan,nan,1.167,nan,nan,1,1,1,1.167,nan,nan,nan,nan,nan,-0.067,nan,nan,0,0,0,-0.067,nan,500,fresh
175140,0,0,0,0,0,0,6,0,0,4,19,1,7,0,nan,nan,nan,nan,1,nan,nan,1,1,1,1.167,nan,nan,nan,nan,nan,0,nan,nan,0,0,0,-0.067,nan,500,fresh
176210,0,0,0,0,0,0,7,0,0,4,19,1,7,0,nan,nan,nan,nan,1.167,nan,nan,1,1,1,1.167,nan,nan,nan,nan,nan,-0.067,nan,nan,0,0,0,-0.067,nan,500,fresh
177280,0,0,0,0,0,0,7,0,0,4,19,1,7,0,nan,nan,nan,nan,1.167,nan,nan,1,1,1,1.167,nan,nan,nan,nan,nan,-0.067,nan,nan,0,0,0,-0.067,nan,500,fresh
178350,0,0,0,0,0,0,6,0,0,4,19,1,7,0,nan,nan,nan,nan,1,nan,nan,1,1,1,1.167,nan,nan,nan,nan,nan,0,nan,nan,0,0,0,-0.067,nan,500,fresh
179419,0,0,0,0,0,0,7,0,0,4,19,1,7,0,nan,nan,nan,nan,1.167,nan,nan,1,1,1,1.167,nan,nan,nan,nan,nan,-0.067,nan,nan,0,0,0,-0.067,nan,500,fresh
180488,0,0,0,0,0,0,7,0,0,4,19,1,7,0,nan,nan,nan,nan,1.167,nan,nan,1,1,1,1.167,nan,nan,nan,nan,nan,-0.067,nan,nan,0,0,0,-0.067,nan,500,fresh
181557,0,0,0,0,0,0,7,0,0,4,19,1,7,0,nan,nan,nan,nan,1.167,nan,nan,1,1,1,1.167,nan,nan,nan,nan,nan,-0.067,nan,nan,0,0,0,-0.067,nan,500,fresh
182627,0,0,0,0,0,0,7,0,0,4,19,1,7,0,nan,nan,nan,nan,1.167,nan,nan,1,1,1,1.167,nan,nan,nan,nan,nan,-0.067,nan,nan,0,0,0,-0.067,nan,500,fresh
183697,0,0,0,0,0,0,7,0,0,4,19,1,7,0,nan,nan,nan,nan,1.167,nan,nan,1,1,1,1.167,nan,nan,nan,nan,nan,-0.067,nan,nan,0,0,0,-0.067,nan,500,fresh
184766,0,0,0,0,0,0,7,0,0,4,19,1,7,0,nan,nan,nan,nan,1.167,nan,nan,1,1,1,1.167,nan,nan,nan,nan,nan,-0.067,nan,nan,0,0,0,-0.067,nan,500,fresh
185836,0,0,0,0,0,0,7,0,0,4,19,1,7,0,nan,nan,nan,nan,1.167,nan,nan,1,1,1,1.167,nan,nan,nan,nan,nan,-0.067,nan,nan,0,0,0,-0.067,nan,500,fresh
186906,0,0,0,0,0,0,7,0,0,4,19,1,7,0,nan,nan,nan,nan,1.167,nan,nan,1,1,1,1.167,nan,nan,nan,nan,nan,-0.067,nan,nan,0,0,0,-0.067,nan,500,fresh
187976,0,0,0,0,0,0,7,0,0,4,19,1,6,0,nan,nan,nan,nan,1.167,nan,nan,1,1,1,1,nan,nan,nan,nan,nan,-0.067,nan,nan,0,0,0,0,nan,500,fresh
189046,0,0,0,0,0,0,7,0,0,4,19,1,6,0,nan,nan,nan,nan,1.167,nan,nan,1,1,1,1,nan,nan,nan,nan,nan,-0.067,nan,nan,0,0,0,0,nan,500,fresh
190115,0,0,0,0,0,0,6,0,0,4,19,1,7,0,nan,nan,nan,nan,1,nan,nan,1,1,1,1.167,nan,nan,nan,nan,nan,0,nan,nan,0,0,0,-0.067,nan,500,fresh
191185,0,0,0,0,0,0,7,0,0,4,19,1,6,0,nan,nan,nan,nan,1.167,nan,nan,1,1,1,1,nan,nan,nan,nan,nan,-0.067,nan,nan,0,0,0,0,nan,500,fresh
192255,0,0,0,0,0,0,7,0,0,4,19,1,7,0,nan,nan,nan,nan,1.167,nan,nan,1,1,1,1.167,nan,nan,nan,nan,nan,-0.067,nan,nan,0,0,0,-0.067,nan,500,fresh
193324,0,0,0,0,0,0,7,0,0,4,19,1,7,0,nan,nan,nan,nan,1.167,nan,nan,1,1,1,1.167,nan,nan,nan,nan,nan,-0.067,nan,nan,0,0,0,-0.067,nan,500,fresh
194394,0,0,0,0,0,0,7,0,0,4,19,1,7,0,nan,nan,nan,nan,1.167,nan,nan,1,1,1,1.167,nan,nan,nan,nan,nan,-0.067,nan,nan,0,0,0,-0.067,nan,500,fresh
195464,0,0,0,0,0,0,7,0,0,4,19,1,7,0,nan,nan,nan,nan,1.167,nan,nan,1,1,1,1.167,nan,nan,nan,nan,nan,-0.067,nan,nan,0,0,0,-0.067,nan,500,fresh
196534,0,0,0,0,0,0,7,0,0,4,19,1,7,0,nan,nan,nan,nan,1.167,nan,nan,1,1,1,1.167,nan,nan,nan,nan,nan,-0.067,nan,nan,0,0,0,-0.067,nan,500,fresh
197604,0,0,0,0,0,0,7,0,0,4,19,1,7,0,nan,nan,nan,nan,1.167,nan,nan,1,1,1,1.167,nan,nan,nan,nan,nan,-0.067,nan,nan,0,0,0,-0.067,nan,500,fresh
198673,0,0,0,0,0,0,7,0,0,4,19,1,7,0,nan,nan,nan,nan,1.167,nan,nan,1,1,1,1.167,nan,nan,nan,nan,nan,-0.067,nan,nan,0,0,0,-0.067,nan,500,fresh
199741,0,0,0,0,0,0,6,0,0,4,19,1,7,0,nan,nan,nan,nan,1,nan,nan,1,1,1,1.167,nan,nan,nan,nan,nan,0,nan,nan,0,0,0,-0.067,nan,500,fresh
200810,0,0,0,0,0,0,7,0,0,4,19,1,7,0,nan,nan,nan,nan,1.167,nan,nan,1,1,1,1.167,nan,nan,nan,nan,nan,-0.067,nan,nan,0,0,0,-0.067,nan,500,fresh
201880,0,0,0,0,0,0,7,0,0,4,19,1,7,0,nan,nan,nan,nan,1.167,nan,nan,1,1,1,1.167,nan,nan,nan,nan,nan,-0.067,nan,nan,0,0,0,-0.067,nan,500,fresh
202950,0,0,0,0,0,0,7,0,0,4,19,1,7,0,nan,nan,nan,nan,1.167,nan,nan,1,1,1,1.167,nan,nan,nan,nan,nan,-0.067,nan,nan,0,0,0,-0.067,nan,500,fresh
204019,0,0,0,0,0,0,7,0,0,4,19,1,7,0,nan,nan,nan,nan,1.167,nan,nan,1,1,1,1.167,nan,nan,nan,nan,nan,-0.067,nan,nan,0,0,0,-0.067,nan,500,fresh
205089,0,0,0,0,0,0,7,0,0,4,19,1,6,0,nan,nan,nan,nan,1.167,nan,nan,1,1,1,1,nan,nan,nan,nan,nan,-0.067,nan,nan,0,0,0,0,nan,500,fresh
206159,0,0,0,0,0,0,7,0,0,4,19,1,7,0,nan,nan,nan,nan,1.167,nan,nan,1,1,1,1.167,nan,nan,nan,nan,nan,-0.067,nan,nan,0,0,0,-0.067,nan,500,fresh
207228,0,0,0,0,0,0,7,0,0,4,19,1,7,0,nan,nan,nan,nan,1.167,nan,nan,1,1,1,1.167,nan,nan,nan,nan,nan,-0.067,nan,nan,0,0,0,-0.067,nan,500,fresh
208298,0,0,0,0,0,0,7,0,0,4,19,1,6,0,nan,nan,nan,nan,1.167,nan,nan,1,1,1,1,nan,nan,nan,nan,nan,-0.067,nan,nan,0,0,0,0,nan,500,fresh
209368,0,0,0,0,0,0,7,0,0,4,19,1,7,0,nan,nan,nan,nan,1.167,nan,nan,1,1,1,1.167,nan,nan,nan,nan,nan,-0.067,nan,nan,0,0,0,-0.067,nan,500,fresh
210437,0,0,0,0,0,0,7,0,0,4,19,1,7,0,nan,nan,nan,nan,1.167,nan,nan,1,1,1,1.167,nan,nan,nan,nan,nan,-0.067,nan,nan,0,0,0,-0.067,nan,500,fresh
211507,0,0,0,0,0,0,6,0,0,4,19,1,7,0,nan,nan,nan,nan,1,nan,nan,1,1,1,1.167,nan,nan,nan,nan,nan,0,nan,nan,0,0,0,-0.067,nan,500,fresh
212576,0,0,0,0,0,0,6,0,0,4,19,1,7,0,nan,nan,nan,nan,1,nan,nan,1,1,1,1.167,nan,nan,nan,nan,nan,0,nan,nan,0,0,0,-0.067,nan,500,fresh
213644,0,0,0,0,0,0,7,0,0,4,19,1,6,0,nan,nan,nan,nan,1.167,nan,nan,1,1,1,1,nan,nan,nan,nan,nan,-0.067,nan,nan,0,0,0,0,nan,500,fresh
214713,0,0,0,0,0,0,7,0,0,4,19,1,7,0,nan,nan,nan,nan,1.167,nan,nan,1,1,1,1.167,nan,nan,nan,nan,nan,-0.067,nan,nan,0,0,0,-0.067,nan,500,fresh
215783,0,0,0,0,0,0,7,0,0,4,19,1,7,0,nan,nan,nan,nan,1.167,nan,nan,1,1,1,1.167,nan,nan,nan,nan,nan,-0.067,nan,nan,0,0,0,-0.067,nan,500,fresh
216853,0,0,0,0,0,0,7,0,0,4,19,1,7,0,nan,nan,nan,nan,1.167,nan,nan,1,1,1,1.167,nan,nan,nan,nan,nan,-0.067,nan,nan,0,0,0,-0.067,nan,500,fresh
217921,0,0,0,0,0,0,7,0,0,4,19,1,6,0,nan,nan,nan,nan,1.167,nan,nan,1,1,1,1,nan,nan,nan,nan,nan,-0.067,nan,nan,0,0,0,0,nan,500,fresh
218990,0,0,0,0,0,0,7,0,0,4,19,1,7,0,nan,nan,nan,nan,1.167,nan,nan,1,1,1,1.167,nan,nan,nan,nan,nan,-0.067,nan,nan,0,0,0,-0.067,nan,500,fresh
220060,0,0,0,0,0,0,6,0,0,4,19,1,7,0,nan,nan,nan,nan,1,nan,nan,1,1,1,1.167,nan,nan,nan,nan,nan,0,nan,nan,0,0,0,-0.067,nan,500,fresh
221130,0,0,0,0,0,0,7,0,0,4,19,1,7,0,nan,nan,nan,nan,1.167,nan,nan,1,1,1,1.167,nan,nan,nan,nan,nan,-0.067,nan,nan,0,0,0,-0.067,nan,500,fresh
222198,0,0,0,0,0,0,7,0,0,4,19,1,7,0,nan,nan,nan,nan,1.167,nan,nan,1,1,1,1.167,nan,nan,nan,nan,nan,-0.067,nan,nan,0,0,0,-0.067,nan,500,fresh
223267,0,0,0,0,0,0,7,0,0,4,19,1,7,0,nan,nan,nan,nan,1.167,nan,nan,1,1,1,1.167,nan,nan,nan,nan,nan,-0.067,nan,nan,0,0,0,-0.067,nan,500,fresh
224337,0,0,0,0,0,0,6,0,0,4,19,1,7,0,nan,nan,nan,nan,1,nan,nan,1,1,1,1.167,nan,nan,nan,nan,nan,0,nan,nan,0,0,0,-0.067,nan,500,fresh
225406,0,0,0,0,0,0,6,0,0,4,19,1,7,0,nan,nan,nan,nan,1,nan,nan,1,1,1,1.167,nan,nan,nan,nan,nan,0,nan,nan,0,0,0,-0.067,nan,500,fresh
226475,0,0,0,0,0,0,7,0,0,4,19,1,7,0,nan,nan,nan,nan,1.167,nan,nan,1,1,1,1.167,nan,nan,nan,nan,nan,-0.067,nan,nan,0,0,0,-0.067,nan,500,fresh
227544,0,0,0,0,0,0,6,0,0,4,19,1,7,0,nan,nan,nan,nan,1,nan,nan,1,1,1,1.167,nan,nan,nan,nan,nan,0,nan,nan,0,0,0,-0.067,nan,500,fresh
228614,0,0,0,0,0,0,7,0,0,4,19,1,7,0,nan,nan,nan,nan,1.167,nan,nan,1,1,1,1.167,nan,nan,nan,nan,nan,-0.067,nan,nan,0,0,0,-0.067,nan,500,fresh
229683,0,0,0,0,0,0,7,0,0,3,19,1,7,0,nan,nan,nan,nan,1.167,nan,nan,0.75,1,1,1.167,nan,nan,nan,nan,nan,-0.067,nan,nan,0.125,0,0,-0.067,nan,500,fresh
230752,0,0,0,0,0,0,6,0,0,4,19,1,6,0,nan,nan,nan,nan,1,nan,nan,1,1,1,1,nan,nan,nan,nan,nan,0,nan,nan,0,0,0,0,nan,500,fresh
231822,0,0,0,0,0,0,7,0,0,4,19,1,7,0,nan,nan,nan,nan,1.167,nan,nan,1,1,1,1.167,nan,nan,nan,nan,nan,-0.067,nan,nan,0,0,0,-0.067,nan,500,fresh
232892,0,0,0,0,0,0,7,0,0,4,19,1,7,0,nan,nan,nan,nan,1.167,nan,nan,1,1,1,1.167,nan,nan,nan,nan,nan,-0.067,nan,nan,0,0,0,-0.067,nan,500,fresh
233962,0,0,0,0,0,0,6,0,0,4,19,1,7,0,nan,nan,nan,nan,1,nan,nan,1,1,1,1.167,nan,nan,nan,nan,nan,0,nan,nan,0,0,0,-0.067,nan,500,fresh
235031,0,0,0,0,0,0,6,0,0,4,19,1,7,0,nan,nan,nan,nan,1,nan,nan,1,1,1,1.167,nan,nan,nan,nan,nan,0,nan,nan,0,0,0,-0.067,nan,500,fresh
236100,0,0,0,0,0,0,7,0,0,4,19,1,6,0,nan,nan,nan,nan,1.167,nan,nan,1,1,1,1,nan,nan,nan,nan,nan,-0.067,nan,nan,0,0,0,0,nan,500,fresh
237170,0,0,0,0,0,0,7,0,0,4,19,1,7,0,nan,nan,nan,nan,1.167,nan,nan,1,1,1,1.167,nan,nan,nan,nan,nan,-0.067,nan,nan,0,0,0,-0.067,nan,500,fresh
238240,0,0,0,0,0,0,7,0,0,4,19,1,7,0,nan,nan,nan,nan,1.167,nan,nan,1,1,1,1.167,nan,nan,nan,nan,nan,-0.067,nan,nan,0,0,0,-0.067,nan,500,fresh
239309,0,0,0,0,0,0,7,0,0,4,19,1,6,0,nan,nan,nan,nan,1.167,nan,nan,1,1,1,1,nan,nan,nan,nan,nan,-0.067,nan,nan,0,0,0,0,nan,500,fresh
240379,0,0,0,0,0,0,7,0,0,4,19,1,7,0,nan,nan,nan,nan,1.167,nan,nan,1,1,1,1.167,nan,nan,nan,nan,nan,-0.067,nan,nan,0,0,0,-0.067,nan,500,fresh
241449,0,0,0,0,0,0,7,0,0,4,19,1,6,0,nan,nan,nan,nan,1.167,nan,nan,1,1,1,1,nan,nan,nan,nan,nan,-0.067,nan,nan,0,0,0,0,nan,500,fresh
242519,0,0,0,0,0,0,7,0,0,4,19,1,7,0,nan,nan,nan,nan,1.167,nan,nan,1,1,1,1.167,nan,nan,nan,nan,nan,-0.067,nan,nan,0,0,0,-0.067,nan,500,fresh
243588,0,0,0,0,0,0,7,0,0,4,19,1,6,0,nan,nan,nan,nan,1.167,nan,nan,1,1,1,1,nan,nan,nan,nan,nan,-0.067,nan,nan,0,0,0,0,nan,500,fresh
244657,0,0,0,0,0,0,7,0,0,4,19,1,7,0,nan,nan,nan,nan,1.167,nan,nan,1,1,1,1.167,nan,nan,nan,nan,nan,-0.067,nan,nan,0,0,0,-0.067,nan,500,fresh
245727,0,0,0,0,0,0,7,0,0,4,19,1,7,0,nan,nan,nan,nan,1.167,nan,nan,1,1,1,1.167,nan,nan,nan,nan,nan,-0.067,nan,nan,0,0,0,-0.067,nan,500,fresh
246795,0,0,0,0,0,0,7,0,0,4,19,1,7,0,nan,nan,nan,nan,1.167,nan,nan,1,1,1,1.167,nan,nan,nan,nan,nan,-0.067,nan,nan,0,0,0,-0.067,nan,500,fresh
247864,0,0,0,0,0,0,7,0,0,4,19,1,7,0,nan,nan,nan,nan,1.167,nan,nan,1,1,1,1.167,nan,nan,nan,nan,nan,-0.067,nan,nan,0,0,0,-0.067,nan,500,fresh
248934,0,0,0,0,0,0,7,0,0,4,19,1,7,0,nan,nan,nan,nan,1.167,nan,nan,1,1,1,1.167,nan,nan,nan,nan,nan,-0.067,nan,nan,0,0,0,-0.067,nan,500,fresh
250004,0,0,0,0,0,0,6,0,0,4,19,1,7,0,nan,nan,nan,nan,1,nan,nan,1,1,1,1.167,nan,nan,nan,nan,nan,0,nan,nan,0,0,0,-0.067,nan,500,fresh
251073,0,0,0,0,0,0,7,0,0,4,19,1,7,0,nan,nan,nan,nan,1.167,nan,nan,1,1,1,1.167,nan,nan,nan,nan,nan,-0.067,nan,nan,0,0,0,-0.067,nan,500,fresh
252142,0,0,0,0,0,0,7,0,0,4,19,1,7,0,nan,nan,nan,nan,1.167,nan,nan,1,1,1,1.167,nan,nan,nan,nan,nan,-0.067,nan,nan,0,0,0,-0.067,nan,500,fresh
253212,0,0,0,0,0,0,7,0,0,4,19,1,7,0,nan,nan,nan,nan,1.167,nan,nan,1,1,1,1.167,nan,nan,nan,nan,nan,-0.067,nan,nan,0,0,0,-0.067,nan,500,fresh
254280,0,0,0,0,0,0,7,0,0,4,19,1,6,0,nan,nan,nan,nan,1.167,nan,nan,1,1,1,1,nan,nan,nan,nan,nan,-0.067,nan,nan,0,0,0,0,nan,500,fresh
255350,0,0,0,0,0,0,7,0,0,4,19,1,7,0,nan,nan,nan,nan,1.167,nan,nan,1,1,1,1.167,nan,nan,nan,nan,nan,-0.067,nan,nan,0,0,0,-0.067,nan,500,fresh
256419,0,0,0,0,0,0,7,0,0,4,19,1,7,0,nan,nan,nan,nan,1.167,nan,nan,1,1,1,1.167,nan,nan,nan,nan,nan,-0.067,nan,nan,0,0,0,-0.067,nan,500,fresh
257489,0,0,0,0,0,0,7,0,0,4,19,1,7,0,nan,nan,nan,nan,1.167,nan,nan,1,1,1,1.167,nan,nan,nan,nan,nan,-0.067,nan,nan,0,0,0,-0.067,nan,500,fresh
258559,0,0,0,0,0,0,7,0,0,4,19,1,7,0,nan,nan,nan,nan,1.167,nan,nan,1,1,1,1.167,nan,nan,nan,nan,nan,-0.067,nan,nan,0,0,0,-0.067,nan,500,fresh
259627,0,0,0,0,0,0,7,0,0,4,19,1,7,0,nan,nan,nan,nan,1.167,nan,nan,1,1,1,1.167,nan,nan,nan,nan,nan,-0.067,nan,nan,0,0,0,-0.067,nan,500,fresh
260695,0,0,0,0,0,0,7,0,0,4,19,1,7,0,nan,nan,nan,nan,1.167,nan,nan,1,1,1,1.167,nan,nan,nan,nan,nan,-0.067,nan,nan,0,0,0,-0.067,nan,500,fresh
261765,0,0,0,0,0,0,7,0,0,4,19,1,7,0,nan,nan,nan,nan,1.167,nan,nan,1,1,1,1.167,nan,nan,nan,nan,nan,-0.067,nan,nan,0,0,0,-0.067,nan,500,fresh
262834,0,0,0,0,0,0,7,0,0,4,19,1,7,0,nan,nan,nan,nan,1.167,nan,nan,1,1,1,1.167,nan,nan,nan,nan,nan,-0.067,nan,nan,0,0,0,-0.067,nan,500,fresh
263904,0,0,0,0,0,0,7,0,0,4,19,1,7,0,nan,nan,nan,nan,1.167,nan,nan,1,1,1,1.167,nan,nan,nan,nan,nan,-0.067,nan,nan,0,0,0,-0.067,nan,500,fresh
264974,0,0,0,0,0,0,6,0,0,4,19,1,6,0,nan,nan,nan,nan,1,nan,nan,1,1,1,1,nan,nan,nan,nan,nan,0,nan,nan,0,0,0,0,nan,500,fresh
266042,0,0,0,0,0,0,7,0,0,4,19,1,7,0,nan,nan,nan,nan,1.167,nan,nan,1,1,1,1.167,nan,nan,nan,nan,nan,-0.067,nan,nan,0,0,0,-0.067,nan,500,fresh
267111,0,0,0,0,0,0,7,0,0,4,19,1,7,0,nan,nan,nan,nan,1.167,nan,nan,1,1,1,1.167,nan,nan,nan,nan,nan,-0.067,nan,nan,0,0,0,-0.067,nan,500,fresh
268181,0,0,0,0,0,0,7,0,0,4,19,1,7,0,nan,nan,nan,nan,1.167,nan,nan,1,1,1,1.167,nan,nan,nan,nan,nan,-0.067,nan,nan,0,0,0,-0.067,nan,500,fresh
269251,0,0,0,0,0,0,7,0,0,4,19,1,7,0,nan,nan,nan,nan,1.167,nan,nan,1,1,1,1.167,nan,nan,nan,nan,nan,-0.067,nan,nan,0,0,0,-0.067,nan,500,fresh
270321,0,0,0,0,0,0,6,0,0,4,19,1,7,0,nan,nan,nan,nan,1,nan,nan,1,1,1,1.167,nan,nan,nan,nan,nan,0,nan,nan,0,0,0,-0.067,nan,500,fresh
271390,0,0,0,0,0,0,7,0,0,4,19,1,7,0,nan,nan,nan,nan,1.167,nan,nan,1,1,1,1.167,nan,nan,nan,nan,nan,-0.067,nan,nan,0,0,0,-0.067,nan,500,fresh
272459,0,0,0,0,0,0,7,0,0,4,19,1,6,0,nan,nan,nan,nan,1.167,nan,nan,1,1,1,1,nan,nan,nan,nan,nan,-0.067,nan,nan,0,0,0,0,nan,500,fresh
273528,0,0,0,0,0,0,7,0,0,4,19,1,6,0,nan,nan,nan,nan,1.167,nan,nan,1,1,1,1,nan,nan,nan,nan,nan,-0.067,nan,nan,0,0,0,0,nan,500,fresh
274597,0,0,0,0,0,0,7,0,0,4,19,1,7,0,nan,nan,nan,nan,1.167,nan,nan,1,1,1,1.167,nan,nan,nan,nan,nan,-0.067,nan,nan,0,0,0,-0.067,nan,500,fresh
275667,0,0,0,0,0,0,7,0,0,4,19,1,7,0,nan,nan,nan,nan,1.167,nan,nan,1,1,1,1.167,nan,nan,nan,nan,nan,-0.067,nan,nan,0,0,0,-0.067,nan,500,fresh
276737,0,0,0,0,0,0,6,0,0,4,19,1,7,0,nan,nan,nan,nan,1,nan,nan,1,1,1,1.167,nan,nan,nan,nan,nan,0,nan,nan,0,0,0,-0.067,nan,500,fresh
277806,0,0,0,0,0,0,7,0,0,4,19,1,7,0,nan,nan,nan,nan,1.167,nan,nan,1,1,1,1.167,nan,nan,nan,nan,nan,-0.067,nan,nan,0,0,0,-0.067,nan,500,fresh
278875,0,0,0,0,0,0,6,0,0,4,19,1,6,0,nan,nan,nan,nan,1,nan,nan,1,1,1,1,nan,nan,nan,nan,nan,0,nan,nan,0,0,0,0,nan,500,fresh
279945,0,0,0,0,0,0,7,0,0,4,19,1,7,0,nan,nan,nan,nan,1.167,nan,nan,1,1,1,1.167,nan,nan,nan,nan,nan,-0.067,nan,nan,0,0,0,-0.067,nan,500,fresh
281015,0,0,0,0,0,0,6,0,0,4,19,1,7,0,nan,nan,nan,nan,1,nan,nan,1,1,1,1.167,nan,nan,nan,nan,nan,0,nan,nan,0,0,0,-0.067,nan,500,fresh
282084,0,0,0,0,0,0,7,0,0,4,19,1,7,0,nan,nan,nan,nan,1.167,nan,nan,1,1,1,1.167,nan,nan,nan,nan,nan,-0.067,nan,nan,0,0,0,-0.067,nan,500,fresh
283153,0,0,0,0,0,0,7,0,0,4,19,1,7,0,nan,nan,nan,nan,1.167,nan,nan,1,1,1,1.167,nan,nan,nan,nan,nan,-0.067,nan,nan,0,0,0,-0.067,nan,500,fresh
284222,0,0,0,0,0,0,6,0,0,4,19,1,7,0,nan,nan,nan,nan,1,nan,nan,1,1,1,1.167,nan,nan,nan,nan,nan,0,nan,nan,0,0,0,-0.067,nan,500,fresh
285292,0,0,0,0,0,0,7,0,0,4,19,1,7,0,nan,nan,nan,nan,1.167,nan,nan,1,1,1,1.167,nan,nan,nan,nan,nan,-0.067,nan,nan,0,0,0,-0.067,nan,500,fresh
286361,0,0,0,0,0,0,7,0,0,4,19,1,7,0,nan,nan,nan,nan,1.167,nan,nan,1,1,1,1.167,nan,nan,nan,nan,nan,-0.067,nan,nan,0,0,0,-0.067,nan,500,fresh
287430,0,0,0,0,0,0,7,0,0,4,19,1,7,0,nan,nan,nan,nan,1.167,nan,nan,1,1,1,1.167,nan,nan,nan,nan,nan,-0.067,nan,nan,0,0,0,-0.067,nan,500,fresh
288499,0,0,0,0,0,0,6,0,0,4,19,1,7,0,nan,nan,nan,nan,1,nan,nan,1,1,1,1.167,nan,nan,nan,nan,nan,0,nan,nan,0,0,0,-0.067,nan,500,fresh
289569,0,0,0,0,0,0,7,0,0,4,19,1,7,0,nan,nan,nan,nan,1.167,nan,nan,1,1,1,1.167,nan,nan,nan,nan,nan,-0.067,nan,nan,0,0,0,-0.067,nan,500,fresh
290639,0,0,0,0,0,0,7,0,0,4,19,1,7,0,nan,nan,nan,nan,1.167,nan,nan,1,1,1,1.167,nan,nan,nan,nan,nan,-0.067,nan,nan,0,0,0,-0.067,nan,500,fresh
291709,0,0,0,0,0,0,6,0,0,4,19,1,7,0,nan,nan,nan,nan,1,nan,nan,1,1,1,1.167,nan,nan,nan,nan,nan,0,nan,nan,0,0,0,-0.067,nan,500,fresh
292779,0,0,0,0,0,0,7,0,0,4,19,1,7,0,nan,nan,nan,nan,1.167,nan,nan,1,1,1,1.167,nan,nan,nan,nan,nan,-0.067,nan,nan,0,0,0,-0.067,nan,500,fresh
293848,0,0,0,0,0,0,7,0,0,4,19,1,7,0,nan,nan,nan,nan,1.167,nan,nan,1,1,1,1.167,nan,nan,nan,nan,nan,-0.067,nan,nan,0,0,0,-0.067,nan,500,fresh
294918,0,0,0,0,0,0,7,0,0,4,19,1,7,0,nan,nan,nan,nan,1.167,nan,nan,1,1,1,1.167,nan,nan,nan,nan,nan,-0.067,nan,nan,0,0,0,-0.067,nan,500,fresh
295987,0,0,0,0,0,0,6,0,0,4,19,1,7,0,nan,nan,nan,nan,1,nan,nan,1,1,1,1.167,nan,nan,nan,nan,nan,0,nan,nan,0,0,0,-0.067,nan,500,fresh
297057,0,0,0,0,0,0,7,0,0,4,19,1,6,0,nan,nan,nan,nan,1.167,nan,nan,1,1,1,1,nan,nan,nan,nan,nan,-0.067,nan,nan,0,0,0,0,nan,500,fresh
298126,0,0,0,0,0,0,7,0,0,4,19,1,6,0,nan,nan,nan,nan,1.167,nan,nan,1,1,1,1,nan,nan,nan,nan,nan,-0.067,nan,nan,0,0,0,0,nan,500,fresh
299195,0,0,0,0,0,0,7,0,0,4,19,1,7,0,nan,nan,nan,nan,1.167,nan,nan,1,1,1,1.167,nan,nan,nan,nan,nan,-0.067,nan,nan,0,0,0,-0.067,nan,500,fresh
300265,0,0,0,0,0,0,7,0,0,4,19,1,6,0,nan,nan,nan,nan,1.167,nan,nan,1,1,1,1,nan,nan,nan,nan,nan,-0.067,nan,nan,0,0,0,0,nan,500,fresh
301335,0,0,0,0,0,0,7,0,0,4,19,1,7,0,nan,nan,nan,nan,1.167,nan,nan,1,1,1,1.167,nan,nan,nan,nan,nan,-0.067,nan,nan,0,0,0,-0.067,nan,500,fresh
302405,0,0,0,0,0,0,7,0,0,4,19,1,7,0,nan,nan,nan,nan,1.167,nan,nan,1,1,1,1.167,nan,nan,nan,nan,nan,-0.067,nan,nan,0,0,0,-0.067,nan,500,fresh
303475,0,0,0,0,0,0,7,0,0,4,19,1,7,0,nan,nan,nan,nan,1.167,nan,nan,1,1,1,1.167,nan,nan,nan,nan,nan,-0.067,nan,nan,0,0,0,-0.067,nan,500,fresh
304544,0,0,0,0,0,0,6,0,0,4,19,1,7,0,nan,nan,nan,nan,1,nan,nan,1,1,1,1.167,nan,nan,nan,nan,nan,0,nan,nan,0,0,0,-0.067,nan,500,fresh
305613,0,0,0,0,0,0,6,0,0,4,19,1,7,0,nan,nan,nan,nan,1,nan,nan,1,1,1,1.167,nan,nan,nan,nan,nan,0,nan,nan,0,0,0,-0.067,nan,500,fresh
306683,0,0,0,0,0,0,7,0,0,4,19,1,7,0,nan,nan,nan,nan,1.167,nan,nan,1,1,1,1.167,nan,nan,nan,nan,nan,-0.067,nan,nan,0,0,0,-0.067,nan,500,fresh
307752,0,0,0,0,0,0,7,0,0,3,19,1,7,0,nan,nan,nan,nan,1.167,nan,nan,0.75,1,1,1.167,nan,nan,nan,nan,nan,-0.067,nan,nan,0.125,0,0,-0.067,nan,500,fresh
308821,0,0,0,0,0,0,7,0,0,4,19,1,7,0,nan,nan,nan,nan,1.167,nan,nan,1,1,1,1.167,nan,nan,nan,nan,nan,-0.067,nan,nan,0,0,0,-0.067,nan,500,fresh
309891,0,0,0,0,0,0,7,0,0,4,19,1,6,0,nan,nan,nan,nan,1.167,nan,nan,1,1,1,1,nan,nan,nan,nan,nan,-0.067,nan,nan,0,0,0,0,nan,500,fresh
310960,0,0,0,0,0,0,7,0,0,4,19,1,7,0,nan,nan,nan,nan,1.167,nan,nan,1,1,1,1.167,nan,nan,nan,nan,nan,-0.067,nan,nan,0,0,0,-0.067,nan,500,fresh
312029,0,0,0,0,0,0,7,0,0,4,19,1,6,0,nan,nan,nan,nan,1.167,nan,nan,1,1,1,1,nan,nan,nan,nan,nan,-0.067,nan,nan,0,0,0,0,nan,500,fresh
313098,0,0,0,0,0,0,7,0,0,4,19,1,7,0,nan,nan,nan,nan,1.167,nan,nan,1,1,1,1.167,nan,nan,nan,nan,nan,-0.067,nan,nan,0,0,0,-0.067,nan,500,fresh
323795,0,0,0,0,0,0,7,0,0,4,19,1,7,0,nan,nan,nan,nan,1.167,nan,nan,1,1,1,1.167,nan,nan,nan,nan,nan,-0.067,nan,nan,0,0,0,-0.067,nan,500,fresh
324865,0,0,0,0,0,0,7,0,0,4,19,1,7,0,nan,nan,nan,nan,1.167,nan,nan,1,1,1,1.167,nan,nan,nan,nan,nan,-0.067,nan,nan,0,0,0,-0.067,nan,500,fresh
325934,0,0,0,0,0,0,7,0,0,4,19,1,7,0,nan,nan,nan,nan,1.167,nan,nan,1,1,1,1.167,nan,nan,nan,nan,nan,-0.067,nan,nan,0,0,0,-0.067,nan,500,fresh
327004,0,0,0,0,0,0,7,0,0,4,19,1,7,0,nan,nan,nan,nan,1.167,nan,nan,1,1,1,1.167,nan,nan,nan,nan,nan,-0.067,nan,nan,0,0,0,-0.067,nan,500,fresh
347322,0,0,0,0,0,0,7,0,0,4,20,1,7,0,nan,nan,nan,nan,1.167,nan,nan,1,1.053,1,1.167,nan,nan,nan,nan,nan,-0.067,nan,nan,0,-0.022,0,-0.067,nan,500,fresh
348392,0,0,0,0,0,0,7,0,0,4,20,1,7,0,nan,nan,nan,nan,1.167,nan,nan,1,1.053,1,1.167,nan,nan,nan,nan,nan,-0.067,nan,nan,0,-0.022,0,-0.067,nan,500,fresh
349461,0,0,0,0,0,0,7,0,0,4,19,1,7,0,nan,nan,nan,nan,1.167,nan,nan,1,1,1,1.167,nan,nan,nan,nan,nan,-0.067,nan,nan,0,0,0,-0.067,nan,500,fresh
350530,0,0,0,0,0,0,7,0,0,4,20,1,7,0,nan,nan,nan,nan,1.167,nan,nan,1,1.053,1,1.167,nan,nan,nan,nan,nan,-0.067,nan,nan,0,-0.022,0,-0.067,nan,500,fresh
351600,0,0,0,0,0,0,7,0,0,4,20,1,7,0,nan,nan,nan,nan,1.167,nan,nan,1,1.053,1,1.167,nan,nan,nan,nan,nan,-0.067,nan,nan,0,-0.022,0,-0.067,nan,500,fresh
352669,0,0,0,0,0,0,7,0,0,4,20,1,7,0,nan,nan,nan,nan,1.167,nan,nan,1,1.053,1,1.167,nan,nan,nan,nan,nan,-0.067,nan,nan,0,-0.022,0,-0.067,nan,500,fresh
353738,0,0,0,0,0,0,7,0,0,4,20,1,7,0,nan,nan,nan,nan,1.167,nan,nan,1,1.053,1,1.167,nan,nan,nan,nan,nan,-0.067,nan,nan,0,-0.022,0,-0.067,nan,500,fresh
354807,0,0,0,0,0,0,7,0,0,4,20,1,7,0,nan,nan,nan,nan,1.167,nan,nan,1,1.053,1,1.167,nan,nan,nan,nan,nan,-0.067,nan,nan,0,-0.022,0,-0.067,nan,500,fresh
355876,0,0,0,0,0,0,7,0,0,4,20,1,7,0,nan,nan,nan,nan,1.167,nan,nan,1,1.053,1,1.167,nan,nan,nan,nan,nan,-0.067,nan,nan,0,-0.022,0,-0.067,nan,500,fresh
356945,0,0,0,0,0,0,7,0,0,4,20,1,7,0,nan,nan,nan,nan,1.167,nan,nan,1,1.053,1,1.167,nan,nan,nan,nan,nan,-0.067,nan,nan,0,-0.022,0,-0.067,nan,500,fresh
358014,0,0,0,0,0,0,7,0,0,4,20,1,7,0,nan,nan,nan,nan,1.167,nan,nan,1,1.053,1,1.167,nan,nan,nan,nan,nan,-0.067,nan,nan,0,-0.022,0,-0.067,nan,500,fresh
359084,0,0,0,0,0,0,7,0,0,4,20,1,7,0,nan,nan,nan,nan,1.167,nan,nan,1,1.053,1,1.167,nan,nan,nan,nan,nan,-0.067,nan,nan,0,-0.022,0,-0.067,nan,500,fresh
360154,0,0,0,0,0,0,7,0,0,4,20,1,7,0,nan,nan,nan,nan,1.167,nan,nan,1,1.053,1,1.167,nan,nan,nan,nan,nan,-0.067,nan,nan,0,-0.022,0,-0.067,nan,500,fresh
361224,0,0,0,0,0,0,7,0,0,4,20,1,7,0,nan,nan,nan,nan,1.167,nan,nan,1,1.053,1,1.167,nan,nan,nan,nan,nan,-0.067,nan,nan,0,-0.022,0,-0.067,nan,500,fresh
362294,0,0,0,0,0,0,7,0,0,4,19,1,7,0,nan,nan,nan,nan,1.167,nan,nan,1,1,1,1.167,nan,nan,nan,nan,nan,-0.067,nan,nan,0,0,0,-0.067,nan,500,fresh
363364,0,0,0,0,0,0,7,0,0,4,20,1,7,0,nan,nan,nan,nan,1.167,nan,nan,1,1.053,1,1.167,nan,nan,nan,nan,nan,-0.067,nan,nan,0,-0.022,0,-0.067,nan,500,fresh
364434,0,0,0,0,0,0,7,0,0,4,20,1,7,0,nan,nan,nan,nan,1.167,nan,nan,1,1.053,1,1.167,nan,nan,nan,nan,nan,-0.067,nan,nan,0,-0.022,0,-0.067,nan,500,fresh
365504,0,0,0,0,0,0,7,0,0,4,20,1,7,0,nan,nan,nan,nan,1.167,nan,nan,1,1.053,1,1.167,nan,nan,nan,nan,nan,-0.067,nan,nan,0,-0.022,0,-0.067,nan,500,fresh
366574,0,0,0,0,0,0,7,0,0,4,20,1,7,0,nan,nan,nan,nan,1.167,nan,nan,1,1.053,1,1.167,nan,nan,nan,nan,nan,-0.067,nan,nan,0,-0.022,0,-0.067,nan,500,fresh
367643,0,0,0,0,0,0,7,0,0,4,20,1,7,0,nan,nan,nan,nan,1.167,nan,nan,1,1.053,1,1.167,nan,nan,nan,nan,nan,-0.067,nan,nan,0,-0.022,0,-0.067,nan,500,fresh
368713,0,0,0,0,0,0,7,0,0,4,20,1,7,0,nan,nan,nan,nan,1.167,nan,nan,1,1.053,1,1.167,nan,nan,nan,nan,nan,-0.067,nan,nan,0,-0.022,0,-0.067,nan,500,fresh
369783,0,0,0,0,0,0,7,0,0,4,20,1,7,0,nan,nan,nan,nan,1.167,nan,nan,1,1.053,1,1.167,nan,nan,nan,nan,nan,-0.067,nan,nan,0,-0.022,0,-0.067,nan,500,fresh
370852,0,0,0,0,0,0,7,0,0,4,20,1,7,0,nan,nan,nan,nan,1.167,nan,nan,1,1.053,1,1.167,nan,nan,nan,nan,nan,-0.067,nan,nan,0,-0.022,0,-0.067,nan,500,fresh
371922,0,0,0,0,0,0,7,0,0,4,20,1,7,0,nan,nan,nan,nan,1.167,nan,nan,1,1.053,1,1.167,nan,nan,nan,nan,nan,-0.067,nan,nan,0,-0.022,0,-0.067,nan,500,fresh
372991,0,0,0,0,0,0,7,0,0,4,20,1,7,0,nan,nan,nan,nan,1.167,nan,nan,1,1.053,1,1.167,nan,nan,nan,nan,nan,-0.067,nan,nan,0,-0.022,0,-0.067,nan,500,fresh
374059,0,0,0,0,0,0,7,0,0,4,19,1,7,0,nan,nan,nan,nan,1.167,nan,nan,1,1,1,1.167,nan,nan,nan,nan,nan,-0.067,nan,nan,0,0,0,-0.067,nan,500,fresh
375127,0,0,0,0,0,0,7,0,0,4,20,1,7,0,nan,nan,nan,nan,1.167,nan,nan,1,1.053,1,1.167,nan,nan,nan,nan,nan,-0.067,nan,nan,0,-0.022,0,-0.067,nan,500,fresh
376197,0,0,0,0,0,0,7,0,0,4,20,1,7,0,nan,nan,nan,nan,1.167,nan,nan,1,1.053,1,1.167,nan,nan,nan,nan,nan,-0.067,nan,nan,0,-0.022,0,-0.067,nan,500,fresh
377265,0,0,0,0,0,0,7,0,0,4,19,1,7,0,nan,nan,nan,nan,1.167,nan,nan,1,1,1,1.167,nan,nan,nan,nan,nan,-0.067,nan,nan,0,0,0,-0.067,nan,500,fresh
378333,0,0,0,0,0,0,7,0,0,4,20,1,7,0,nan,nan,nan,nan,1.167,nan,nan,1,1.053,1,1.167,nan,nan,nan,nan,nan,-0.067,nan,nan,0,-0.022,0,-0.067,nan,500,fresh
379403,0,0,0,0,0,0,7,0,0,4,20,1,7,0,nan,nan,nan,nan,1.167,nan,nan,1,1.053,1,1.167,nan,nan,nan,nan,nan,-0.067,nan,nan,0,-0.022,0,-0.067,nan,500,fresh
380473,0,0,0,0,0,0,7,0,0,4,20,1,7,0,nan,nan,nan,nan,1.167,nan,nan,1,1.053,1,1.167,nan,nan,nan,nan,nan,-0.067,nan,nan,0,-0.022,0,-0.067,nan,500,fresh
381542,0,0,0,0,0,0,7,0,0,4,20,1,7,0,nan,nan,nan,nan,1.167,nan,nan,1,1.053,1,1.167,nan,nan,nan,nan,nan,-0.067,nan,nan,0,-0.022,0,-0.067,nan,500,fresh
382612,0,0,0,0,0,0,7,0,0,4,20,1,7,0,nan,nan,nan,nan,1.167,nan,nan,1,1.053,1,1.167,nan,nan,nan,nan,nan,-0.067,nan,nan,0,-0.022,0,-0.067,nan,500,fresh
383681,0,0,0,0,0,0,7,0,0,4,19,1,7,0,nan,nan,nan,nan,1.167,nan,nan,1,1,1,1.167,nan,nan,nan,nan,nan,-0.067,nan,nan,0,0,0,-0.067,nan,500,fresh
384750,0,0,0,0,0,0,7,0,0,4,20,1,7,0,nan,nan,nan,nan,1.167,nan,nan,1,1.053,1,1.167,nan,nan,nan,nan,nan,-0.067,nan,nan,0,-0.022,0,-0.067,nan,500,fresh
385819,0,0,0,0,0,0,7,0,0,4,20,1,7,0,nan,nan,nan,nan,1.167,nan,nan,1,1.053,1,1.167,nan,nan,nan,nan,nan,-0.067,nan,nan,0,-0.022,0,-0.067,nan,500,fresh
386889,0,0,0,0,0,0,6,0,0,4,19,1,7,0,nan,nan,nan,nan,1,nan,nan,1,1,1,1.167,nan,nan,nan,nan,nan,0,nan,nan,0,0,0,-0.067,nan,500,fresh
387957,0,0,0,0,0,0,7,0,0,4,20,1,7,0,nan,nan,nan,nan,1.167,nan,nan,1,1.053,1,1.167,nan,nan,nan,nan,nan,-0.067,nan,nan,0,-0.022,0,-0.067,nan,500,fresh
389027,0,0,0,0,0,0,7,0,0,4,20,1,7,0,nan,nan,nan,nan,1.167,nan,nan,1,1.053,1,1.167,nan,nan,nan,nan,nan,-0.067,nan,nan,0,-0.022,0,-0.067,nan,500,fresh
390096,0,0,0,0,0,0,7,0,0,4,20,1,7,0,nan,nan,nan,nan,1.167,nan,nan,1,1.053,1,1.167,nan,nan,nan,nan,nan,-0.067,nan,nan,0,-0.022,0,-0.067,nan,500,fresh
391165,0,0,0,0,0,0,7,0,0,4,20,1,7,0,nan,nan,nan,nan,1.167,nan,nan,1,1.053,1,1.167,nan,nan,nan,nan,nan,-0.067,nan,nan,0,-0.022,0,-0.067,nan,500,fresh
392235,0,0,0,0,0,0,7,0,0,4,19,1,7,0,nan,nan,nan,nan,1.167,nan,nan,1,1,1,1.167,nan,nan,nan,nan,nan,-0.067,nan,nan,0,0,0,-0.067,nan,500,fresh
393304,0,0,0,0,0,0,7,0,0,4,19,1,7,0,nan,nan,nan,nan,1.167,nan,nan,1,1,1,1.167,nan,nan,nan,nan,nan,-0.067,nan,nan,0,0,0,-0.067,nan,500,fresh
394373,0,0,0,0,0,0,7,0,0,4,19,1,7,0,nan,nan,nan,nan,1.167,nan,nan,1,1,1,1.167,nan,nan,nan,nan,nan,-0.067,nan,nan,0,0,0,-0.067,nan,500,fresh
395443,0,0,0,0,0,0,7,0,0,4,19,1,7,0,nan,nan,nan,nan,1.167,nan,nan,1,1,1,1.167,nan,nan,nan,nan,nan,-0.067,nan,nan,0,0,0,-0.067,nan,500,fresh
396513,0,0,0,0,0,0,7,0,0,4,19,1,7,0,nan,nan,nan,nan,1.167,nan,nan,1,1,1,1.167,nan,nan,nan,nan,nan,-0.067,nan,nan,0,0,0,-0.067,nan,500,fresh
397582,0,0,0,0,0,0,7,0,0,4,20,1,7,0,nan,nan,nan,nan,1.167,nan,nan,1,1.053,1,1.167,nan,nan,nan,nan,nan,-0.067,nan,nan,0,-0.022,0,-0.067,nan,500,fresh
398651,0,0,0,0,0,0,7,0,0,4,19,1,7,0,nan,nan,nan,nan,1.167,nan,nan,1,1,1,1.167,nan,nan,nan,nan,nan,-0.067,nan,nan,0,0,0,-0.067,nan,500,fresh
399720,0,0,0,0,0,0,7,0,0,4,20,1,7,0,nan,nan,nan,nan,1.167,nan,nan,1,1.053,1,1.167,nan,nan,nan,nan,nan,-0.067,nan,nan,0,-0.022,0,-0.067,nan,500,fresh
400789,0,0,0,0,0,0,7,0,0,4,20,1,7,0,nan,nan,nan,nan,1.167,nan,nan,1,1.053,1,1.167,nan,nan,nan,nan,nan,-0.067,nan,nan,0,-0.022,0,-0.067,nan,500,fresh
401859,0,0,0,0,0,0,7,0,0,4,19,1,7,0,nan,nan,nan,nan,1.167,nan,nan,1,1,1,1.167,nan,nan,nan,nan,nan,-0.067,nan,nan,0,0,0,-0.067,nan,500,fresh
402928,0,0,0,0,0,0,7,0,0,4,20,1,7,0,nan,nan,nan,nan,1.167,nan,nan,1,1.053,1,1.167,nan,nan,nan,nan,nan,-0.067,nan,nan,0,-0.022,0,-0.067,nan,500,fresh
403997,0,0,0,0,0,0,7,0,0,4,19,1,7,0,nan,nan,nan,nan,1.167,nan,nan,1,1,1,1.167,nan,nan,nan,nan,nan,-0.067,nan,nan,0,0,0,-0.067,nan,500,fresh
405067,0,0,0,0,0,0,7,0,0,4,19,1,7,0,nan,nan,nan,nan,1.167,nan,nan,1,1,1,1.167,nan,nan,nan,nan,nan,-0.067,nan,nan,0,0,0,-0.067,nan,500,fresh
406136,0,0,0,0,0,0,6,0,0,4,19,1,7,0,nan,nan,nan,nan,1,nan,nan,1,1,1,1.167,nan,nan,nan,nan,nan,0,nan,nan,0,0,0,-0.067,nan,500,fresh
407206,0,0,0,0,0,0,7,0,0,4,19,1,7,0,nan,nan,nan,nan,1.167,nan,nan,1,1,1,1.167,nan,nan,nan,nan,nan,-0.067,nan,nan,0,0,0,-0.067,nan,500,fresh
408276,0,0,0,0,0,0,7,0,0,4,19,1,7,0,nan,nan,nan,nan,1.167,nan,nan,1,1,1,1.167,nan,nan,nan,nan,nan,-0.067,nan,nan,0,0,0,-0.067,nan,500,fresh
409345,0,0,0,0,0,0,7,0,0,4,19,1,7,0,nan,nan,nan,nan,1.167,nan,nan,1,1,1,1.167,nan,nan,nan,nan,nan,-0.067,nan,nan,0,0,0,-0.067,nan,500,fresh
410415,0,0,0,0,0,0,7,0,0,4,19,1,7,0,nan,nan,nan,nan,1.167,nan,nan,1,1,1,1.167,nan,nan,nan,nan,nan,-0.067,nan,nan,0,0,0,-0.067,nan,500,fresh
411485,0,0,0,0,0,0,7,0,0,4,19,1,7,0,nan,nan,nan,nan,1.167,nan,nan,1,1,1,1.167,nan,nan,nan,nan,nan,-0.067,nan,nan,0,0,0,-0.067,nan,500,fresh
412555,0,0,0,0,0,0,7,0,0,4,19,1,7,0,nan,nan,nan,nan,1.167,nan,nan,1,1,1,1.167,nan,nan,nan,nan,nan,-0.067,nan,nan,0,0,0,-0.067,nan,500,fresh
413625,0,0,0,0,0,0,7,0,0,4,19,1,7,0,nan,nan,nan,nan,1.167,nan,nan,1,1,1,1.167,nan,nan,nan,nan,nan,-0.067,nan,nan,0,0,0,-0.067,nan,500,fresh
414694,0,0,0,0,0,0,7,0,0,4,19,1,7,0,nan,nan,nan,nan,1.167,nan,nan,1,1,1,1.167,nan,nan,nan,nan,nan,-0.067,nan,nan,0,0,0,-0.067,nan,500,fresh
415763,0,0,0,0,0,0,7,0,0,4,19,1,7,0,nan,nan,nan,nan,1.167,nan,nan,1,1,1,1.167,nan,nan,nan,nan,nan,-0.067,nan,nan,0,0,0,-0.067,nan,500,fresh
416832,0,0,0,0,0,0,7,0,0,4,19,1,7,0,nan,nan,nan,nan,1.167,nan,nan,1,1,1,1.167,nan,nan,nan,nan,nan,-0.067,nan,nan,0,0,0,-0.067,nan,500,fresh
417901,0,0,0,0,0,0,7,0,0,4,19,1,7,0,nan,nan,nan,nan,1.167,nan,nan,1,1,1,1.167,nan,nan,nan,nan,nan,-0.067,nan,nan,0,0,0,-0.067,nan,500,fresh
418971,0,0,0,0,0,0,7,0,0,4,19,1,7,0,nan,nan,nan,nan,1.167,nan,nan,1,1,1,1.167,nan,nan,nan,nan,nan,-0.067,nan,nan,0,0,0,-0.067,nan,500,fresh
420041,0,0,0,0,0,0,7,0,0,4,19,1,7,0,nan,nan,nan,nan,1.167,nan,nan,1,1,1,1.167,nan,nan,nan,nan,nan,-0.067,nan,nan,0,0,0,-0.067,nan,500,fresh
421111,0,0,0,0,0,0,7,0,0,4,19,1,7,0,nan,nan,nan,nan,1.167,nan,nan,1,1,1,1.167,nan,nan,nan,nan,nan,-0.067,nan,nan,0,0,0,-0.067,nan,500,fresh
422181,0,0,0,0,0,0,7,0,0,4,20,1,7,0,nan,nan,nan,nan,1.167,nan,nan,1,1.053,1,1.167,nan,nan,nan,nan,nan,-0.067,nan,nan,0,-0.022,0,-0.067,nan,500,fresh
423250,0,0,0,0,0,0,7,0,0,4,19,1,7,0,nan,nan,nan,nan,1.167,nan,nan,1,1,1,1.167,nan,nan,nan,nan,nan,-0.067,nan,nan,0,0,0,-0.067,nan,500,fresh
424319,0,0,0,0,0,0,7,0,0,4,19,1,7,0,nan,nan,nan,nan,1.167,nan,nan,1,1,1,1.167,nan,nan,nan,nan,nan,-0.067,nan,nan,0,0,0,-0.067,nan,500,fresh
425389,0,0,0,0,0,0,7,0,0,4,19,1,7,0,nan,nan,nan,nan,1.167,nan,nan,1,1,1,1.167,nan,nan,nan,nan,nan,-0.067,nan,nan,0,0,0,-0.067,nan,500,fresh
426457,0,0,0,0,0,0,7,0,0,4,20,1,7,0,nan,nan,nan,nan,1.167,nan,nan,1,1.053,1,1.167,nan,nan,nan,nan,nan,-0.067,nan,nan,0,-0.022,0,-0.067,nan,500,fresh
427527,0,0,0,0,0,0,7,0,0,4,19,1,7,0,nan,nan,nan,nan,1.167,nan,nan,1,1,1,1.167,nan,nan,nan,nan,nan,-0.067,nan,nan,0,0,0,-0.067,nan,500,fresh
428597,0,0,0,0,0,0,7,0,0,4,19,1,7,0,nan,nan,nan,nan,1.167,nan,nan,1,1,1,1.167,nan,nan,nan,nan,nan,-0.067,nan,nan,0,0,0,-0.067,nan,500,fresh
429666,0,0,0,0,0,0,7,0,0,4,19,1,7,0,nan,nan,nan,nan,1.167,nan,nan,1,1,1,1.167,nan,nan,nan,nan,nan,-0.067,nan,nan,0,0,0,-0.067,nan,500,fresh
430736,0,0,0,0,0,0,7,0,0,4,19,1,7,0,nan,nan,nan,nan,1.167,nan,nan,1,1,1,1.167,nan,nan,nan,nan,nan,-0.067,nan,nan,0,0,0,-0.067,nan,500,fresh
431806,0,0,0,0,0,0,7,0,0,4,19,1,7,0,nan,nan,nan,nan,1.167,nan,nan,1,1,1,1.167,nan,nan,nan,nan,nan,-0.067,nan,nan,0,0,0,-0.067,nan,500,fresh
432875,0,0,0,0,0,0,7,0,0,4,19,1,7,0,nan,nan,nan,nan,1.167,nan,nan,1,1,1,1.167,nan,nan,nan,nan,nan,-0.067,nan,nan,0,0,0,-0.067,nan,500,fresh
433945,0,0,0,0,0,0,7,0,0,4,19,1,7,0,nan,nan,nan,nan,1.167,nan,nan,1,1,1,1.167,nan,nan,nan,nan,nan,-0.067,nan,nan,0,0,0,-0.067,nan,500,fresh
435015,0,0,0,0,0,0,7,0,0,4,19,1,7,0,nan,nan,nan,nan,1.167,nan,nan,1,1,1,1.167,nan,nan,nan,nan,nan,-0.067,nan,nan,0,0,0,-0.067,nan,500,fresh
436085,0,0,0,0,0,0,7,0,0,4,19,1,7,0,nan,nan,nan,nan,1.167,nan,nan,1,1,1,1.167,nan,nan,nan,nan,nan,-0.067,nan,nan,0,0,0,-0.067,nan,500,fresh
437154,0,0,0,0,0,0,7,0,0,4,19,1,7,0,nan,nan,nan,nan,1.167,nan,nan,1,1,1,1.167,nan,nan,nan,nan,nan,-0.067,nan,nan,0,0,0,-0.067,nan,500,fresh
438224,0,0,0,0,0,0,7,0,0,4,19,1,7,0,nan,nan,nan,nan,1.167,nan,nan,1,1,1,1.167,nan,nan,nan,nan,nan,-0.067,nan,nan,0,0,0,-0.067,nan,500,fresh
50008,0,0,0,0,0,0,7,0,0,4,19,1,7,0,nan,nan,nan,nan,1.167,nan,nan,1,1,1,1.167,nan,nan,nan,nan,nan,-0.067,nan,nan,0,0,0,-0.067,nan,500,fresh
51077,0,0,0,0,0,0,6,0,0,4,19,1,7,0,nan,nan,nan,nan,1,nan,nan,1,1,1,1.167,nan,nan,nan,nan,nan,0,nan,nan,0,0,0,-0.067,nan,500,fresh
52146,0,0,0,0,0,0,7,0,0,4,19,1,7,0,nan,nan,nan,nan,1.167,nan,nan,1,1,1,1.167,nan,nan,nan,nan,nan,-0.067,nan,nan,0,0,0,-0.067,nan,500,fresh
53216,0,0,0,0,0,0,7,0,0,4,19,1,6,0,nan,nan,nan,nan,1.167,nan,nan,1,1,1,1,nan,nan,nan,nan,nan,-0.067,nan,nan,0,0,0,0,nan,500,fresh
54285,0,0,0,0,0,0,7,0,0,4,19,1,7,0,nan,nan,nan,nan,1.167,nan,nan,1,1,1,1.167,nan,nan,nan,nan,nan,-0.067,nan,nan,0,0,0,-0.067,nan,500,fresh
55355,0,0,0,0,0,0,7,0,0,4,19,1,6,0,nan,nan,nan,nan,1.167,nan,nan,1,1,1,1,nan,nan,nan,nan,nan,-0.067,nan,nan,0,0,0,0,nan,500,fresh
56425,0,0,0,0,0,0,7,0,0,4,19,1,7,0,nan,nan,nan,nan,1.167,nan,nan,1,1,1,1.167,nan,nan,nan,nan,nan,-0.067,nan,nan,0,0,0,-0.067,nan,500,fresh
57495,0,0,0,0,0,0,7,0,0,4,19,1,7,0,nan,nan,nan,nan,1.167,nan,nan,1,1,1,1.167,nan,nan,nan,nan,nan,-0.067,nan,nan,0,0,0,-0.067,nan,500,fresh
58564,0,0,0,0,0,0,7,0,0,4,19,1,7,0,nan,nan,nan,nan,1.167,nan,nan,1,1,1,1.167,nan,nan,nan,nan,nan,-0.067,nan,nan,0,0,0,-0.067,nan,500,fresh
59634,0,0,0,0,0,0,7,0,0,4,19,1,7,0,nan,nan,nan,nan,1.167,nan,nan,1,1,1,1.167,nan,nan,nan,nan,nan,-0.067,nan,nan,0,0,0,-0.067,nan,500,fresh
60704,0,0,0,0,0,0,7,0,0,4,19,1,7,0,nan,nan,nan,nan,1.167,nan,nan,1,1,1,1.167,nan,nan,nan,nan,nan,-0.067,nan,nan,0,0,0,-0.067,nan,500,fresh
61774,0,0,0,0,0,0,7,0,0,4,19,1,7,0,nan,nan,nan,nan,1.167,nan,nan,1,1,1,1.167,nan,nan,nan,nan,nan,-0.067,nan,nan,0,0,0,-0.067,nan,500,fresh
62844,0,0,0,0,0,0,6,0,0,4,19,1,7,0,nan,nan,nan,nan,1,nan,nan,1,1,1,1.167,nan,nan,nan,nan,nan,0,nan,nan,0,0,0,-0.067,nan,500,fresh
63913,0,0,0,0,0,0,7,0,0,4,19,1,7,0,nan,nan,nan,nan,1.167,nan,nan,1,1,1,1.167,nan,nan,nan,nan,nan,-0.067,nan,nan,0,0,0,-0.067,nan,500,fresh
64983,0,0,0,0,0,0,7,0,0,4,19,1,7,0,nan,nan,nan,nan,1.167,nan,nan,1,1,1,1.167,nan,nan,nan,nan,nan,-0.067,nan,nan,0,0,0,-0.067,nan,500,fresh
66053,0,0,0,0,0,0,7,0,0,4,19,1,7,0,nan,nan,nan,nan,1.167,nan,nan,1,1,1,1.167,nan,nan,nan,nan,nan,-0.067,nan,nan,0,0,0,-0.067,nan,500,fresh
67123,0,0,0,0,0,0,7,0,0,4,19,1,7,0,nan,nan,nan,nan,1.167,nan,nan,1,1,1,1.167,nan,nan,nan,nan,nan,-0.067,nan,nan,0,0,0,-0.067,nan,500,fresh
68193,0,0,0,0,0,0,7,0,0,4,19,1,7,0,nan,nan,nan,nan,1.167,nan,nan,1,1,1,1.167,nan,nan,nan,nan,nan,-0.067,nan,nan,0,0,0,-0.067,nan,500,fresh
69263,0,0,0,0,0,0,7,0,0,4,19,1,7,0,nan,nan,nan,nan,1.167,nan,nan,1,1,1,1.167,nan,nan,nan,nan,nan,-0.067,nan,nan,0,0,0,-0.067,nan,500,fresh
70333,0,0,0,0,0,0,7,0,0,4,19,1,7,0,nan,nan,nan,nan,1.167,nan,nan,1,1,1,1.167,nan,nan,nan,nan,nan,-0.067,nan,nan,0,0,0,-0.067,nan,500,fresh
71403,0,0,0,0,0,0,7,0,0,4,19,1,7,0,nan,nan,nan,nan,1.167,nan,nan,1,1,1,1.167,nan,nan,nan,nan,nan,-0.067,nan,nan,0,0,0,-0.067,nan,500,fresh
72473,0,0,0,0,0,0,6,0,0,4,19,1,7,0,nan,nan,nan,nan,1,nan,nan,1,1,1,1.167,nan,nan,nan,nan,nan,0,nan,nan,0,0,0,-0.067,nan,500,fresh
73542,0,0,0,0,0,0,7,0,0,4,19,1,6,0,nan,nan,nan,nan,1.167,nan,nan,1,1,1,1,nan,nan,nan,nan,nan,-0.067,nan,nan,0,0,0,0,nan,500,fresh
74611,0,0,0,0,0,0,7,0,0,4,19,1,7,0,nan,nan,nan,nan,1.167,nan,nan,1,1,1,1.167,nan,nan,nan,nan,nan,-0.067,nan,nan,0,0,0,-0.067,nan,500,fresh
75681,0,0,0,0,0,0,7,0,0,4,19,1,7,0,nan,nan,nan,nan,1.167,nan,nan,1,1,1,1.167,nan,nan,nan,nan,nan,-0.067,nan,nan,0,0,0,-0.067,nan,500,fresh
76751,0,0,0,0,0,0,7,0,0,4,19,1,7,0,nan,nan,nan,nan,1.167,nan,nan,1,1,1,1.167,nan,nan,nan,nan,nan,-0.067,nan,nan,0,0,0,-0.067,nan,500,fresh
77821,0,0,0,0,0,0,7,0,0,4,19,1,7,0,nan,nan,nan,nan,1.167,nan,nan,1,1,1,1.167,nan,nan,nan,nan,nan,-0.067,nan,nan,0,0,0,-0.067,nan,500,fresh
78891,0,0,0,0,0,0,7,0,0,4,19,1,7,0,nan,nan,nan,nan,1.167,nan,nan,1,1,1,1.167,nan,nan,nan,nan,nan,-0.067,nan,nan,0,0,0,-0.067,nan,500,fresh
79960,0,0,0,0,0,0,7,0,0,4,19,1,6,0,nan,nan,nan,nan,1.167,nan,nan,1,1,1,1,nan,nan,nan,nan,nan,-0.067,nan,nan,0,0,0,0,nan,500,fresh
81030,0,0,0,0,0,0,6,0,0,4,19,1,7,0,nan,nan,nan,nan,1,nan,nan,1,1,1,1.167,nan,nan,nan,nan,nan,0,nan,nan,0,0,0,-0.067,nan,500,fresh
82099,0,0,0,0,0,0,7,0,0,4,19,1,7,0,nan,nan,nan,nan,1.167,nan,nan,1,1,1,1.167,nan,nan,nan,nan,nan,-0.067,nan,nan,0,0,0,-0.067,nan,500,fresh
83168,0,0,0,0,0,0,7,0,0,4,19,1,7,0,nan,nan,nan,nan,1.167,nan,nan,1,1,1,1.167,nan,nan,nan,nan,nan,-0.067,nan,nan,0,0,0,-0.067,nan,500,fresh
84238,0,0,0,0,0,0,7,0,0,4,19,1,6,0,nan,nan,nan,nan,1.167,nan,nan,1,1,1,1,nan,nan,nan,nan,nan,-0.067,nan,nan,0,0,0,0,nan,500,fresh
85308,0,0,0,0,0,0,7,0,0,4,19,1,7,0,nan,nan,nan,nan,1.167,nan,nan,1,1,1,1.167,nan,nan,nan,nan,nan,-0.067,nan,nan,0,0,0,-0.067,nan,500,fresh
86377,0,0,0,0,0,0,7,0,0,4,19,1,7,0,nan,nan,nan,nan,1.167,nan,nan,1,1,1,1.167,nan,nan,nan,nan,nan,-0.067,nan,nan,0,0,0,-0.067,nan,500,fresh
87447,0,0,0,0,0,0,7,0,0,4,19,1,7,0,nan,nan,nan,nan,1.167,nan,nan,1,1,1,1.167,nan,nan,nan,nan,nan,-0.067,nan,nan,0,0,0,-0.067,nan,500,fresh
88516,0,0,0,0,0,0,6,0,0,4,19,1,7,0,nan,nan,nan,nan,1,nan,nan,1,1,1,1.167,nan,nan,nan,nan,nan,0,nan,nan,0,0,0,-0.067,nan,500,fresh
89586,0,0,0,0,0,0,7,0,0,4,19,1,7,0,nan,nan,nan,nan,1.167,nan,nan,1,1,1,1.167,nan,nan,nan,nan,nan,-0.067,nan,nan,0,0,0,-0.067,nan,500,fresh
90655,0,0,0,0,0,0,7,0,0,4,19,1,7,0,nan,nan,nan,nan,1.167,nan,nan,1,1,1,1.167,nan,nan,nan,nan,nan,-0.067,nan,nan,0,0,0,-0.067,nan,500,fresh
91723,0,0,0,0,0,0,7,0,0,4,19,1,7,0,nan,nan,nan,nan,1.167,nan,nan,1,1,1,1.167,nan,nan,nan,nan,nan,-0.067,nan,nan,0,0,0,-0.067,nan,500,fresh
92792,0,0,0,0,0,0,7,0,0,4,19,1,7,0,nan,nan,nan,nan,1.167,nan,nan,1,1,1,1.167,nan,nan,nan,nan,nan,-0.067,nan,nan,0,0,0,-0.067,nan,500,fresh
93862,0,0,0,0,0,0,6,0,0,4,19,1,7,0,nan,nan,nan,nan,1,nan,nan,1,1,1,1.167,nan,nan,nan,nan,nan,0,nan,nan,0,0,0,-0.067,nan,500,fresh
94931,0,0,0,0,0,0,7,0,0,4,19,1,7,0,nan,nan,nan,nan,1.167,nan,nan,1,1,1,1.167,nan,nan,nan,nan,nan,-0.067,nan,nan,0,0,0,-0.067,nan,500,fresh
96000,0,0,0,0,0,0,7,0,0,4,19,1,7,0,nan,nan,nan,nan,1.167,nan,nan,1,1,1,1.167,nan,nan,nan,nan,nan,-0.067,nan,nan,0,0,0,-0.067,nan,500,fresh
97069,0,0,0,0,0,0,7,0,0,4,19,1,7,0,nan,nan,nan,nan,1.167,nan,nan,1,1,1,1.167,nan,nan,nan,nan,nan,-0.067,nan,nan,0,0,0,-0.067,nan,500,fresh
98138,0,0,0,0,0,0,7,0,0,4,19,1,7,0,nan,nan,nan,nan,1.167,nan,nan,1,1,1,1.167,nan,nan,nan,nan,nan,-0.067,nan,nan,0,0,0,-0.067,nan,500,fresh
99207,0,0,0,0,0,0,7,0,0,4,19,1,7,0,nan,nan,nan,nan,1.167,nan,nan,1,1,1,1.167,nan,nan,nan,nan,nan,-0.067,nan,nan,0,0,0,-0.067,nan,500,fresh
100276,0,0,0,0,0,0,7,0,0,4,19,1,7,0,nan,nan,nan,nan,1.167,nan,nan,1,1,1,1.167,nan,nan,nan,nan,nan,-0.067,nan,nan,0,0,0,-0.067,nan,500,fresh
101346,0,0,0,0,0,0,7,0,0,4,19,1,7,0,nan,nan,nan,nan,1.167,nan,nan,1,1,1,1.167,nan,nan,nan,nan,nan,-0.067,nan,nan,0,0,0,-0.067,nan,500,fresh
102416,0,0,0,0,0,0,7,0,0,4,19,1,7,0,nan,nan,nan,nan,1.167,nan,nan,1,1,1,1.167,nan,nan,nan,nan,nan,-0.067,nan,nan,0,0,0,-0.067,nan,500,fresh
103485,0,0,0,0,0,0,7,0,0,3,19,1,7,0,nan,nan,nan,nan,1.167,nan,nan,0.75,1,1,1.167,nan,nan,nan,nan,nan,-0.067,nan,nan,0.125,0,0,-0.067,nan,500,fresh
104555,0,0,0,0,0,0,6,0,0,4,19,1,7,0,nan,nan,nan,nan,1,nan,nan,1,1,1,1.167,nan,nan,nan,nan,nan,0,nan,nan,0,0,0,-0.067,nan,500,fresh
105625,0,0,0,0,0,0,7,0,0,4,19,1,7,0,nan,nan,nan,nan,1.167,nan,nan,1,1,1,1.167,nan,nan,nan,nan,nan,-0.067,nan,nan,0,0,0,-0.067,nan,500,fresh
106694,0,0,0,0,0,0,7,0,0,4,19,1,7,0,nan,nan,nan,nan,1.167,nan,nan,1,1,1,1.167,nan,nan,nan,nan,nan,-0.067,nan,nan,0,0,0,-0.067,nan,500,fresh
107763,0,0,0,0,0,0,7,0,0,4,19,1,7,0,nan,nan,nan,nan,1.167,nan,nan,1,1,1,1.167,nan,nan,nan,nan,nan,-0.067,nan,nan,0,0,0,-0.067,nan,500,fresh
108833,0,0,0,0,0,0,7,0,0,4,19,1,7,0,nan,nan,nan,nan,1.167,nan,nan,1,1,1,1.167,nan,nan,nan,nan,nan,-0.067,nan,nan,0,0,0,-0.067,nan,500,fresh
109903,0,0,0,0,0,0,7,0,0,4,19,1,7,0,nan,nan,nan,nan,1.167,nan,nan,1,1,1,1.167,nan,nan,nan,nan,nan,-0.067,nan,nan,0,0,0,-0.067,nan,500,fresh
110971,0,0,0,0,0,0,7,0,0,4,19,1,7,0,nan,nan,nan,nan,1.167,nan,nan,1,1,1,1.167,nan,nan,nan,nan,nan,-0.067,nan,nan,0,0,0,-0.067,nan,500,fresh
112041,0,0,0,0,0,0,7,0,0,4,19,1,7,0,nan,nan,nan,nan,1.167,nan,nan,1,1,1,1.167,nan,nan,nan,nan,nan,-0.067,nan,nan,0,0,0,-0.067,nan,500,fresh
113111,0,0,0,0,0,0,7,0,0,4,19,1,7,0,nan,nan,nan,nan,1.167,nan,nan,1,1,1,1.167,nan,nan,nan,nan,nan,-0.067,nan,nan,0,0,0,-0.067,nan,500,fresh
114180,0,0,0,0,0,0,7,0,0,4,19,1,7,0,nan,nan,nan,nan,1.167,nan,nan,1,1,1,1.167,nan,nan,nan,nan,nan,-0.067,nan,nan,0,0,0,-0.067,nan,500,fresh
115250,0,0,0,0,0,0,7,0,0,4,19,1,7,0,nan,nan,nan,nan,1.167,nan,nan,1,1,1,1.167,nan,nan,nan,nan,nan,-0.067,nan,nan,0,0,0,-0.067,nan,500,fresh
116319,0,0,0,0,0,0,7,0,0,4,19,1,7,0,nan,nan,nan,nan,1.167,nan,nan,1,1,1,1.167,nan,nan,nan,nan,nan,-0.067,nan,nan,0,0,0,-0.067,nan,500,fresh
117388,0,0,0,0,0,0,7,0,0,4,19,1,7,0,nan,nan,nan,nan,1.167,nan,nan,1,1,1,1.167,nan,nan,nan,nan,nan,-0.067,nan,nan,0,0,0,-0.067,nan,500,fresh
118457,0,0,0,0,0,0,7,0,0,4,19,1,7,0,nan,nan,nan,nan,1.167,nan,nan,1,1,1,1.167,nan,nan,nan,nan,nan,-0.067,nan,nan,0,0,0,-0.067,nan,500,fresh
119526,0,0,0,0,0,0,7,0,0,4,19,1,7,0,nan,nan,nan,nan,1.167,nan,nan,1,1,1,1.167,nan,nan,nan,nan,nan,-0.067,nan,nan,0,0,0,-0.067,nan,500,fresh
120596,0,0,0,0,0,0,7,0,0,4,19,1,7,0,nan,nan,nan,nan,1.167,nan,nan,1,1,1,1.167,nan,nan,nan,nan,nan,-0.067,nan,nan,0,0,0,-0.067,nan,500,fresh
121664,0,0,0,0,0,0,7,0,0,4,19,1,7,0,nan,nan,nan,nan,1.167,nan,nan,1,1,1,1.167,nan,nan,nan,nan,nan,-0.067,nan,nan,0,0,0,-0.067,nan,500,fresh
122733,0,0,0,0,0,0,6,0,0,4,19,1,7,0,nan,nan,nan,nan,1,nan,nan,1,1,1,1.167,nan,nan,nan,nan,nan,0,nan,nan,0,0,0,-0.067,nan,500,fresh
123803,0,0,0,0,0,0,7,0,0,4,19,1,7,0,nan,nan,nan,nan,1.167,nan,nan,1,1,1,1.167,nan,nan,nan,nan,nan,-0.067,nan,nan,0,0,0,-0.067,nan,500,fresh
124872,0,0,0,0,0,0,7,0,0,4,19,1,7,0,nan,nan,nan,nan,1.167,nan,nan,1,1,1,1.167,nan,nan,nan,nan,nan,-0.067,nan,nan,0,0,0,-0.067,nan,500,fresh
125941,0,0,0,0,0,0,7,0,0,4,19,1,7,0,nan,nan,nan,nan,1.167,nan,nan,1,1,1,1.167,nan,nan,nan,nan,nan,-0.067,nan,nan,0,0,0,-0.067,nan,500,fresh
127011,0,0,0,0,0,0,7,0,0,4,19,1,7,0,nan,nan,nan,nan,1.167,nan,nan,1,1,1,1.167,nan,nan,nan,nan,nan,-0.067,nan,nan,0,0,0,-0.067,nan,500,fresh
128081,0,0,0,0,0,0,7,0,0,4,19,1,7,0,nan,nan,nan,nan,1.167,nan,nan,1,1,1,1.167,nan,nan,nan,nan,nan,-0.067,nan,nan,0,0,0,-0.067,nan,500,fresh
129149,0,0,0,0,0,0,7,0,0,4,19,1,7,0,nan,nan,nan,nan,1.167,nan,nan,1,1,1,1.167,nan,nan,nan,nan,nan,-0.067,nan,nan,0,0,0,-0.067,nan,500,fresh
130219,0,0,0,0,0,0,7,0,0,4,19,1,7,0,nan,nan,nan,nan,1.167,nan,nan,1,1,1,1.167,nan,nan,nan,nan,nan,-0.067,nan,nan,0,0,0,-0.067,nan,500,fresh
131289,0,0,0,0,0,0,7,0,0,4,19,1,7,0,nan,nan,nan,nan,1.167,nan,nan,1,1,1,1.167,nan,nan,nan,nan,nan,-0.067,nan,nan,0,0,0,-0.067,nan,500,fresh
132359,0,0,0,0,0,0,7,0,0,4,19,1,6,0,nan,nan,nan,nan,1.167,nan,nan,1,1,1,1,nan,nan,nan,nan,nan,-0.067,nan,nan,0,0,0,0,nan,500,fresh
133429,0,0,0,0,0,0,7,0,0,4,19,1,7,0,nan,nan,nan,nan,1.167,nan,nan,1,1,1,1.167,nan,nan,nan,nan,nan,-0.067,nan,nan,0,0,0,-0.067,nan,500,fresh
134497,0,0,0,0,0,0,7,0,0,4,19,1,7,0,nan,nan,nan,nan,1.167,nan,nan,1,1,1,1.167,nan,nan,nan,nan,nan,-0.067,nan,nan,0,0,0,-0.067,nan,500,fresh
135567,0,0,0,0,0,0,7,0,0,4,19,1,7,0,nan,nan,nan,nan,1.167,nan,nan,1,1,1,1.167,nan,nan,nan,nan,nan,-0.067,nan,nan,0,0,0,-0.067,nan,500,fresh
136637,0,0,0,0,0,0,7,0,0,4,19,1,7,0,nan,nan,nan,nan,1.167,nan,nan,1,1,1,1.167,nan,nan,nan,nan,nan,-0.067,nan,nan,0,0,0,-0.067,nan,500,fresh
137707,0,0,0,0,0,0,7,0,0,4,19,1,7,0,nan,nan,nan,nan,1.167,nan,nan,1,1,1,1.167,nan,nan,nan,nan,nan,-0.067,nan,nan,0,0,0,-0.067,nan,500,fresh
138776,0,0,0,0,0,0,7,0,0,4,19,1,7,0,nan,nan,nan,nan,1.167,nan,nan,1,1,1,1.167,nan,nan,nan,nan,nan,-0.067,nan,nan,0,0,0,-0.067,nan,500,fresh
139845,0,0,0,0,0,0,7,0,0,4,19,1,7,0,nan,nan,nan,nan,1.167,nan,nan,1,1,1,1.167,nan,nan,nan,nan,nan,-0.067,nan,nan,0,0,0,-0.067,nan,500,fresh
140915,0,0,0,0,0,0,7,0,0,4,19,1,7,0,nan,nan,nan,nan,1.167,nan,nan,1,1,1,1.167,nan,nan,nan,nan,nan,-0.067,nan,nan,0,0,0,-0.067,nan,500,fresh
141984,0,0,0,0,0,0,7,0,0,4,19,1,7,0,nan,nan,nan,nan,1.167,nan,nan,1,1,1,1.167,nan,nan,nan,nan,nan,-0.067,nan,nan,0,0,0,-0.067,nan,500,fresh
143054,0,0,0,0,0,0,7,0,0,4,19,1,7,0,nan,nan,nan,nan,1.167,nan,nan,1,1,1,1.167,nan,nan,nan,nan,nan,-0.067,nan,nan,0,0,0,-0.067,nan,500,fresh
144124,0,0,0,0,0,0,7,0,0,4,19,1,7,0,nan,nan,nan,nan,1.167,nan,nan,1,1,1,1.167,nan,nan,nan,nan,nan,-0.067,nan,nan,0,0,0,-0.067,nan,500,fresh
145194,0,0,0,0,0,0,7,0,0,4,19,1,7,0,nan,nan,nan,nan,1.167,nan,nan,1,1,1,1.167,nan,nan,nan,nan,nan,-0.067,nan,nan,0,0,0,-0.067,nan,500,fresh
146264,0,0,0,0,0,0,7,0,0,4,19,1,7,0,nan,nan,nan,nan,1.167,nan,nan,1,1,1,1.167,nan,nan,nan,nan,nan,-0.067,nan,nan,0,0,0,-0.067,nan,500,fresh
147332,0,0,0,0,0,0,7,0,0,4,19,1,7,0,nan,nan,nan,nan,1.167,nan,nan,1,1,1,1.167,nan,nan,nan,nan,nan,-0.067,nan,nan,0,0,0,-0.067,nan,500,fresh
148402,0,0,0,0,0,0,7,0,0,4,19,1,7,0,nan,nan,nan,nan,1.167,nan,nan,1,1,1,1.167,nan,nan,nan,nan,nan,-0.067,nan,nan,0,0,0,-0.067,nan,500,fresh
149471,0,0,0,0,0,0,7,0,0,4,19,1,7,0,nan,nan,nan,nan,1.167,nan,nan,1,1,1,1.167,nan,nan,nan,nan,nan,-0.067,nan,nan,0,0,0,-0.067,nan,500,fresh
150541,0,0,0,0,0,0,7,0,0,4,19,1,7,0,nan,nan,nan,nan,1.167,nan,nan,1,1,1,1.167,nan,nan,nan,nan,nan,-0.067,nan,nan,0,0,0,-0.067,nan,500,fresh
151611,0,0,0,0,0,0,7,0,0,4,19,1,7,0,nan,nan,nan,nan,1.167,nan,nan,1,1,1,1.167,nan,nan,nan,nan,nan,-0.067,nan,nan,0,0,0,-0.067,nan,500,fresh
152680,0,0,0,0,0,0,7,0,0,4,19,1,7,0,nan,nan,nan,nan,1.167,nan,nan,1,1,1,1.167,nan,nan,nan,nan,nan,-0.067,nan,nan,0,0,0,-0.067,nan,500,fresh
153750,0,0,0,0,0,0,7,0,0,4,19,1,7,0,nan,nan,nan,nan,1.167,nan,nan,1,1,1,1.167,nan,nan,nan,nan,nan,-0.067,nan,nan,0,0,0,-0.067,nan,500,fresh
154820,0,0,0,0,0,0,7,0,0,4,19,1,7,0,nan,nan,nan,nan,1.167,nan,nan,1,1,1,1.167,nan,nan,nan,nan,nan,-0.067,nan,nan,0,0,0,-0.067,nan,500,fresh
155890,0,0,0,0,0,0,7,0,0,4,19,1,7,0,nan,nan,nan,nan,1.167,nan,nan,1,1,1,1.167,nan,nan,nan,nan,nan,-0.067,nan,nan,0,0,0,-0.067,nan,500,fresh
156960,0,0,0,0,0,0,7,0,0,4,19,1,7,0,nan,nan,nan,nan,1.167,nan,nan,1,1,1,1.167,nan,nan,nan,nan,nan,-0.067,nan,nan,0,0,0,-0.067,nan,500,fresh
158030,0,0,0,0,0,0,7,0,0,4,19,1,7,0,nan,nan,nan,nan,1.167,nan,nan,1,1,1,1.167,nan,nan,nan,nan,nan,-0.067,nan,nan,0,0,0,-0.067,nan,500,fresh
159100,0,0,0,0,0,0,7,0,0,4,19,1,6,0,nan,nan,nan,nan,1.167,nan,nan,1,1,1,1,nan,nan,nan,nan,nan,-0.067,nan,nan,0,0,0,0,nan,500,fresh
160168,0,0,0,0,0,0,7,0,0,4,19,1,7,0,nan,nan,nan,nan,1.167,nan,nan,1,1,1,1.167,nan,nan,nan,nan,nan,-0.067,nan,nan,0,0,0,-0.067,nan,500,fresh
161237,0,0,0,0,0,0,7,0,0,4,19,1,7,0,nan,nan,nan,nan,1.167,nan,nan,1,1,1,1.167,nan,nan,nan,nan,nan,-0.067,nan,nan,0,0,0,-0.067,nan,500,fresh
162306,0,0,0,0,0,0,7,0,0,4,19,1,7,0,nan,nan,nan,nan,1.167,nan,nan,1,1,1,1.167,nan,nan,nan,nan,nan,-0.067,nan,nan,0,0,0,-0.067,nan,500,fresh
163376,0,0,0,0,0,0,7,0,0,4,19,1,7,0,nan,nan,nan,nan,1.167,nan,nan,1,1,1,1.167,nan,nan,nan,nan,nan,-0.067,nan,nan,0,0,0,-0.067,nan,500,fresh
164444,0,0,0,0,0,0,7,0,0,4,19,1,7,0,nan,nan,nan,nan,1.167,nan,nan,1,1,1,1.167,nan,nan,nan,nan,nan,-0.067,nan,nan,0,0,0,-0.067,nan,500,fresh
165513,0,0,0,0,0,0,7,0,0,4,19,1,7,0,nan,nan,nan,nan,1.167,nan,nan,1,1,1,1.167,nan,nan,nan,nan,nan,-0.067,nan,nan,0,0,0,-0.067,nan,500,fresh
166583,0,0,0,0,0,0,7,0,0,4,19,1,7,0,nan,nan,nan,nan,1.167,nan,nan,1,1,1,1.167,nan,nan,nan,nan,nan,-0.067,nan,nan,0,0,0,-0.067,nan,500,fresh
167652,0,0,0,0,0,0,7,0,0,4,19,1,7,0,nan,nan,nan,nan,1.167,nan,nan,1,1,1,1.167,nan,nan,nan,nan,nan,-0.067,nan,nan,0,0,0,-0.067,nan,500,fresh
168722,0,0,0,0,0,0,7,0,0,4,19,1,7,0,nan,nan,nan,nan,1.167,nan,nan,1,1,1,1.167,nan,nan,nan,nan,nan,-0.067,nan,nan,0,0,0,-0.067,nan,500,fresh
169792,0,0,0,0,0,0,7,0,0,4,19,1,7,0,nan,nan,nan,nan,1.167,nan,nan,1,1,1,1.167,nan,nan,nan,nan,nan,-0.067,nan,nan,0,0,0,-0.067,nan,500,fresh
170862,0,0,0,0,0,0,7,0,0,4,19,1,7,0,nan,nan,nan,nan,1.167,nan,nan,1,1,1,1.167,nan,nan,nan,nan,nan,-0.067,nan,nan,0,0,0,-0.067,nan,500,fresh
171932,0,0,0,0,0,0,6,0,0,4,19,1,7,0,nan,nan,nan,nan,1,nan,nan,1,1,1,1.167,nan,nan,nan,nan,nan,0,nan,nan,0,0,0,-0.067,nan,500,fresh
173002,0,0,0,0,0,0,7,0,0,4,19,1,7,0,nan,nan,nan,nan,1.167,nan,nan,1,1,1,1.167,nan,nan,nan,nan,nan,-0.067,nan,nan,0,0,0,-0.067,nan,500,fresh
174072,0,0,0,0,0,0,7,0,0,4,19,1,7,0,nan,nan,nan,nan,1.167,nan,nan,1,1,1,1.167,nan,nan,nan,nan,nan,-0.067,nan,nan,0,0,0,-0.067,nan,500,fresh
175140,0,0,0,0,0,0,6,0,0,4,19,1,7,0,nan,nan,nan,nan,1,nan,nan,1,1,1,1.167,nan,nan,nan,nan,nan,0,nan,nan,0,0,0,-0.067,nan,500,fresh
176210,0,0,0,0,0,0,7,0,0,4,19,1,7,0,nan,nan,nan,nan,1.167,nan,nan,1,1,1,1.167,nan,nan,nan,nan,nan,-0.067,nan,nan,0,0,0,-0.067,nan,500,fresh
177280,0,0,0,0,0,0,7,0,0,4,19,1,7,0,nan,nan,nan,nan,1.167,nan,nan,1,1,1,1.167,nan,nan,nan,nan,nan,-0.067,nan,nan,0,0,0,-0.067,nan,500,fresh
178350,0,0,0,0,0,0,6,0,0,4,19,1,7,0,nan,nan,nan,nan,1,nan,nan,1,1,1,1.167,nan,nan,nan,nan,nan,0,nan,nan,0,0,0,-0.067,nan,500,fresh
179419,0,0,0,0,0,0,7,0,0,4,19,1,7,0,nan,nan,nan,nan,1.167,nan,nan,1,1,1,1.167,nan,nan,nan,nan,nan,-0.067,nan,nan,0,0,0,-0.067,nan,500,fresh
180488,0,0,0,0,0,0,7,0,0,4,19,1,7,0,nan,nan,nan,nan,1.167,nan,nan,1,1,1,1.167,nan,nan,nan,nan,nan,-0.067,nan,nan,0,0,0,-0.067,nan,500,fresh
181557,0,0,0,0,0,0,7,0,0,4,19,1,7,0,nan,nan,nan,nan,1.167,nan,nan,1,1,1,1.167,nan,nan,nan,nan,nan,-0.067,nan,nan,0,0,0,-0.067,nan,500,fresh
182627,0,0,0,0,0,0,7,0,0,4,19,1,7,0,nan,nan,nan,nan,1.167,nan,nan,1,1,1,1.167,nan,nan,nan,nan,nan,-0.067,nan,nan,0,0,0,-0.067,nan,500,fresh
183697,0,0,0,0,0,0,7,0,0,4,19,1,7,0,nan,nan,nan,nan,1.167,nan,nan,1,1,1,1.167,nan,nan,nan,nan,nan,-0.067,nan,nan,0,0,0,-0.067,nan,500,fresh
184766,0,0,0,0,0,0,7,0,0,4,19,1,7,0,nan,nan,nan,nan,1.167,nan,nan,1,1,1,1.167,nan,nan,nan,nan,nan,-0.067,nan,nan,0,0,0,-0.067,nan,500,fresh
185836,0,0,0,0,0,0,7,0,0,4,19,1,7,0,nan,nan,nan,nan,1.167,nan,nan,1,1,1,1.167,nan,nan,nan,nan,nan,-0.067,nan,nan,0,0,0,-0.067,nan,500,fresh
186906,0,0,0,0,0,0,7,0,0,4,19,1,7,0,nan,nan,nan,nan,1.167,nan,nan,1,1,1,1.167,nan,nan,nan,nan,nan,-0.067,nan,nan,0,0,0,-0.067,nan,500,fresh
187976,0,0,0,0,0,0,7,0,0,4,19,1,6,0,nan,nan,nan,nan,1.167,nan,nan,1,1,1,1,nan,nan,nan,nan,nan,-0.067,nan,nan,0,0,0,0,nan,500,fresh
189046,0,0,0,0,0,0,7,0,0,4,19,1,6,0,nan,nan,nan,nan,1.167,nan,nan,1,1,1,1,nan,nan,nan,nan,nan,-0.067,nan,nan,0,0,0,0,nan,500,fresh
190115,0,0,0,0,0,0,6,0,0,4,19,1,7,0,nan,nan,nan,nan,1,nan,nan,1,1,1,1.167,nan,nan,nan,nan,nan,0,nan,nan,0,0,0,-0.067,nan,500,fresh
191185,0,0,0,0,0,0,7,0,0,4,19,1,6,0,nan,nan,nan,nan,1.167,nan,nan,1,1,1,1,nan,nan,nan,nan,nan,-0.067,nan,nan,0,0,0,0,nan,500,fresh
192255,0,0,0,0,0,0,7,0,0,4,19,1,7,0,nan,nan,nan,nan,1.167,nan,nan,1,1,1,1.167,nan,nan,nan,nan,nan,-0.067,nan,nan,0,0,0,-0.067,nan,500,fresh
193324,0,0,0,0,0,0,7,0,0,4,19,1,7,0,nan,nan,nan,nan,1.167,nan,nan,1,1,1,1.167,nan,nan,nan,nan,nan,-0.067,nan,nan,0,0,0,-0.067,nan,500,fresh
194394,0,0,0,0,0,0,7,0,0,4,19,1,7,0,nan,nan,nan,nan,1.167,nan,nan,1,1,1,1.167,nan,nan,nan,nan,nan,-0.067,nan,nan,0,0,0,-0.067,nan,500,fresh
195464,0,0,0,0,0,0,7,0,0,4,19,1,7,0,nan,nan,nan,nan,1.167,nan,nan,1,1,1,1.167,nan,nan,nan,nan,nan,-0.067,nan,nan,0,0,0,-0.067,nan,500,fresh
196534,0,0,0,0,0,0,7,0,0,4,19,1,7,0,nan,nan,nan,nan,1.167,nan,nan,1,1,1,1.167,nan,nan,nan,nan,nan,-0.067,nan,nan,0,0,0,-0.067,nan,500,fresh
197604,0,0,0,0,0,0,7,0,0,4,19,1,7,0,nan,nan,nan,nan,1.167,nan,nan,1,1,1,1.167,nan,nan,nan,nan,nan,-0.067,nan,nan,0,0,0,-0.067,nan,500,fresh
198673,0,0,0,0,0,0,7,0,0,4,19,1,7,0,nan,nan,nan,nan,1.167,nan,nan,1,1,1,1.167,nan,nan,nan,nan,nan,-0.067,nan,nan,0,0,0,-0.067,nan,500,fresh
199741,0,0,0,0,0,0,6,0,0,4,19,1,7,0,nan,nan,nan,nan,1,nan,nan,1,1,1,1.167,nan,nan,nan,nan,nan,0,nan,nan,0,0,0,-0.067,nan,500,fresh
200810,0,0,0,0,0,0,7,0,0,4,19,1,7,0,nan,nan,nan,nan,1.167,nan,nan,1,1,1,1.167,nan,nan,nan,nan,nan,-0.067,nan,nan,0,0,0,-0.067,nan,500,fresh
201880,0,0,0,0,0,0,7,0,0,4,19,1,7,0,nan,nan,nan,nan,1.167,nan,nan,1,1,1,1.167,nan,nan,nan,nan,nan,-0.067,nan,nan,0,0,0,-0.067,nan,500,fresh
202950,0,0,0,0,0,0,7,0,0,4,19,1,7,0,nan,nan,nan,nan,1.167,nan,nan,1,1,1,1.167,nan,nan,nan,nan,nan,-0.067,nan,nan,0,0,0,-0.067,nan,500,fresh
204019,0,0,0,0,0,0,7,0,0,4,19,1,7,0,nan,nan,nan,nan,1.167,nan,nan,1,1,1,1.167,nan,nan,nan,nan,nan,-0.067,nan,nan,0,0,0,-0.067,nan,500,fresh
205089,0,0,0,0,0,0,7,0,0,4,19,1,6,0,nan,nan,nan,nan,1.167,nan,nan,1,1,1,1,nan,nan,nan,nan,nan,-0.067,nan,nan,0,0,0,0,nan,500,fresh
206159,0,0,0,0,0,0,7,0,0,4,19,1,7,0,nan,nan,nan,nan,1.167,nan,nan,1,1,1,1.167,nan,nan,nan,nan,nan,-0.067,nan,nan,0,0,0,-0.067,nan,500,fresh
207228,0,0,0,0,0,0,7,0,0,4,19,1,7,0,nan,nan,nan,nan,1.167,nan,nan,1,1,1,1.167,nan,nan,nan,nan,nan,-0.067,nan,nan,0,0,0,-0.067,nan,500,fresh
208298,0,0,0,0,0,0,7,0,0,4,19,1,6,0,nan,nan,nan,nan,1.167,nan,nan,1,1,1,1,nan,nan,nan,nan,nan,-0.067,nan,nan,0,0,0,0,nan,500,fresh
209368,0,0,0,0,0,0,7,0,0,4,19,1,7,0,nan,nan,nan,nan,1.167,nan,nan,1,1,1,1.167,nan,nan,nan,nan,nan,-0.067,nan,nan,0,0,0,-0.067,nan,500,fresh
210437,0,0,0,0,0,0,7,0,0,4,19,1,7,0,nan,nan,nan,nan,1.167,nan,nan,1,1,1,1.167,nan,nan,nan,nan,nan,-0.067,nan,nan,0,0,0,-0.067,nan,500,fresh
211507,0,0,0,0,0,0,6,0,0,4,19,1,7,0,nan,nan,nan,nan,1,nan,nan,1,1,1,1.167,nan,nan,nan,nan,nan,0,nan,nan,0,0,0,-0.067,nan,500,fresh
212576,0,0,0,0,0,0,6,0,0,4,19,1,7,0,nan,nan,nan,nan,1,nan,nan,1,1,1,1.167,nan,nan,nan,nan,nan,0,nan,nan,0,0,0,-0.067,nan,500,fresh
213644,0,0,0,0,0,0,7,0,0,4,19,1,6,0,nan,nan,nan,nan,1.167,nan,nan,1,1,1,1,nan,nan,nan,nan,nan,-0.067,nan,nan,0,0,0,0,nan,500,fresh
214713,0,0,0,0,0,0,7,0,0,4,19,1,7,0,nan,nan,nan,nan,1.167,nan,nan,1,1,1,1.167,nan,nan,nan,nan,nan,-0.067,nan,nan,0,0,0,-0.067,nan,500,fresh
215783,0,0,0,0,0,0,7,0,0,4,19,1,7,0,nan,nan,nan,nan,1.167,nan,nan,1,1,1,1.167,nan,nan,nan,nan,nan,-0.067,nan,nan,0,0,0,-0.067,nan,500,fresh
216853,0,0,0,0,0,0,7,0,0,4,19,1,7,0,nan,nan,nan,nan,1.167,nan,nan,1,1,1,1.167,nan,nan,nan,nan,nan,-0.067,nan,nan,0,0,0,-0.067,nan,500,fresh
217921,0,0,0,0,0,0,7,0,0,4,19,1,6,0,nan,nan,nan,nan,1.167,nan,nan,1,1,1,1,nan,nan,nan,nan,nan,-0.067,nan,nan,0,0,0,0,nan,500,fresh
218990,0,0,0,0,0,0,7,0,0,4,19,1,7,0,nan,nan,nan,nan,1.167,nan,nan,1,1,1,1.167,nan,nan,nan,nan,nan,-0.067,nan,nan,0,0,0,-0.067,nan,500,fresh
220060,0,0,0,0,0,0,6,0,0,4,19,1,7,0,nan,nan,nan,nan,1,nan,nan,1,1,1,1.167,nan,nan,nan,nan,nan,0,nan,nan,0,0,0,-0.067,nan,500,fresh
221130,0,0,0,0,0,0,7,0,0,4,19,1,7,0,nan,nan,nan,nan,1.167,nan,nan,1,1,1,1.167,nan,nan,nan,nan,nan,-0.067,nan,nan,0,0,0,-0.067,nan,500,fresh
222198,0,0,0,0,0,0,7,0,0,4,19,1,7,0,nan,nan,nan,nan,1.167,nan,nan,1,1,1,1.167,nan,nan,nan,nan,nan,-0.067,nan,nan,0,0,0,-0.067,nan,500,fresh
223267,0,0,0,0,0,0,7,0,0,4,19,1,7,0,nan,nan,nan,nan,1.167,nan,nan,1,1,1,1.167,nan,nan,nan,nan,nan,-0.067,nan,nan,0,0,0,-0.067,nan,500,fresh
224337,0,0,0,0,0,0,6,0,0,4,19,1,7,0,nan,nan,nan,nan,1,nan,nan,1,1,1,1.167,nan,nan,nan,nan,nan,0,nan,nan,0,0,0,-0.067,nan,500,fresh
225406,0,0,0,0,0,0,6,0,0,4,19,1,7,0,nan,nan,nan,nan,1,nan,nan,1,1,1,1.167,nan,nan,nan,nan,nan,0,nan,nan,0,0,0,-0.067,nan,500,fresh
226475,0,0,0,0,0,0,7,0,0,4,19,1,7,0,nan,nan,nan,nan,1.167,nan,nan,1,1,1,1.167,nan,nan,nan,nan,nan,-0.067,nan,nan,0,0,0,-0.067,nan,500,fresh
227544,0,0,0,0,0,0,6,0,0,4,19,1,7,0,nan,nan,nan,nan,1,nan,nan,1,1,1,1.167,nan,nan,nan,nan,nan,0,nan,nan,0,0,0,-0.067,nan,500,fresh
228614,0,0,0,0,0,0,7,0,0,4,19,1,7,0,nan,nan,nan,nan,1.167,nan,nan,1,1,1,1.167,nan,nan,nan,nan,nan,-0.067,nan,nan,0,0,0,-0.067,nan,500,fresh
229683,0,0,0,0,0,0,7,0,0,3,19,1,7,0,nan,nan,nan,nan,1.167,nan,nan,0.75,1,1,1.167,nan,nan,nan,nan,nan,-0.067,nan,nan,0.125,0,0,-0.067,nan,500,fresh
230752,0,0,0,0,0,0,6,0,0,4,19,1,6,0,nan,nan,nan,nan,1,nan,nan,1,1,1,1,nan,nan,nan,nan,nan,0,nan,nan,0,0,0,0,nan,500,fresh
231822,0,0,0,0,0,0,7,0,0,4,19,1,7,0,nan,nan,nan,nan,1.167,nan,nan,1,1,1,1.167,nan,nan,nan,nan,nan,-0.067,nan,nan,0,0,0,-0.067,nan,500,fresh
232892,0,0,0,0,0,0,7,0,0,4,19,1,7,0,nan,nan,nan,nan,1.167,nan,nan,1,1,1,1.167,nan,nan,nan,nan,nan,-0.067,nan,nan,0,0,0,-0.067,nan,500,fresh
233962,0,0,0,0,0,0,6,0,0,4,19,1,7,0,nan,nan,nan,nan,1,nan,nan,1,1,1,1.167,nan,nan,nan,nan,nan,0,nan,nan,0,0,0,-0.067,nan,500,fresh
235031,0,0,0,0,0,0,6,0,0,4,19,1,7,0,nan,nan,nan,nan,1,nan,nan,1,1,1,1.167,nan,nan,nan,nan,nan,0,nan,nan,0,0,0,-0.067,nan,500,fresh
236100,0,0,0,0,0,0,7,0,0,4,19,1,6,0,nan,nan,nan,nan,1.167,nan,nan,1,1,1,1,nan,nan,nan,nan,nan,-0.067,nan,nan,0,0,0,0,nan,500,fresh
237170,0,0,0,0,0,0,7,0,0,4,19,1,7,0,nan,nan,nan,nan,1.167,nan,nan,1,1,1,1.167,nan,nan,nan,nan,nan,-0.067,nan,nan,0,0,0,-0.067,nan,500,fresh
238240,0,0,0,0,0,0,7,0,0,4,19,1,7,0,nan,nan,nan,nan,1.167,nan,nan,1,1,1,1.167,nan,nan,nan,nan,nan,-0.067,nan,nan,0,0,0,-0.067,nan,500,fresh
239309,0,0,0,0,0,0,7,0,0,4,19,1,6,0,nan,nan,nan,nan,1.167,nan,nan,1,1,1,1,nan,nan,nan,nan,nan,-0.067,nan,nan,0,0,0,0,nan,500,fresh
240379,0,0,0,0,0,0,7,0,0,4,19,1,7,0,nan,nan,nan,nan,1.167,nan,nan,1,1,1,1.167,nan,nan,nan,nan,nan,-0.067,nan,nan,0,0,0,-0.067,nan,500,fresh
241449,0,0,0,0,0,0,7,0,0,4,19,1,6,0,nan,nan,nan,nan,1.167,nan,nan,1,1,1,1,nan,nan,nan,nan,nan,-0.067,nan,nan,0,0,0,0,nan,500,fresh
242519,0,0,0,0,0,0,7,0,0,4,19,1,7,0,nan,nan,nan,nan,1.167,nan,nan,1,1,1,1.167,nan,nan,nan,nan,nan,-0.067,nan,nan,0,0,0,-0.067,nan,500,fresh
243588,0,0,0,0,0,0,7,0,0,4,19,1,6,0,nan,nan,nan,nan,1.167,nan,nan,1,1,1,1,nan,nan,nan,nan,nan,-0.067,nan,nan,0,0,0,0,nan,500,fresh
244657,0,0,0,0,0,0,7,0,0,4,19,1,7,0,nan,nan,nan,nan,1.167,nan,nan,1,1,1,1.167,nan,nan,nan,nan,nan,-0.067,nan,nan,0,0,0,-0.067,nan,500,fresh
245727,0,0,0,0,0,0,7,0,0,4,19,1,7,0,nan,nan,nan,nan,1.167,nan,nan,1,1,1,1.167,nan,nan,nan,nan,nan,-0.067,nan,nan,0,0,0,-0.067,nan,500,fresh
246795,0,0,0,0,0,0,7,0,0,4,19,1,7,0,nan,nan,nan,nan,1.167,nan,nan,1,1,1,1.167,nan,nan,nan,nan,nan,-0.067,nan,nan,0,0,0,-0.067,nan,500,fresh
247864,0,0,0,0,0,0,7,0,0,4,19,1,7,0,nan,nan,nan,nan,1.167,nan,nan,1,1,1,1.167,nan,nan,nan,nan,nan,-0.067,nan,nan,0,0,0,-0.067,nan,500,fresh
248934,0,0,0,0,0,0,7,0,0,4,19,1,7,0,nan,nan,nan,nan,1.167,nan,nan,1,1,1,1.167,nan,nan,nan,nan,nan,-0.067,nan,nan,0,0,0,-0.067,nan,500,fresh
250004,0,0,0,0,0,0,6,0,0,4,19,1,7,0,nan,nan,nan,nan,1,nan,nan,1,1,1,1.167,nan,nan,nan,nan,nan,0,nan,nan,0,0,0,-0.067,nan,500,fresh
251073,0,0,0,0,0,0,7,0,0,4,19,1,7,0,nan,nan,nan,nan,1.167,nan,nan,1,1,1,1.167,nan,nan,nan,nan,nan,-0.067,nan,nan,0,0,0,-0.067,nan,500,fresh
252142,0,0,0,0,0,0,7,0,0,4,19,1,7,0,nan,nan,nan,nan,1.167,nan,nan,1,1,1,1.167,nan,nan,nan,nan,nan,-0.067,nan,nan,0,0,0,-0.067,nan,500,fresh
253212,0,0,0,0,0,0,7,0,0,4,19,1,7,0,nan,nan,nan,nan,1.167,nan,nan,1,1,1,1.167,nan,nan,nan,nan,nan,-0.067,nan,nan,0,0,0,-0.067,nan,500,fresh
254280,0,0,0,0,0,0,7,0,0,4,19,1,6,0,nan,nan,nan,nan,1.167,nan,nan,1,1,1,1,nan,nan,nan,nan,nan,-0.067,nan,nan,0,0,0,0,nan,500,fresh
255350,0,0,0,0,0,0,7,0,0,4,19,1,7,0,nan,nan,nan,nan,1.167,nan,nan,1,1,1,1.167,nan,nan,nan,nan,nan,-0.067,nan,nan,0,0,0,-0.067,nan,500,fresh
256419,0,0,0,0,0,0,7,0,0,4,19,1,7,0,nan,nan,nan,nan,1.167,nan,nan,1,1,1,1.167,nan,nan,nan,nan,nan,-0.067,nan,nan,0,0,0,-0.067,nan,500,fresh
257489,0,0,0,0,0,0,7,0,0,4,19,1,7,0,nan,nan,nan,nan,1.167,nan,nan,1,1,1,1.167,nan,nan,nan,nan,nan,-0.067,nan,nan,0,0,0,-0.067,nan,500,fresh
258559,0,0,0,0,0,0,7,0,0,4,19,1,7,0,nan,nan,nan,nan,1.167,nan,nan,1,1,1,1.167,nan,nan,nan,nan,nan,-0.067,nan,nan,0,0,0,-0.067,nan,500,fresh
259627,0,0,0,0,0,0,7,0,0,4,19,1,7,0,nan,nan,nan,nan,1.167,nan,nan,1,1,1,1.167,nan,nan,nan,nan,nan,-0.067,nan,nan,0,0,0,-0.067,nan,500,fresh
260695,0,0,0,0,0,0,7,0,0,4,19,1,7,0,nan,nan,nan,nan,1.167,nan,nan,1,1,1,1.167,nan,nan,nan,nan,nan,-0.067,nan,nan,0,0,0,-0.067,nan,500,fresh
261765,0,0,0,0,0,0,7,0,0,4,19,1,7,0,nan,nan,nan,nan,1.167,nan,nan,1,1,1,1.167,nan,nan,nan,nan,nan,-0.067,nan,nan,0,0,0,-0.067,nan,500,fresh
262834,0,0,0,0,0,0,7,0,0,4,19,1,7,0,nan,nan,nan,nan,1.167,nan,nan,1,1,1,1.167,nan,nan,nan,nan,nan,-0.067,nan,nan,0,0,0,-0.067,nan,500,fresh
263904,0,0,0,0,0,0,7,0,0,4,19,1,7,0,nan,nan,nan,nan,1.167,nan,nan,1,1,1,1.167,nan,nan,nan,nan,nan,-0.067,nan,nan,0,0,0,-0.067,nan,500,fresh
264974,0,0,0,0,0,0,6,0,0,4,19,1,6,0,nan,nan,nan,nan,1,nan,nan,1,1,1,1,nan,nan,nan,nan,nan,0,nan,nan,0,0,0,0,nan,500,fresh
266042,0,0,0,0,0,0,7,0,0,4,19,1,7,0,nan,nan,nan,nan,1.167,nan,nan,1,1,1,1.167,nan,nan,nan,nan,nan,-0.067,nan,nan,0,0,0,-0.067,nan,500,fresh
267111,0,0,0,0,0,0,7,0,0,4,19,1,7,0,nan,nan,nan,nan,1.167,nan,nan,1,1,1,1.167,nan,nan,nan,nan,nan,-0.067,nan,nan,0,0,0,-0.067,nan,500,fresh
268181,0,0,0,0,0,0,7,0,0,4,19,1,7,0,nan,nan,nan,nan,1.167,nan,nan,1,1,1,1.167,nan,nan,nan,nan,nan,-0.067,nan,nan,0,0,0,-0.067,nan,500,fresh
269251,0,0,0,0,0,0,7,0,0,4,19,1,7,0,nan,nan,nan,nan,1.167,nan,nan,1,1,1,1.167,nan,nan,nan,nan,nan,-0.067,nan,nan,0,0,0,-0.067,nan,500,fresh
270321,0,0,0,0,0,0,6,0,0,4,19,1,7,0,nan,nan,nan,nan,1,nan,nan,1,1,1,1.167,nan,nan,nan,nan,nan,0,nan,nan,0,0,0,-0.067,nan,500,fresh
271390,0,0,0,0,0,0,7,0,0,4,19,1,7,0,nan,nan,nan,nan,1.167,nan,nan,1,1,1,1.167,nan,nan,nan,nan,nan,-0.067,nan,nan,0,0,0,-0.067,nan,500,fresh
272459,0,0,0,0,0,0,7,0,0,4,19,1,6,0,nan,nan,nan,nan,1.167,nan,nan,1,1,1,1,nan,nan,nan,nan,nan,-0.067,nan,nan,0,0,0,0,nan,500,fresh
273528,0,0,0,0,0,0,7,0,0,4,19,1,6,0,nan,nan,nan,nan,1.167,nan,nan,1,1,1,1,nan,nan,nan,nan,nan,-0.067,nan,nan,0,0,0,0,nan,500,fresh
274597,0,0,0,0,0,0,7,0,0,4,19,1,7,0,nan,nan,nan,nan,1.167,nan,nan,1,1,1,1.167,nan,nan,nan,nan,nan,-0.067,nan,nan,0,0,0,-0.067,nan,500,fresh
275667,0,0,0,0,0,0,7,0,0,4,19,1,7,0,nan,nan,nan,nan,1.167,nan,nan,1,1,1,1.167,nan,nan,nan,nan,nan,-0.067,nan,nan,0,0,0,-0.067,nan,500,fresh
276737,0,0,0,0,0,0,6,0,0,4,19,1,7,0,nan,nan,nan,nan,1,nan,nan,1,1,1,1.167,nan,nan,nan,nan,nan,0,nan,nan,0,0,0,-0.067,nan,500,fresh
277806,0,0,0,0,0,0,7,0,0,4,19,1,7,0,nan,nan,nan,nan,1.167,nan,nan,1,1,1,1.167,nan,nan,nan,nan,nan,-0.067,nan,nan,0,0,0,-0.067,nan,500,fresh
278875,0,0,0,0,0,0,6,0,0,4,19,1,6,0,nan,nan,nan,nan,1,nan,nan,1,1,1,1,nan,nan,nan,nan,nan,0,nan,nan,0,0,0,0,nan,500,fresh
279945,0,0,0,0,0,0,7,0,0,4,19,1,7,0,nan,nan,nan,nan,1.167,nan,nan,1,1,1,1.167,nan,nan,nan,nan,nan,-0.067,nan,nan,0,0,0,-0.067,nan,500,fresh
281015,0,0,0,0,0,0,6,0,0,4,19,1,7,0,nan,nan,nan,nan,1,nan,nan,1,1,1,1.167,nan,nan,nan,nan,nan,0,nan,nan,0,0,0,-0.067,nan,500,fresh
282084,0,0,0,0,0,0,7,0,0,4,19,1,7,0,nan,nan,nan,nan,1.167,nan,nan,1,1,1,1.167,nan,nan,nan,nan,nan,-0.067,nan,nan,0,0,0,-0.067,nan,500,fresh
283153,0,0,0,0,0,0,7,0,0,4,19,1,7,0,nan,nan,nan,nan,1.167,nan,nan,1,1,1,1.167,nan,nan,nan,nan,nan,-0.067,nan,nan,0,0,0,-0.067,nan,500,fresh
284222,0,0,0,0,0,0,6,0,0,4,19,1,7,0,nan,nan,nan,nan,1,nan,nan,1,1,1,1.167,nan,nan,nan,nan,nan,0,nan,nan,0,0,0,-0.067,nan,500,fresh
285292,0,0,0,0,0,0,7,0,0,4,19,1,7,0,nan,nan,nan,nan,1.167,nan,nan,1,1,1,1.167,nan,nan,nan,nan,nan,-0.067,nan,nan,0,0,0,-0.067,nan,500,fresh
286361,0,0,0,0,0,0,7,0,0,4,19,1,7,0,nan,nan,nan,nan,1.167,nan,nan,1,1,1,1.167,nan,nan,nan,nan,nan,-0.067,nan,nan,0,0,0,-0.067,nan,500,fresh
287430,0,0,0,0,0,0,7,0,0,4,19,1,7,0,nan,nan,nan,nan,1.167,nan,nan,1,1,1,1.167,nan,nan,nan,nan,nan,-0.067,nan,nan,0,0,0,-0.067,nan,500,fresh
288499,0,0,0,0,0,0,6,0,0,4,19,1,7,0,nan,nan,nan,nan,1,nan,nan,1,1,1,1.167,nan,nan,nan,nan,nan,0,nan,nan,0,0,0,-0.067,nan,500,fresh
289569,0,0,0,0,0,0,7,0,0,4,19,1,7,0,nan,nan,nan,nan,1.167,nan,nan,1,1,1,1.167,nan,nan,nan,nan,nan,-0.067,nan,nan,0,0,0,-0.067,nan,500,fresh
290639,0,0,0,0,0,0,7,0,0,4,19,1,7,0,nan,nan,nan,nan,1.167,nan,nan,1,1,1,1.167,nan,nan,nan,nan,nan,-0.067,nan,nan,0,0,0,-0.067,nan,500,fresh
291709,0,0,0,0,0,0,6,0,0,4,19,1,7,0,nan,nan,nan,nan,1,nan,nan,1,1,1,1.167,nan,nan,nan,nan,nan,0,nan,nan,0,0,0,-0.067,nan,500,fresh
292779,0,0,0,0,0,0,7,0,0,4,19,1,7,0,nan,nan,nan,nan,1.167,nan,nan,1,1,1,1.167,nan,nan,nan,nan,nan,-0.067,nan,nan,0,0,0,-0.067,nan,500,fresh
293848,0,0,0,0,0,0,7,0,0,4,19,1,7,0,nan,nan,nan,nan,1.167,nan,nan,1,1,1,1.167,nan,nan,nan,nan,nan,-0.067,nan,nan,0,0,0,-0.067,nan,500,fresh
294918,0,0,0,0,0,0,7,0,0,4,19,1,7,0,nan,nan,nan,nan,1.167,nan,nan,1,1,1,1.167,nan,nan,nan,nan,nan,-0.067,nan,nan,0,0,0,-0.067,nan,500,fresh
295987,0,0,0,0,0,0,6,0,0,4,19,1,7,0,nan,nan,nan,nan,1,nan,nan,1,1,1,1.167,nan,nan,nan,nan,nan,0,nan,nan,0,0,0,-0.067,nan,500,fresh
297057,0,0,0,0,0,0,7,0,0,4,19,1,6,0,nan,nan,nan,nan,1.167,nan,nan,1,1,1,1,nan,nan,nan,nan,nan,-0.067,nan,nan,0,0,0,0,nan,500,fresh
298126,0,0,0,0,0,0,7,0,0,4,19,1,6,0,nan,nan,nan,nan,1.167,nan,nan,1,1,1,1,nan,nan,nan,nan,nan,-0.067,nan,nan,0,0,0,0,nan,500,fresh
299195,0,0,0,0,0,0,7,0,0,4,19,1,7,0,nan,nan,nan,nan,1.167,nan,nan,1,1,1,1.167,nan,nan,nan,nan,nan,-0.067,nan,nan,0,0,0,-0.067,nan,500,fresh
300265,0,0,0,0,0,0,7,0,0,4,19,1,6,0,nan,nan,nan,nan,1.167,nan,nan,1,1,1,1,nan,nan,nan,nan,nan,-0.067,nan,nan,0,0,0,0,nan,500,fresh
301335,0,0,0,0,0,0,7,0,0,4,19,1,7,0,nan,nan,nan,nan,1.167,nan,nan,1,1,1,1.167,nan,nan,nan,nan,nan,-0.067,nan,nan,0,0,0,-0.067,nan,500,fresh
302405,0,0,0,0,0,0,7,0,0,4,19,1,7,0,nan,nan,nan,nan,1.167,nan,nan,1,1,1,1.167,nan,nan,nan,nan,nan,-0.067,nan,nan,0,0,0,-0.067,nan,500,fresh
303475,0,0,0,0,0,0,7,0,0,4,19,1,7,0,nan,nan,nan,nan,1.167,nan,nan,1,1,1,1.167,nan,nan,nan,nan,nan,-0.067,nan,nan,0,0,0,-0.067,nan,500,fresh
304544,0,0,0,0,0,0,6,0,0,4,19,1,7,0,nan,nan,nan,nan,1,nan,nan,1,1,1,1.167,nan,nan,nan,nan,nan,0,nan,nan,0,0,0,-0.067,nan,500,fresh
305613,0,0,0,0,0,0,6,0,0,4,19,1,7,0,nan,nan,nan,nan,1,nan,nan,1,1,1,1.167,nan,nan,nan,nan,nan,0,nan,nan,0,0,0,-0.067,nan,500,fresh
306683,0,0,0,0,0,0,7,0,0,4,19,1,7,0,nan,nan,nan,nan,1.167,nan,nan,1,1,1,1.167,nan,nan,nan,nan,nan,-0.067,nan,nan,0,0,0,-0.067,nan,500,fresh
307752,0,0,0,0,0,0,7,0,0,3,19,1,7,0,nan,nan,nan,nan,1.167,nan,nan,0.75,1,1,1.167,nan,nan,nan,nan,nan,-0.067,nan,nan,0.125,0,0,-0.067,nan,500,fresh
308821,0,0,0,0,0,0,7,0,0,4,19,1,7,0,nan,nan,nan,nan,1.167,nan,nan,1,1,1,1.167,nan,nan,nan,nan,nan,-0.067,nan,nan,0,0,0,-0.067,nan,500,fresh
309891,0,0,0,0,0,0,7,0,0,4,19,1,6,0,nan,nan,nan,nan,1.167,nan,nan,1,1,1,1,nan,nan,nan,nan,nan,-0.067,nan,nan,0,0,0,0,nan,500,fresh
310960,0,0,0,0,0,0,7,0,0,4,19,1,7,0,nan,nan,nan,nan,1.167,nan,nan,1,1,1,1.167,nan,nan,nan,nan,nan,-0.067,nan,nan,0,0,0,-0.067,nan,500,fresh
312029,0,0,0,0,0,0,7,0,0,4,19,1,6,0,nan,nan,nan,nan,1.167,nan,nan,1,1,1,1,nan,nan,nan,nan,nan,-0.067,nan,nan,0,0,0,0,nan,500,fresh
313098,0,0,0,0,0,0,7,0,0,4,19,1,7,0,nan,nan,nan,nan,1.167,nan,nan,1,1,1,1.167,nan,nan,nan,nan,nan,-0.067,nan,nan,0,0,0,-0.067,nan,500,fresh
323795,0,0,0,0,0,0,7,0,0,4,19,1,7,0,nan,nan,nan,nan,1.167,nan,nan,1,1,1,1.167,nan,nan,nan,nan,nan,-0.067,nan,nan,0,0,0,-0.067,nan,500,fresh
324865,0,0,0,0,0,0,7,0,0,4,19,1,7,0,nan,nan,nan,nan,1.167,nan,nan,1,1,1,1.167,nan,nan,nan,nan,nan,-0.067,nan,nan,0,0,0,-0.067,nan,500,fresh
325934,0,0,0,0,0,0,7,0,0,4,19,1,7,0,nan,nan,nan,nan,1.167,nan,nan,1,1,1,1.167,nan,nan,nan,nan,nan,-0.067,nan,nan,0,0,0,-0.067,nan,500,fresh
327004,0,0,0,0,0,0,7,0,0,4,19,1,7,0,nan,nan,nan,nan,1.167,nan,nan,1,1,1,1.167,nan,nan,nan,nan,nan,-0.067,nan,nan,0,0,0,-0.067,nan,500,fresh
347322,0,0,0,0,0,0,7,0,0,4,20,1,7,0,nan,nan,nan,nan,1.167,nan,nan,1,1.053,1,1.167,nan,nan,nan,nan,nan,-0.067,nan,nan,0,-0.022,0,-0.067,nan,500,fresh
348392,0,0,0,0,0,0,7,0,0,4,20,1,7,0,nan,nan,nan,nan,1.167,nan,nan,1,1.053,1,1.167,nan,nan,nan,nan,nan,-0.067,nan,nan,0,-0.022,0,-0.067,nan,500,fresh
349461,0,0,0,0,0,0,7,0,0,4,19,1,7,0,nan,nan,nan,nan,1.167,nan,nan,1,1,1,1.167,nan,nan,nan,nan,nan,-0.067,nan,nan,0,0,0,-0.067,nan,500,fresh
350530,0,0,0,0,0,0,7,0,0,4,20,1,7,0,nan,nan,nan,nan,1.167,nan,nan,1,1.053,1,1.167,nan,nan,nan,nan,nan,-0.067,nan,nan,0,-0.022,0,-0.067,nan,500,fresh
351600,0,0,0,0,0,0,7,0,0,4,20,1,7,0,nan,nan,nan,nan,1.167,nan,nan,1,1.053,1,1.167,nan,nan,nan,nan,nan,-0.067,nan,nan,0,-0.022,0,-0.067,nan,500,fresh
352669,0,0,0,0,0,0,7,0,0,4,20,1,7,0,nan,nan,nan,nan,1.167,nan,nan,1,1.053,1,1.167,nan,nan,nan,nan,nan,-0.067,nan,nan,0,-0.022,0,-0.067,nan,500,fresh
353738,0,0,0,0,0,0,7,0,0,4,20,1,7,0,nan,nan,nan,nan,1.167,nan,nan,1,1.053,1,1.167,nan,nan,nan,nan,nan,-0.067,nan,nan,0,-0.022,0,-0.067,nan,500,fresh
354807,0,0,0,0,0,0,7,0,0,4,20,1,7,0,nan,nan,nan,nan,1.167,nan,nan,1,1.053,1,1.167,nan,nan,nan,nan,nan,-0.067,nan,nan,0,-0.022,0,-0.067,nan,500,fresh
355876,0,0,0,0,0,0,7,0,0,4,20,1,7,0,nan,nan,nan,nan,1.167,nan,nan,1,1.053,1,1.167,nan,nan,nan,nan,nan,-0.067,nan,nan,0,-0.022,0,-0.067,nan,500,fresh
356945,0,0,0,0,0,0,7,0,0,4,20,1,7,0,nan,nan,nan,nan,1.167,nan,nan,1,1.053,1,1.167,nan,nan,nan,nan,nan,-0.067,nan,nan,0,-0.022,0,-0.067,nan,500,fresh
358014,0,0,0,0,0,0,7,0,0,4,20,1,7,0,nan,nan,nan,nan,1.167,nan,nan,1,1.053,1,1.167,nan,nan,nan,nan,nan,-0.067,nan,nan,0,-0.022,0,-0.067,nan,500,fresh
359084,0,0,0,0,0,0,7,0,0,4,20,1,7,0,nan,nan,nan,nan,1.167,nan,nan,1,1.053,1,1.167,nan,nan,nan,nan,nan,-0.067,nan,nan,0,-0.022,0,-0.067,nan,500,fresh
360154,0,0,0,0,0,0,7,0,0,4,20,1,7,0,nan,nan,nan,nan,1.167,nan,nan,1,1.053,1,1.167,nan,nan,nan,nan,nan,-0.067,nan,nan,0,-0.022,0,-0.067,nan,500,fresh
361224,0,0,0,0,0,0,7,0,0,4,20,1,7,0,nan,nan,nan,nan,1.167,nan,nan,1,1.053,1,1.167,nan,nan,nan,nan,nan,-0.067,nan,nan,0,-0.022,0,-0.067,nan,500,fresh
362294,0,0,0,0,0,0,7,0,0,4,19,1,7,0,nan,nan,nan,nan,1.167,nan,nan,1,1,1,1.167,nan,nan,nan,nan,nan,-0.067,nan,nan,0,0,0,-0.067,nan,500,fresh
363364,0,0,0,0,0,0,7,0,0,4,20,1,7,0,nan,nan,nan,nan,1.167,nan,nan,1,1.053,1,1.167,nan,nan,nan,nan,nan,-0.067,nan,nan,0,-0.022,0,-0.067,nan,500,fresh
364434,0,0,0,0,0,0,7,0,0,4,20,1,7,0,nan,nan,nan,nan,1.167,nan,nan,1,1.053,1,1.167,nan,nan,nan,nan,nan,-0.067,nan,nan,0,-0.022,0,-0.067,nan,500,fresh
365504,0,0,0,0,0,0,7,0,0,4,20,1,7,0,nan,nan,nan,nan,1.167,nan,nan,1,1.053,1,1.167,nan,nan,nan,nan,nan,-0.067,nan,nan,0,-0.022,0,-0.067,nan,500,fresh
366574,0,0,0,0,0,0,7,0,0,4,20,1,7,0,nan,nan,nan,nan,1.167,nan,nan,1,1.053,1,1.167,nan,nan,nan,nan,nan,-0.067,nan,nan,0,-0.022,0,-0.067,nan,500,fresh
367643,0,0,0,0,0,0,7,0,0,4,20,1,7,0,nan,nan,nan,nan,1.167,nan,nan,1,1.053,1,1.167,nan,nan,nan,nan,nan,-0.067,nan,nan,0,-0.022,0,-0.067,nan,500,fresh
368713,0,0,0,0,0,0,7,0,0,4,20,1,7,0,nan,nan,nan,nan,1.167,nan,nan,1,1.053,1,1.167,nan,nan,nan,nan,nan,-0.067,nan,nan,0,-0.022,0,-0.067,nan,500,fresh
369783,0,0,0,0,0,0,7,0,0,4,20,1,7,0,nan,nan,nan,nan,1.167,nan,nan,1,1.053,1,1.167,nan,nan,nan,nan,nan,-0.067,nan,nan,0,-0.022,0,-0.067,nan,500,fresh
370852,0,0,0,0,0,0,7,0,0,4,20,1,7,0,nan,nan,nan,nan,1.167,nan,nan,1,1.053,1,1.167,nan,nan,nan,nan,nan,-0.067,nan,nan,0,-0.022,0,-0.067,nan,500,fresh
371922,0,0,0,0,0,0,7,0,0,4,20,1,7,0,nan,nan,nan,nan,1.167,nan,nan,1,1.053,1,1.167,nan,nan,nan,nan,nan,-0.067,nan,nan,0,-0.022,0,-0.067,nan,500,fresh
372991,0,0,0,0,0,0,7,0,0,4,20,1,7,0,nan,nan,nan,nan,1.167,nan,nan,1,1.053,1,1.167,nan,nan,nan,nan,nan,-0.067,nan,nan,0,-0.022,0,-0.067,nan,500,fresh
374059,0,0,0,0,0,0,7,0,0,4,19,1,7,0,nan,nan,nan,nan,1.167,nan,nan,1,1,1,1.167,nan,nan,nan,nan,nan,-0.067,nan,nan,0,0,0,-0.067,nan,500,fresh
375127,0,0,0,0,0,0,7,0,0,4,20,1,7,0,nan,nan,nan,nan,1.167,nan,nan,1,1.053,1,1.167,nan,nan,nan,nan,nan,-0.067,nan,nan,0,-0.022,0,-0.067,nan,500,fresh
376197,0,0,0,0,0,0,7,0,0,4,20,1,7,0,nan,nan,nan,nan,1.167,nan,nan,1,1.053,1,1.167,nan,nan,nan,nan,nan,-0.067,nan,nan,0,-0.022,0,-0.067,nan,500,fresh
377265,0,0,0,0,0,0,7,0,0,4,19,1,7,0,nan,nan,nan,nan,1.167,nan,nan,1,1,1,1.167,nan,nan,nan,nan,nan,-0.067,nan,nan,0,0,0,-0.067,nan,500,fresh
378333,0,0,0,0,0,0,7,0,0,4,20,1,7,0,nan,nan,nan,nan,1.167,nan,nan,1,1.053,1,1.167,nan,nan,nan,nan,nan,-0.067,nan,nan,0,-0.022,0,-0.067,nan,500,fresh
379403,0,0,0,0,0,0,7,0,0,4,20,1,7,0,nan,nan,nan,nan,1.167,nan,nan,1,1.053,1,1.167,nan,nan,nan,nan,nan,-0.067,nan,nan,0,-0.022,0,-0.067,nan,500,fresh
380473,0,0,0,0,0,0,7,0,0,4,20,1,7,0,nan,nan,nan,nan,1.167,nan,nan,1,1.053,1,1.167,nan,nan,nan,nan,nan,-0.067,nan,nan,0,-0.022,0,-0.067,nan,500,fresh
381542,0,0,0,0,0,0,7,0,0,4,20,1,7,0,nan,nan,nan,nan,1.167,nan,nan,1,1.053,1,1.167,nan,nan,nan,nan,nan,-0.067,nan,nan,0,-0.022,0,-0.067,nan,500,fresh
382612,0,0,0,0,0,0,7,0,0,4,20,1,7,0,nan,nan,nan,nan,1.167,nan,nan,1,1.053,1,1.167,nan,nan,nan,nan,nan,-0.067,nan,nan,0,-0.022,0,-0.067,nan,500,fresh
383681,0,0,0,0,0,0,7,0,0,4,19,1,7,0,nan,nan,nan,nan,1.167,nan,nan,1,1,1,1.167,nan,nan,nan,nan,nan,-0.067,nan,nan,0,0,0,-0.067,nan,500,fresh
384750,0,0,0,0,0,0,7,0,0,4,20,1,7,0,nan,nan,nan,nan,1.167,nan,nan,1,1.053,1,1.167,nan,nan,nan,nan,nan,-0.067,nan,nan,0,-0.022,0,-0.067,nan,500,fresh
385819,0,0,0,0,0,0,7,0,0,4,20,1,7,0,nan,nan,nan,nan,1.167,nan,nan,1,1.053,1,1.167,nan,nan,nan,nan,nan,-0.067,nan,nan,0,-0.022,0,-0.067,nan,500,fresh
386889,0,0,0,0,0,0,6,0,0,4,19,1,7,0,nan,nan,nan,nan,1,nan,nan,1,1,1,1.167,nan,nan,nan,nan,nan,0,nan,nan,0,0,0,-0.067,nan,500,fresh
387957,0,0,0,0,0,0,7,0,0,4,20,1,7,0,nan,nan,nan,nan,1.167,nan,nan,1,1.053,1,1.167,nan,nan,nan,nan,nan,-0.067,nan,nan,0,-0.022,0,-0.067,nan,500,fresh
389027,0,0,0,0,0,0,7,0,0,4,20,1,7,0,nan,nan,nan,nan,1.167,nan,nan,1,1.053,1,1.167,nan,nan,nan,nan,nan,-0.067,nan,nan,0,-0.022,0,-0.067,nan,500,fresh
390096,0,0,0,0,0,0,7,0,0,4,20,1,7,0,nan,nan,nan,nan,1.167,nan,nan,1,1.053,1,1.167,nan,nan,nan,nan,nan,-0.067,nan,nan,0,-0.022,0,-0.067,nan,500,fresh
391165,0,0,0,0,0,0,7,0,0,4,20,1,7,0,nan,nan,nan,nan,1.167,nan,nan,1,1.053,1,1.167,nan,nan,nan,nan,nan,-0.067,nan,nan,0,-0.022,0,-0.067,nan,500,fresh
392235,0,0,0,0,0,0,7,0,0,4,19,1,7,0,nan,nan,nan,nan,1.167,nan,nan,1,1,1,1.167,nan,nan,nan,nan,nan,-0.067,nan,nan,0,0,0,-0.067,nan,500,fresh
393304,0,0,0,0,0,0,7,0,0,4,19,1,7,0,nan,nan,nan,nan,1.167,nan,nan,1,1,1,1.167,nan,nan,nan,nan,nan,-0.067,nan,nan,0,0,0,-0.067,nan,500,fresh
394373,0,0,0,0,0,0,7,0,0,4,19,1,7,0,nan,nan,nan,nan,1.167,nan,nan,1,1,1,1.167,nan,nan,nan,nan,nan,-0.067,nan,nan,0,0,0,-0.067,nan,500,fresh
395443,0,0,0,0,0,0,7,0,0,4,19,1,7,0,nan,nan,nan,nan,1.167,nan,nan,1,1,1,1.167,nan,nan,nan,nan,nan,-0.067,nan,nan,0,0,0,-0.067,nan,500,fresh
396513,0,0,0,0,0,0,7,0,0,4,19,1,7,0,nan,nan,nan,nan,1.167,nan,nan,1,1,1,1.167,nan,nan,nan,nan,nan,-0.067,nan,nan,0,0,0,-0.067,nan,500,fresh
397582,0,0,0,0,0,0,7,0,0,4,20,1,7,0,nan,nan,nan,nan,1.167,nan,nan,1,1.053,1,1.167,nan,nan,nan,nan,nan,-0.067,nan,nan,0,-0.022,0,-0.067,nan,500,fresh
398651,0,0,0,0,0,0,7,0,0,4,19,1,7,0,nan,nan,nan,nan,1.167,nan,nan,1,1,1,1.167,nan,nan,nan,nan,nan,-0.067,nan,nan,0,0,0,-0.067,nan,500,fresh
399720,0,0,0,0,0,0,7,0,0,4,20,1,7,0,nan,nan,nan,nan,1.167,nan,nan,1,1.053,1,1.167,nan,nan,nan,nan,nan,-0.067,nan,nan,0,-0.022,0,-0.067,nan,500,fresh
400789,0,0,0,0,0,0,7,0,0,4,20,1,7,0,nan,nan,nan,nan,1.167,nan,nan,1,1.053,1,1.167,nan,nan,nan,nan,nan,-0.067,nan,nan,0,-0.022,0,-0.067,nan,500,fresh
401859,0,0,0,0,0,0,7,0,0,4,19,1,7,0,nan,nan,nan,nan,1.167,nan,nan,1,1,1,1.167,nan,nan,nan,nan,nan,-0.067,nan,nan,0,0,0,-0.067,nan,500,fresh
402928,0,0,0,0,0,0,7,0,0,4,20,1,7,0,nan,nan,nan,nan,1.167,nan,nan,1,1.053,1,1.167,nan,nan,nan,nan,nan,-0.067,nan,nan,0,-0.022,0,-0.067,nan,500,fresh
403997,0,0,0,0,0,0,7,0,0,4,19,1,7,0,nan,nan,nan,nan,1.167,nan,nan,1,1,1,1.167,nan,nan,nan,nan,nan,-0.067,nan,nan,0,0,0,-0.067,nan,500,fresh
405067,0,0,0,0,0,0,7,0,0,4,19,1,7,0,nan,nan,nan,nan,1.167,nan,nan,1,1,1,1.167,nan,nan,nan,nan,nan,-0.067,nan,nan,0,0,0,-0.067,nan,500,fresh
406136,0,0,0,0,0,0,6,0,0,4,19,1,7,0,nan,nan,nan,nan,1,nan,nan,1,1,1,1.167,nan,nan,nan,nan,nan,0,nan,nan,0,0,0,-0.067,nan,500,fresh
407206,0,0,0,0,0,0,7,0,0,4,19,1,7,0,nan,nan,nan,nan,1.167,nan,nan,1,1,1,1.167,nan,nan,nan,nan,nan,-0.067,nan,nan,0,0,0,-0.067,nan,500,fresh
408276,0,0,0,0,0,0,7,0,0,4,19,1,7,0,nan,nan,nan,nan,1.167,nan,nan,1,1,1,1.167,nan,nan,nan,nan,nan,-0.067,nan,nan,0,0,0,-0.067,nan,500,fresh
409345,0,0,0,0,0,0,7,0,0,4,19,1,7,0,nan,nan,nan,nan,1.167,nan,nan,1,1,1,1.167,nan,nan,nan,nan,nan,-0.067,nan,nan,0,0,0,-0.067,nan,500,fresh
410415,0,0,0,0,0,0,7,0,0,4,19,1,7,0,nan,nan,nan,nan,1.167,nan,nan,1,1,1,1.167,nan,nan,nan,nan,nan,-0.067,nan,nan,0,0,0,-0.067,nan,500,fresh
411485,0,0,0,0,0,0,7,0,0,4,19,1,7,0,nan,nan,nan,nan,1.167,nan,nan,1,1,1,1.167,nan,nan,nan,nan,nan,-0.067,nan,nan,0,0,0,-0.067,nan,500,fresh
412555,0,0,0,0,0,0,7,0,0,4,19,1,7,0,nan,nan,nan,nan,1.167,nan,nan,1,1,1,1.167,nan,nan,nan,nan,nan,-0.067,nan,nan,0,0,0,-0.067,nan,500,fresh
413625,0,0,0,0,0,0,7,0,0,4,19,1,7,0,nan,nan,nan,nan,1.167,nan,nan,1,1,1,1.167,nan,nan,nan,nan,nan,-0.067,nan,nan,0,0,0,-0.067,nan,500,fresh
414694,0,0,0,0,0,0,7,0,0,4,19,1,7,0,nan,nan,nan,nan,1.167,nan,nan,1,1,1,1.167,nan,nan,nan,nan,nan,-0.067,nan,nan,0,0,0,-0.067,nan,500,fresh
415763,0,0,0,0,0,0,7,0,0,4,19,1,7,0,nan,nan,nan,nan,1.167,nan,nan,1,1,1,1.167,nan,nan,nan,nan,nan,-0.067,nan,nan,0,0,0,-0.067,nan,500,fresh
416832,0,0,0,0,0,0,7,0,0,4,19,1,7,0,nan,nan,nan,nan,1.167,nan,nan,1,1,1,1.167,nan,nan,nan,nan,nan,-0.067,nan,nan,0,0,0,-0.067,nan,500,fresh
417901,0,0,0,0,0,0,7,0,0,4,19,1,7,0,nan,nan,nan,nan,1.167,nan,nan,1,1,1,1.167,nan,nan,nan,nan,nan,-0.067,nan,nan,0,0,0,-0.067,nan,500,fresh
418971,0,0,0,0,0,0,7,0,0,4,19,1,7,0,nan,nan,nan,nan,1.167,nan,nan,1,1,1,1.167,nan,nan,nan,nan,nan,-0.067,nan,nan,0,0,0,-0.067,nan,500,fresh
420041,0,0,0,0,0,0,7,0,0,4,19,1,7,0,nan,nan,nan,nan,1.167,nan,nan,1,1,1,1.167,nan,nan,nan,nan,nan,-0.067,nan,nan,0,0,0,-0.067,nan,500,fresh
421111,0,0,0,0,0,0,7,0,0,4,19,1,7,0,nan,nan,nan,nan,1.167,nan,nan,1,1,1,1.167,nan,nan,nan,nan,nan,-0.067,nan,nan,0,0,0,-0.067,nan,500,fresh
422181,0,0,0,0,0,0,7,0,0,4,20,1,7,0,nan,nan,nan,nan,1.167,nan,nan,1,1.053,1,1.167,nan,nan,nan,nan,nan,-0.067,nan,nan,0,-0.022,0,-0.067,nan,500,fresh
423250,0,0,0,0,0,0,7,0,0,4,19,1,7,0,nan,nan,nan,nan,1.167,nan,nan,1,1,1,1.167,nan,nan,nan,nan,nan,-0.067,nan,nan,0,0,0,-0.067,nan,500,fresh
424319,0,0,0,0,0,0,7,0,0,4,19,1,7,0,nan,nan,nan,nan,1.167,nan,nan,1,1,1,1.167,nan,nan,nan,nan,nan,-0.067,nan,nan,0,0,0,-0.067,nan,500,fresh
425389,0,0,0,0,0,0,7,0,0,4,19,1,7,0,nan,nan,nan,nan,1.167,nan,nan,1,1,1,1.167,nan,nan,nan,nan,nan,-0.067,nan,nan,0,0,0,-0.067,nan,500,fresh
426457,0,0,0,0,0,0,7,0,0,4,20,1,7,0,nan,nan,nan,nan,1.167,nan,nan,1,1.053,1,1.167,nan,nan,nan,nan,nan,-0.067,nan,nan,0,-0.022,0,-0.067,nan,500,fresh
427527,0,0,0,0,0,0,7,0,0,4,19,1,7,0,nan,nan,nan,nan,1.167,nan,nan,1,1,1,1.167,nan,nan,nan,nan,nan,-0.067,nan,nan,0,0,0,-0.067,nan,500,fresh
428597,0,0,0,0,0,0,7,0,0,4,19,1,7,0,nan,nan,nan,nan,1.167,nan,nan,1,1,1,1.167,nan,nan,nan,nan,nan,-0.067,nan,nan,0,0,0,-0.067,nan,500,fresh
429666,0,0,0,0,0,0,7,0,0,4,19,1,7,0,nan,nan,nan,nan,1.167,nan,nan,1,1,1,1.167,nan,nan,nan,nan,nan,-0.067,nan,nan,0,0,0,-0.067,nan,500,fresh
430736,0,0,0,0,0,0,7,0,0,4,19,1,7,0,nan,nan,nan,nan,1.167,nan,nan,1,1,1,1.167,nan,nan,nan,nan,nan,-0.067,nan,nan,0,0,0,-0.067,nan,500,fresh
431806,0,0,0,0,0,0,7,0,0,4,19,1,7,0,nan,nan,nan,nan,1.167,nan,nan,1,1,1,1.167,nan,nan,nan,nan,nan,-0.067,nan,nan,0,0,0,-0.067,nan,500,fresh
432875,0,0,0,0,0,0,7,0,0,4,19,1,7,0,nan,nan,nan,nan,1.167,nan,nan,1,1,1,1.167,nan,nan,nan,nan,nan,-0.067,nan,nan,0,0,0,-0.067,nan,500,fresh
433945,0,0,0,0,0,0,7,0,0,4,19,1,7,0,nan,nan,nan,nan,1.167,nan,nan,1,1,1,1.167,nan,nan,nan,nan,nan,-0.067,nan,nan,0,0,0,-0.067,nan,500,fresh
435015,0,0,0,0,0,0,7,0,0,4,19,1,7,0,nan,nan,nan,nan,1.167,nan,nan,1,1,1,1.167,nan,nan,nan,nan,nan,-0.067,nan,nan,0,0,0,-0.067,nan,500,fresh
436085,0,0,0,0,0,0,7,0,0,4,19,1,7,0,nan,nan,nan,nan,1.167,nan,nan,1,1,1,1.167,nan,nan,nan,nan,nan,-0.067,nan,nan,0,0,0,-0.067,nan,500,fresh
437154,0,0,0,0,0,0,7,0,0,4,19,1,7,0,nan,nan,nan,nan,1.167,nan,nan,1,1,1,1.167,nan,nan,nan,nan,nan,-0.067,nan,nan,0,0,0,-0.067,nan,500,fresh
438224,0,0,0,0,0,0,7,0,0,4,19,1,7,0,nan,nan,nan,nan,1.167,nan,nan,1,1,1,1.167,nan,nan,nan,nan,nan,-0.067,nan,nan,0,0,0,-0.067,nan,500,fresh
50008,0,0,0,0,0,0,7,0,0,4,19,1,7,0,nan,nan,nan,nan,1.167,nan,nan,1,1,1,1.167,nan,nan,nan,nan,nan,-0.067,nan,nan,0,0,0,-0.067,nan,500,fresh
51077,0,0,0,0,0,0,6,0,0,4,19,1,7,0,nan,nan,nan,nan,1,nan,nan,1,1,1,1.167,nan,nan,nan,nan,nan,0,nan,nan,0,0,0,-0.067,nan,500,fresh
52146,0,0,0,0,0,0,7,0,0,4,19,1,7,0,nan,nan,nan,nan,1.167,nan,nan,1,1,1,1.167,nan,nan,nan,nan,nan,-0.067,nan,nan,0,0,0,-0.067,nan,500,fresh
53216,0,0,0,0,0,0,7,0,0,4,19,1,6,0,nan,nan,nan,nan,1.167,nan,nan,1,1,1,1,nan,nan,nan,nan,nan,-0.067,nan,nan,0,0,0,0,nan,500,fresh
54285,0,0,0,0,0,0,7,0,0,4,19,1,7,0,nan,nan,nan,nan,1.167,nan,nan,1,1,1,1.167,nan,nan,nan,nan,nan,-0.067,nan,nan,0,0,0,-0.067,nan,500,fresh
55355,0,0,0,0,0,0,7,0,0,4,19,1,6,0,nan,nan,nan,nan,1.167,nan,nan,1,1,1,1,nan,nan,nan,nan,nan,-0.067,nan,nan,0,0,0,0,nan,500,fresh
56425,0,0,0,0,0,0,7,0,0,4,19,1,7,0,nan,nan,nan,nan,1.167,nan,nan,1,1,1,1.167,nan,nan,nan,nan,nan,-0.067,nan,nan,0,0,0,-0.067,nan,500,fresh
57495,0,0,0,0,0,0,7,0,0,4,19,1,7,0,nan,nan,nan,nan,1.167,nan,nan,1,1,1,1.167,nan,nan,nan,nan,nan,-0.067,nan,nan,0,0,0,-0.067,nan,500,fresh
58564,0,0,0,0,0,0,7,0,0,4,19,1,7,0,nan,nan,nan,nan,1.167,nan,nan,1,1,1,1.167,nan,nan,nan,nan,nan,-0.067,nan,nan,0,0,0,-0.067,nan,500,fresh
59634,0,0,0,0,0,0,7,0,0,4,19,1,7,0,nan,nan,nan,nan,1.167,nan,nan,1,1,1,1.167,nan,nan,nan,nan,nan,-0.067,nan,nan,0,0,0,-0.067,nan,500,fresh
60704,0,0,0,0,0,0,7,0,0,4,19,1,7,0,nan,nan,nan,nan,1.167,nan,nan,1,1,1,1.167,nan,nan,nan,nan,nan,-0.067,nan,nan,0,0,0,-0.067,nan,500,fresh
61774,0,0,0,0,0,0,7,0,0,4,19,1,7,0,nan,nan,nan,nan,1.167,nan,nan,1,1,1,1.167,nan,nan,nan,nan,nan,-0.067,nan,nan,0,0,0,-0.067,nan,500,fresh
62844,0,0,0,0,0,0,6,0,0,4,19,1,7,0,nan,nan,nan,nan,1,nan,nan,1,1,1,1.167,nan,nan,nan,nan,nan,0,nan,nan,0,0,0,-0.067,nan,500,fresh
63913,0,0,0,0,0,0,7,0,0,4,19,1,7,0,nan,nan,nan,nan,1.167,nan,nan,1,1,1,1.167,nan,nan,nan,nan,nan,-0.067,nan,nan,0,0,0,-0.067,nan,500,fresh
64983,0,0,0,0,0,0,7,0,0,4,19,1,7,0,nan,nan,nan,nan,1.167,nan,nan,1,1,1,1.167,nan,nan,nan,nan,nan,-0.067,nan,nan,0,0,0,-0.067,nan,500,fresh
66053,0,0,0,0,0,0,7,0,0,4,19,1,7,0,nan,nan,nan,nan,1.167,nan,nan,1,1,1,1.167,nan,nan,nan,nan,nan,-0.067,nan,nan,0,0,0,-0.067,nan,500,fresh
67123,0,0,0,0,0,0,7,0,0,4,19,1,7,0,nan,nan,nan,nan,1.167,nan,nan,1,1,1,1.167,nan,nan,nan,nan,nan,-0.067,nan,nan,0,0,0,-0.067,nan,500,fresh
68193,0,0,0,0,0,0,7,0,0,4,19,1,7,0,nan,nan,nan,nan,1.167,nan,nan,1,1,1,1.167,nan,nan,nan,nan,nan,-0.067,nan,nan,0,0,0,-0.067,nan,500,fresh
69263,0,0,0,0,0,0,7,0,0,4,19,1,7,0,nan,nan,nan,nan,1.167,nan,nan,1,1,1,1.167,nan,nan,nan,nan,nan,-0.067,nan,nan,0,0,0,-0.067,nan,500,fresh
70333,0,0,0,0,0,0,7,0,0,4,19,1,7,0,nan,nan,nan,nan,1.167,nan,nan,1,1,1,1.167,nan,nan,nan,nan,nan,-0.067,nan,nan,0,0,0,-0.067,nan,500,fresh
71403,0,0,0,0,0,0,7,0,0,4,19,1,7,0,nan,nan,nan,nan,1.167,nan,nan,1,1,1,1.167,nan,nan,nan,nan,nan,-0.067,nan,nan,0,0,0,-0.067,nan,500,fresh
72473,0,0,0,0,0,0,6,0,0,4,19,1,7,0,nan,nan,nan,nan,1,nan,nan,1,1,1,1.167,nan,nan,nan,nan,nan,0,nan,nan,0,0,0,-0.067,nan,500,fresh
73542,0,0,0,0,0,0,7,0,0,4,19,1,6,0,nan,nan,nan,nan,1.167,nan,nan,1,1,1,1,nan,nan,nan,nan,nan,-0.067,nan,nan,0,0,0,0,nan,500,fresh
74611,0,0,0,0,0,0,7,0,0,4,19,1,7,0,nan,nan,nan,nan,1.167,nan,nan,1,1,1,1.167,nan,nan,nan,nan,nan,-0.067,nan,nan,0,0,0,-0.067,nan,500,fresh
75681,0,0,0,0,0,0,7,0,0,4,19,1,7,0,nan,nan,nan,nan,1.167,nan,nan,1,1,1,1.167,nan,nan,nan,nan,nan,-0.067,nan,nan,0,0,0,-0.067,nan,500,fresh
76751,0,0,0,0,0,0,7,0,0,4,19,1,7,0,nan,nan,nan,nan,1.167,nan,nan,1,1,1,1.167,nan,nan,nan,nan,nan,-0.067,nan,nan,0,0,0,-0.067,nan,500,fresh
77821,0,0,0,0,0,0,7,0,0,4,19,1,7,0,nan,nan,nan,nan,1.167,nan,nan,1,1,1,1.167,nan,nan,nan,nan,nan,-0.067,nan,nan,0,0,0,-0.067,nan,500,fresh
78891,0,0,0,0,0,0,7,0,0,4,19,1,7,0,nan,nan,nan,nan,1.167,nan,nan,1,1,1,1.167,nan,nan,nan,nan,nan,-0.067,nan,nan,0,0,0,-0.067,nan,500,fresh
79960,0,0,0,0,0,0,7,0,0,4,19,1,6,0,nan,nan,nan,nan,1.167,nan,nan,1,1,1,1,nan,nan,nan,nan,nan,-0.067,nan,nan,0,0,0,0,nan,500,fresh
81030,0,0,0,0,0,0,6,0,0,4,19,1,7,0,nan,nan,nan,nan,1,nan,nan,1,1,1,1.167,nan,nan,nan,nan,nan,0,nan,nan,0,0,0,-0.067,nan,500,fresh
82099,0,0,0,0,0,0,7,0,0,4,19,1,7,0,nan,nan,nan,nan,1.167,nan,nan,1,1,1,1.167,nan,nan,nan,nan,nan,-0.067,nan,nan,0,0,0,-0.067,nan,500,fresh
83168,0,0,0,0,0,0,7,0,0,4,19,1,7,0,nan,nan,nan,nan,1.167,nan,nan,1,1,1,1.167,nan,nan,nan,nan,nan,-0.067,nan,nan,0,0,0,-0.067,nan,500,fresh
84238,0,0,0,0,0,0,7,0,0,4,19,1,6,0,nan,nan,nan,nan,1.167,nan,nan,1,1,1,1,nan,nan,nan,nan,nan,-0.067,nan,nan,0,0,0,0,nan,500,fresh
85308,0,0,0,0,0,0,7,0,0,4,19,1,7,0,nan,nan,nan,nan,1.167,nan,nan,1,1,1,1.167,nan,nan,nan,nan,nan,-0.067,nan,nan,0,0,0,-0.067,nan,500,fresh
86377,0,0,0,0,0,0,7,0,0,4,19,1,7,0,nan,nan,nan,nan,1.167,nan,nan,1,1,1,1.167,nan,nan,nan,nan,nan,-0.067,nan,nan,0,0,0,-0.067,nan,500,fresh
87447,0,0,0,0,0,0,7,0,0,4,19,1,7,0,nan,nan,nan,nan,1.167,nan,nan,1,1,1,1.167,nan,nan,nan,nan,nan,-0.067,nan,nan,0,0,0,-0.067,nan,500,fresh
88516,0,0,0,0,0,0,6,0,0,4,19,1,7,0,nan,nan,nan,nan,1,nan,nan,1,1,1,1.167,nan,nan,nan,nan,nan,0,nan,nan,0,0,0,-0.067,nan,500,fresh
89586,0,0,0,0,0,0,7,0,0,4,19,1,7,0,nan,nan,nan,nan,1.167,nan,nan,1,1,1,1.167,nan,nan,nan,nan,nan,-0.067,nan,nan,0,0,0,-0.067,nan,500,fresh
90655,0,0,0,0,0,0,7,0,0,4,19,1,7,0,nan,nan,nan,nan,1.167,nan,nan,1,1,1,1.167,nan,nan,nan,nan,nan,-0.067,nan,nan,0,0,0,-0.067,nan,500,fresh
91723,0,0,0,0,0,0,7,0,0,4,19,1,7,0,nan,nan,nan,nan,1.167,nan,nan,1,1,1,1.167,nan,nan,nan,nan,nan,-0.067,nan,nan,0,0,0,-0.067,nan,500,fresh
92792,0,0,0,0,0,0,7,0,0,4,19,1,7,0,nan,nan,nan,nan,1.167,nan,nan,1,1,1,1.167,nan,nan,nan,nan,nan,-0.067,nan,nan,0,0,0,-0.067,nan,500,fresh
93862,0,0,0,0,0,0,6,0,0,4,19,1,7,0,nan,nan,nan,nan,1,nan,nan,1,1,1,1.167,nan,nan,nan,nan,nan,0,nan,nan,0,0,0,-0.067,nan,500,fresh
94931,0,0,0,0,0,0,7,0,0,4,19,1,7,0,nan,nan,nan,nan,1.167,nan,nan,1,1,1,1.167,nan,nan,nan,nan,nan,-0.067,nan,nan,0,0,0,-0.067,nan,500,fresh
96000,0,0,0,0,0,0,7,0,0,4,19,1,7,0,nan,nan,nan,nan,1.167,nan,nan,1,1,1,1.167,nan,nan,nan,nan,nan,-0.067,nan,nan,0,0,0,-0.067,nan,500,fresh
97069,0,0,0,0,0,0,7,0,0,4,19,1,7,0,nan,nan,nan,nan,1.167,nan,nan,1,1,1,1.167,nan,nan,nan,nan,nan,-0.067,nan,nan,0,0,0,-0.067,nan,500,fresh
98138,0,0,0,0,0,0,7,0,0,4,19,1,7,0,nan,nan,nan,nan,1.167,nan,nan,1,1,1,1.167,nan,nan,nan,nan,nan,-0.067,nan,nan,0,0,0,-0.067,nan,500,fresh
99207,0,0,0,0,0,0,7,0,0,4,19,1,7,0,nan,nan,nan,nan,1.167,nan,nan,1,1,1,1.167,nan,nan,nan,nan,nan,-0.067,nan,nan,0,0,0,-0.067,nan,500,fresh
100276,0,0,0,0,0,0,7,0,0,4,19,1,7,0,nan,nan,nan,nan,1.167,nan,nan,1,1,1,1.167,nan,nan,nan,nan,nan,-0.067,nan,nan,0,0,0,-0.067,nan,500,fresh
101346,0,0,0,0,0,0,7,0,0,4,19,1,7,0,nan,nan,nan,nan,1.167,nan,nan,1,1,1,1.167,nan,nan,nan,nan,nan,-0.067,nan,nan,0,0,0,-0.067,nan,500,fresh
102416,0,0,0,0,0,0,7,0,0,4,19,1,7,0,nan,nan,nan,nan,1.167,nan,nan,1,1,1,1.167,nan,nan,nan,nan,nan,-0.067,nan,nan,0,0,0,-0.067,nan,500,fresh
103485,0,0,0,0,0,0,7,0,0,3,19,1,7,0,nan,nan,nan,nan,1.167,nan,nan,0.75,1,1,1.167,nan,nan,nan,nan,nan,-0.067,nan,nan,0.125,0,0,-0.067,nan,500,fresh
104555,0,0,0,0,0,0,6,0,0,4,19,1,7,0,nan,nan,nan,nan,1,nan,nan,1,1,1,1.167,nan,nan,nan,nan,nan,0,nan,nan,0,0,0,-0.067,nan,500,fresh
105625,0,0,0,0,0,0,7,0,0,4,19,1,7,0,nan,nan,nan,nan,1.167,nan,nan,1,1,1,1.167,nan,nan,nan,nan,nan,-0.067,nan,nan,0,0,0,-0.067,nan,500,fresh
106694,0,0,0,0,0,0,7,0,0,4,19,1,7,0,nan,nan,nan,nan,1.167,nan,nan,1,1,1,1.167,nan,nan,nan,nan,nan,-0.067,nan,nan,0,0,0,-0.067,nan,500,fresh
107763,0,0,0,0,0,0,7,0,0,4,19,1,7,0,nan,nan,nan,nan,1.167,nan,nan,1,1,1,1.167,nan,nan,nan,nan,nan,-0.067,nan,nan,0,0,0,-0.067,nan,500,fresh
108833,0,0,0,0,0,0,7,0,0,4,19,1,7,0,nan,nan,nan,nan,1.167,nan,nan,1,1,1,1.167,nan,nan,nan,nan,nan,-0.067,nan,nan,0,0,0,-0.067,nan,500,fresh
109903,0,0,0,0,0,0,7,0,0,4,19,1,7,0,nan,nan,nan,nan,1.167,nan,nan,1,1,1,1.167,nan,nan,nan,nan,nan,-0.067,nan,nan,0,0,0,-0.067,nan,500,fresh
110971,0,0,0,0,0,0,7,0,0,4,19,1,7,0,nan,nan,nan,nan,1.167,nan,nan,1,1,1,1.167,nan,nan,nan,nan,nan,-0.067,nan,nan,0,0,0,-0.067,nan,500,fresh
112041,0,0,0,0,0,0,7,0,0,4,19,1,7,0,nan,nan,nan,nan,1.167,nan,nan,1,1,1,1.167,nan,nan,nan,nan,nan,-0.067,nan,nan,0,0,0,-0.067,nan,500,fresh
113111,0,0,0,0,0,0,7,0,0,4,19,1,7,0,nan,nan,nan,nan,1.167,nan,nan,1,1,1,1.167,nan,nan,nan,nan,nan,-0.067,nan,nan,0,0,0,-0.067,nan,500,fresh
114180,0,0,0,0,0,0,7,0,0,4,19,1,7,0,nan,nan,nan,nan,1.167,nan,nan,1,1,1,1.167,nan,nan,nan,nan,nan,-0.067,nan,nan,0,0,0,-0.067,nan,500,fresh
115250,0,0,0,0,0,0,7,0,0,4,19,1,7,0,nan,nan,nan,nan,1.167,nan,nan,1,1,1,1.167,nan,nan,nan,nan,nan,-0.067,nan,nan,0,0,0,-0.067,nan,500,fresh
116319,0,0,0,0,0,0,7,0,0,4,19,1,7,0,nan,nan,nan,nan,1.167,nan,nan,1,1,1,1.167,nan,nan,nan,nan,nan,-0.067,nan,nan,0,0,0,-0.067,nan,500,fresh
117388,0,0,0,0,0,0,7,0,0,4,19,1,7,0,nan,nan,nan,nan,1.167,nan,nan,1,1,1,1.167,nan,nan,nan,nan,nan,-0.067,nan,nan,0,0,0,-0.067,nan,500,fresh
118457,0,0,0,0,0,0,7,0,0,4,19,1,7,0,nan,nan,nan,nan,1.167,nan,nan,1,1,1,1.167,nan,nan,nan,nan,nan,-0.067,nan,nan,0,0,0,-0.067,nan,500,fresh
119526,0,0,0,0,0,0,7,0,0,4,19,1,7,0,nan,nan,nan,nan,1.167,nan,nan,1,1,1,1.167,nan,nan,nan,nan,nan,-0.067,nan,nan,0,0,0,-0.067,nan,500,fresh
120596,0,0,0,0,0,0,7,0,0,4,19,1,7,0,nan,nan,nan,nan,1.167,nan,nan,1,1,1,1.167,nan,nan,nan,nan,nan,-0.067,nan,nan,0,0,0,-0.067,nan,500,fresh
121664,0,0,0,0,0,0,7,0,0,4,19,1,7,0,nan,nan,nan,nan,1.167,nan,nan,1,1,1,1.167,nan,nan,nan,nan,nan,-0.067,nan,nan,0,0,0,-0.067,nan,500,fresh
122733,0,0,0,0,0,0,6,0,0,4,19,1,7,0,nan,nan,nan,nan,1,nan,nan,1,1,1,1.167,nan,nan,nan,nan,nan,0,nan,nan,0,0,0,-0.067,nan,500,fresh
123803,0,0,0,0,0,0,7,0,0,4,19,1,7,0,nan,nan,nan,nan,1.167,nan,nan,1,1,1,1.167,nan,nan,nan,nan,nan,-0.067,nan,nan,0,0,0,-0.067,nan,500,fresh
124872,0,0,0,0,0,0,7,0,0,4,19,1,7,0,nan,nan,nan,nan,1.167,nan,nan,1,1,1,1.167,nan,nan,nan,nan,nan,-0.067,nan,nan,0,0,0,-0.067,nan,500,fresh
125941,0,0,0,0,0,0,7,0,0,4,19,1,7,0,nan,nan,nan,nan,1.167,nan,nan,1,1,1,1.167,nan,nan,nan,nan,nan,-0.067,nan,nan,0,0,0,-0.067,nan,500,fresh
127011,0,0,0,0,0,0,7,0,0,4,19,1,7,0,nan,nan,nan,nan,1.167,nan,nan,1,1,1,1.167,nan,nan,nan,nan,nan,-0.067,nan,nan,0,0,0,-0.067,nan,500,fresh
128081,0,0,0,0,0,0,7,0,0,4,19,1,7,0,nan,nan,nan,nan,1.167,nan,nan,1,1,1,1.167,nan,nan,nan,nan,nan,-0.067,nan,nan,0,0,0,-0.067,nan,500,fresh
129149,0,0,0,0,0,0,7,0,0,4,19,1,7,0,nan,nan,nan,nan,1.167,nan,nan,1,1,1,1.167,nan,nan,nan,nan,nan,-0.067,nan,nan,0,0,0,-0.067,nan,500,fresh
130219,0,0,0,0,0,0,7,0,0,4,19,1,7,0,nan,nan,nan,nan,1.167,nan,nan,1,1,1,1.167,nan,nan,nan,nan,nan,-0.067,nan,nan,0,0,0,-0.067,nan,500,fresh
131289,0,0,0,0,0,0,7,0,0,4,19,1,7,0,nan,nan,nan,nan,1.167,nan,nan,1,1,1,1.167,nan,nan,nan,nan,nan,-0.067,nan,nan,0,0,0,-0.067,nan,500,fresh
132359,0,0,0,0,0,0,7,0,0,4,19,1,6,0,nan,nan,nan,nan,1.167,nan,nan,1,1,1,1,nan,nan,nan,nan,nan,-0.067,nan,nan,0,0,0,0,nan,500,fresh
133429,0,0,0,0,0,0,7,0,0,4,19,1,7,0,nan,nan,nan,nan,1.167,nan,nan,1,1,1,1.167,nan,nan,nan,nan,nan,-0.067,nan,nan,0,0,0,-0.067,nan,500,fresh
134497,0,0,0,0,0,0,7,0,0,4,19,1,7,0,nan,nan,nan,nan,1.167,nan,nan,1,1,1,1.167,nan,nan,nan,nan,nan,-0.067,nan,nan,0,0,0,-0.067,nan,500,fresh
135567,0,0,0,0,0,0,7,0,0,4,19,1,7,0,nan,nan,nan,nan,1.167,nan,nan,1,1,1,1.167,nan,nan,nan,nan,nan,-0.067,nan,nan,0,0,0,-0.067,nan,500,fresh
136637,0,0,0,0,0,0,7,0,0,4,19,1,7,0,nan,nan,nan,nan,1.167,nan,nan,1,1,1,1.167,nan,nan,nan,nan,nan,-0.067,nan,nan,0,0,0,-0.067,nan,500,fresh
137707,0,0,0,0,0,0,7,0,0,4,19,1,7,0,nan,nan,nan,nan,1.167,nan,nan,1,1,1,1.167,nan,nan,nan,nan,nan,-0.067,nan,nan,0,0,0,-0.067,nan,500,fresh
138776,0,0,0,0,0,0,7,0,0,4,19,1,7,0,nan,nan,nan,nan,1.167,nan,nan,1,1,1,1.167,nan,nan,nan,nan,nan,-0.067,nan,nan,0,0,0,-0.067,nan,500,fresh
139845,0,0,0,0,0,0,7,0,0,4,19,1,7,0,nan,nan,nan,nan,1.167,nan,nan,1,1,1,1.167,nan,nan,nan,nan,nan,-0.067,nan,nan,0,0,0,-0.067,nan,500,fresh
140915,0,0,0,0,0,0,7,0,0,4,19,1,7,0,nan,nan,nan,nan,1.167,nan,nan,1,1,1,1.167,nan,nan,nan,nan,nan,-0.067,nan,nan,0,0,0,-0.067,nan,500,fresh
141984,0,0,0,0,0,0,7,0,0,4,19,1,7,0,nan,nan,nan,nan,1.167,nan,nan,1,1,1,1.167,nan,nan,nan,nan,nan,-0.067,nan,nan,0,0,0,-0.067,nan,500,fresh
143054,0,0,0,0,0,0,7,0,0,4,19,1,7,0,nan,nan,nan,nan,1.167,nan,nan,1,1,1,1.167,nan,nan,nan,nan,nan,-0.067,nan,nan,0,0,0,-0.067,nan,500,fresh
144124,0,0,0,0,0,0,7,0,0,4,19,1,7,0,nan,nan,nan,nan,1.167,nan,nan,1,1,1,1.167,nan,nan,nan,nan,nan,-0.067,nan,nan,0,0,0,-0.067,nan,500,fresh
145194,0,0,0,0,0,0,7,0,0,4,19,1,7,0,nan,nan,nan,nan,1.167,nan,nan,1,1,1,1.167,nan,nan,nan,nan,nan,-0.067,nan,nan,0,0,0,-0.067,nan,500,fresh
146264,0,0,0,0,0,0,7,0,0,4,19,1,7,0,nan,nan,nan,nan,1.167,nan,nan,1,1,1,1.167,nan,nan,nan,nan,nan,-0.067,nan,nan,0,0,0,-0.067,nan,500,fresh
147332,0,0,0,0,0,0,7,0,0,4,19,1,7,0,nan,nan,nan,nan,1.167,nan,nan,1,1,1,1.167,nan,nan,nan,nan,nan,-0.067,nan,nan,0,0,0,-0.067,nan,500,fresh
148402,0,0,0,0,0,0,7,0,0,4,19,1,7,0,nan,nan,nan,nan,1.167,nan,nan,1,1,1,1.167,nan,nan,nan,nan,nan,-0.067,nan,nan,0,0,0,-0.067,nan,500,fresh
149471,0,0,0,0,0,0,7,0,0,4,19,1,7,0,nan,nan,nan,nan,1.167,nan,nan,1,1,1,1.167,nan,nan,nan,nan,nan,-0.067,nan,nan,0,0,0,-0.067,nan,500,fresh
150541,0,0,0,0,0,0,7,0,0,4,19,1,7,0,nan,nan,nan,nan,1.167,nan,nan,1,1,1,1.167,nan,nan,nan,nan,nan,-0.067,nan,nan,0,0,0,-0.067,nan,500,fresh
151611,0,0,0,0,0,0,7,0,0,4,19,1,7,0,nan,nan,nan,nan,1.167,nan,nan,1,1,1,1.167,nan,nan,nan,nan,nan,-0.067,nan,nan,0,0,0,-0.067,nan,500,fresh
152680,0,0,0,0,0,0,7,0,0,4,19,1,7,0,nan,nan,nan,nan,1.167,nan,nan,1,1,1,1.167,nan,nan,nan,nan,nan,-0.067,nan,nan,0,0,0,-0.067,nan,500,fresh
153750,0,0,0,0,0,0,7,0,0,4,19,1,7,0,nan,nan,nan,nan,1.167,nan,nan,1,1,1,1.167,nan,nan,nan,nan,nan,-0.067,nan,nan,0,0,0,-0.067,nan,500,fresh
154820,0,0,0,0,0,0,7,0,0,4,19,1,7,0,nan,nan,nan,nan,1.167,nan,nan,1,1,1,1.167,nan,nan,nan,nan,nan,-0.067,nan,nan,0,0,0,-0.067,nan,500,fresh
155890,0,0,0,0,0,0,7,0,0,4,19,1,7,0,nan,nan,nan,nan,1.167,nan,nan,1,1,1,1.167,nan,nan,nan,nan,nan,-0.067,nan,nan,0,0,0,-0.067,nan,500,fresh
156960,0,0,0,0,0,0,7,0,0,4,19,1,7,0,nan,nan,nan,nan,1.167,nan,nan,1,1,1,1.167,nan,nan,nan,nan,nan,-0.067,nan,nan,0,0,0,-0.067,nan,500,fresh
158030,0,0,0,0,0,0,7,0,0,4,19,1,7,0,nan,nan,nan,nan,1.167,nan,nan,1,1,1,1.167,nan,nan,nan,nan,nan,-0.067,nan,nan,0,0,0,-0.067,nan,500,fresh
159100,0,0,0,0,0,0,7,0,0,4,19,1,6,0,nan,nan,nan,nan,1.167,nan,nan,1,1,1,1,nan,nan,nan,nan,nan,-0.067,nan,nan,0,0,0,0,nan,500,fresh
160168,0,0,0,0,0,0,7,0,0,4,19,1,7,0,nan,nan,nan,nan,1.167,nan,nan,1,1,1,1.167,nan,nan,nan,nan,nan,-0.067,nan,nan,0,0,0,-0.067,nan,500,fresh
161237,0,0,0,0,0,0,7,0,0,4,19,1,7,0,nan,nan,nan,nan,1.167,nan,nan,1,1,1,1.167,nan,nan,nan,nan,nan,-0.067,nan,nan,0,0,0,-0.067,nan,500,fresh
162306,0,0,0,0,0,0,7,0,0,4,19,1,7,0,nan,nan,nan,nan,1.167,nan,nan,1,1,1,1.167,nan,nan,nan,nan,nan,-0.067,nan,nan,0,0,0,-0.067,nan,500,fresh
163376,0,0,0,0,0,0,7,0,0,4,19,1,7,0,nan,nan,nan,nan,1.167,nan,nan,1,1,1,1.167,nan,nan,nan,nan,nan,-0.067,nan,nan,0,0,0,-0.067,nan,500,fresh
164444,0,0,0,0,0,0,7,0,0,4,19,1,7,0,nan,nan,nan,nan,1.167,nan,nan,1,1,1,1.167,nan,nan,nan,nan,nan,-0.067,nan,nan,0,0,0,-0.067,nan,500,fresh
165513,0,0,0,0,0,0,7,0,0,4,19,1,7,0,nan,nan,nan,nan,1.167,nan,nan,1,1,1,1.167,nan,nan,nan,nan,nan,-0.067,nan,nan,0,0,0,-0.067,nan,500,fresh
166583,0,0,0,0,0,0,7,0,0,4,19,1,7,0,nan,nan,nan,nan,1.167,nan,nan,1,1,1,1.167,nan,nan,nan,nan,nan,-0.067,nan,nan,0,0,0,-0.067,nan,500,fresh
167652,0,0,0,0,0,0,7,0,0,4,19,1,7,0,nan,nan,nan,nan,1.167,nan,nan,1,1,1,1.167,nan,nan,nan,nan,nan,-0.067,nan,nan,0,0,0,-0.067,nan,500,fresh
168722,0,0,0,0,0,0,7,0,0,4,19,1,7,0,nan,nan,nan,nan,1.167,nan,nan,1,1,1,1.167,nan,nan,nan,nan,nan,-0.067,nan,nan,0,0,0,-0.067,nan,500,fresh
169792,0,0,0,0,0,0,7,0,0,4,19,1,7,0,nan,nan,nan,nan,1.167,nan,nan,1,1,1,1.167,nan,nan,nan,nan,nan,-0.067,nan,nan,0,0,0,-0.067,nan,500,fresh
170862,0,0,0,0,0,0,7,0,0,4,19,1,7,0,nan,nan,nan,nan,1.167,nan,nan,1,1,1,1.167,nan,nan,nan,nan,nan,-0.067,nan,nan,0,0,0,-0.067,nan,500,fresh
171932,0,0,0,0,0,0,6,0,0,4,19,1,7,0,nan,nan,nan,nan,1,nan,nan,1,1,1,1.167,nan,nan,nan,nan,nan,0,nan,nan,0,0,0,-0.067,nan,500,fresh
173002,0,0,0,0,0,0,7,0,0,4,19,1,7,0,nan,nan,nan,nan,1.167,nan,nan,1,1,1,1.167,nan,nan,nan,nan,nan,-0.067,nan,nan,0,0,0,-0.067,nan,500,fresh
174072,0,0,0,0,0,0,7,0,0,4,19,1,7,0,nan,nan,nan,nan,1.167,nan,nan,1,1,1,1.167,nan,nan,nan,nan,nan,-0.067,nan,nan,0,0,0,-0.067,nan,500,fresh
175140,0,0,0,0,0,0,6,0,0,4,19,1,7,0,nan,nan,nan,nan,1,nan,nan,1,1,1,1.167,nan,nan,nan,nan,nan,0,nan,nan,0,0,0,-0.067,nan,500,fresh
176210,0,0,0,0,0,0,7,0,0,4,19,1,7,0,nan,nan,nan,nan,1.167,nan,nan,1,1,1,1.167,nan,nan,nan,nan,nan,-0.067,nan,nan,0,0,0,-0.067,nan,500,fresh
177280,0,0,0,0,0,0,7,0,0,4,19,1,7,0,nan,nan,nan,nan,1.167,nan,nan,1,1,1,1.167,nan,nan,nan,nan,nan,-0.067,nan,nan,0,0,0,-0.067,nan,500,fresh
178350,0,0,0,0,0,0,6,0,0,4,19,1,7,0,nan,nan,nan,nan,1,nan,nan,1,1,1,1.167,nan,nan,nan,nan,nan,0,nan,nan,0,0,0,-0.067,nan,500,fresh
179419,0,0,0,0,0,0,7,0,0,4,19,1,7,0,nan,nan,nan,nan,1.167,nan,nan,1,1,1,1.167,nan,nan,nan,nan,nan,-0.067,nan,nan,0,0,0,-0.067,nan,500,fresh
180488,0,0,0,0,0,0,7,0,0,4,19,1,7,0,nan,nan,nan,nan,1.167,nan,nan,1,1,1,1.167,nan,nan,nan,nan,nan,-0.067,nan,nan,0,0,0,-0.067,nan,500,fresh
181557,0,0,0,0,0,0,7,0,0,4,19,1,7,0,nan,nan,nan,nan,1.167,nan,nan,1,1,1,1.167,nan,nan,nan,nan,nan,-0.067,nan,nan,0,0,0,-0.067,nan,500,fresh
182627,0,0,0,0,0,0,7,0,0,4,19,1,7,0,nan,nan,nan,nan,1.167,nan,nan,1,1,1,1.167,nan,nan,nan,nan,nan,-0.067,nan,nan,0,0,0,-0.067,nan,500,fresh
183697,0,0,0,0,0,0,7,0,0,4,19,1,7,0,nan,nan,nan,nan,1.167,nan,nan,1,1,1,1.167,nan,nan,nan,nan,nan,-0.067,nan,nan,0,0,0,-0.067,nan,500,fresh
184766,0,0,0,0,0,0,7,0,0,4,19,1,7,0,nan,nan,nan,nan,1.167,nan,nan,1,1,1,1.167,nan,nan,nan,nan,nan,-0.067,nan,nan,0,0,0,-0.067,nan,500,fresh
185836,0,0,0,0,0,0,7,0,0,4,19,1,7,0,nan,nan,nan,nan,1.167,nan,nan,1,1,1,1.167,nan,nan,nan,nan,nan,-0.067,nan,nan,0,0,0,-0.067,nan,500,fresh
186906,0,0,0,0,0,0,7,0,0,4,19,1,7,0,nan,nan,nan,nan,1.167,nan,nan,1,1,1,1.167,nan,nan,nan,nan,nan,-0.067,nan,nan,0,0,0,-0.067,nan,500,fresh
187976,0,0,0,0,0,0,7,0,0,4,19,1,6,0,nan,nan,nan,nan,1.167,nan,nan,1,1,1,1,nan,nan,nan,nan,nan,-0.067,nan,nan,0,0,0,0,nan,500,fresh
189046,0,0,0,0,0,0,7,0,0,4,19,1,6,0,nan,nan,nan,nan,1.167,nan,nan,1,1,1,1,nan,nan,nan,nan,nan,-0.067,nan,nan,0,0,0,0,nan,500,fresh
190115,0,0,0,0,0,0,6,0,0,4,19,1,7,0,nan,nan,nan,nan,1,nan,nan,1,1,1,1.167,nan,nan,nan,nan,nan,0,nan,nan,0,0,0,-0.067,nan,500,fresh
191185,0,0,0,0,0,0,7,0,0,4,19,1,6,0,nan,nan,nan,nan,1.167,nan,nan,1,1,1,1,nan,nan,nan,nan,nan,-0.067,nan,nan,0,0,0,0,nan,500,fresh
192255,0,0,0,0,0,0,7,0,0,4,19,1,7,0,nan,nan,nan,nan,1.167,nan,nan,1,1,1,1.167,nan,nan,nan,nan,nan,-0.067,nan,nan,0,0,0,-0.067,nan,500,fresh
193324,0,0,0,0,0,0,7,0,0,4,19,1,7,0,nan,nan,nan,nan,1.167,nan,nan,1,1,1,1.167,nan,nan,nan,nan,nan,-0.067,nan,nan,0,0,0,-0.067,nan,500,fresh
194394,0,0,0,0,0,0,7,0,0,4,19,1,7,0,nan,nan,nan,nan,1.167,nan,nan,1,1,1,1.167,nan,nan,nan,nan,nan,-0.067,nan,nan,0,0,0,-0.067,nan,500,fresh
195464,0,0,0,0,0,0,7,0,0,4,19,1,7,0,nan,nan,nan,nan,1.167,nan,nan,1,1,1,1.167,nan,nan,nan,nan,nan,-0.067,nan,nan,0,0,0,-0.067,nan,500,fresh
196534,0,0,0,0,0,0,7,0,0,4,19,1,7,0,nan,nan,nan,nan,1.167,nan,nan,1,1,1,1.167,nan,nan,nan,nan,nan,-0.067,nan,nan,0,0,0,-0.067,nan,500,fresh
197604,0,0,0,0,0,0,7,0,0,4,19,1,7,0,nan,nan,nan,nan,1.167,nan,nan,1,1,1,1.167,nan,nan,nan,nan,nan,-0.067,nan,nan,0,0,0,-0.067,nan,500,fresh
198673,0,0,0,0,0,0,7,0,0,4,19,1,7,0,nan,nan,nan,nan,1.167,nan,nan,1,1,1,1.167,nan,nan,nan,nan,nan,-0.067,nan,nan,0,0,0,-0.067,nan,500,fresh
199741,0,0,0,0,0,0,6,0,0,4,19,1,7,0,nan,nan,nan,nan,1,nan,nan,1,1,1,1.167,nan,nan,nan,nan,nan,0,nan,nan,0,0,0,-0.067,nan,500,fresh
200810,0,0,0,0,0,0,7,0,0,4,19,1,7,0,nan,nan,nan,nan,1.167,nan,nan,1,1,1,1.167,nan,nan,nan,nan,nan,-0.067,nan,nan,0,0,0,-0.067,nan,500,fresh
201880,0,0,0,0,0,0,7,0,0,4,19,1,7,0,nan,nan,nan,nan,1.167,nan,nan,1,1,1,1.167,nan,nan,nan,nan,nan,-0.067,nan,nan,0,0,0,-0.067,nan,500,fresh
202950,0,0,0,0,0,0,7,0,0,4,19,1,7,0,nan,nan,nan,nan,1.167,nan,nan,1,1,1,1.167,nan,nan,nan,nan,nan,-0.067,nan,nan,0,0,0,-0.067,nan,500,fresh
204019,0,0,0,0,0,0,7,0,0,4,19,1,7,0,nan,nan,nan,nan,1.167,nan,nan,1,1,1,1.167,nan,nan,nan,nan,nan,-0.067,nan,nan,0,0,0,-0.067,nan,500,fresh
205089,0,0,0,0,0,0,7,0,0,4,19,1,6,0,nan,nan,nan,nan,1.167,nan,nan,1,1,1,1,nan,nan,nan,nan,nan,-0.067,nan,nan,0,0,0,0,nan,500,fresh
206159,0,0,0,0,0,0,7,0,0,4,19,1,7,0,nan,nan,nan,nan,1.167,nan,nan,1,1,1,1.167,nan,nan,nan,nan,nan,-0.067,nan,nan,0,0,0,-0.067,nan,500,fresh
207228,0,0,0,0,0,0,7,0,0,4,19,1,7,0,nan,nan,nan,nan,1.167,nan,nan,1,1,1,1.167,nan,nan,nan,nan,nan,-0.067,nan,nan,0,0,0,-0.067,nan,500,fresh
208298,0,0,0,0,0,0,7,0,0,4,19,1,6,0,nan,nan,nan,nan,1.167,nan,nan,1,1,1,1,nan,nan,nan,nan,nan,-0.067,nan,nan,0,0,0,0,nan,500,fresh
209368,0,0,0,0,0,0,7,0,0,4,19,1,7,0,nan,nan,nan,nan,1.167,nan,nan,1,1,1,1.167,nan,nan,nan,nan,nan,-0.067,nan,nan,0,0,0,-0.067,nan,500,fresh
210437,0,0,0,0,0,0,7,0,0,4,19,1,7,0,nan,nan,nan,nan,1.167,nan,nan,1,1,1,1.167,nan,nan,nan,nan,nan,-0.067,nan,nan,0,0,0,-0.067,nan,500,fresh
211507,0,0,0,0,0,0,6,0,0,4,19,1,7,0,nan,nan,nan,nan,1,nan,nan,1,1,1,1.167,nan,nan,nan,nan,nan,0,nan,nan,0,0,0,-0.067,nan,500,fresh
212576,0,0,0,0,0,0,6,0,0,4,19,1,7,0,nan,nan,nan,nan,1,nan,nan,1,1,1,1.167,nan,nan,nan,nan,nan,0,nan,nan,0,0,0,-0.067,nan,500,fresh
213644,0,0,0,0,0,0,7,0,0,4,19,1,6,0,nan,nan,nan,nan,1.167,nan,nan,1,1,1,1,nan,nan,nan,nan,nan,-0.067,nan,nan,0,0,0,0,nan,500,fresh
214713,0,0,0,0,0,0,7,0,0,4,19,1,7,0,nan,nan,nan,nan,1.167,nan,nan,1,1,1,1.167,nan,nan,nan,nan,nan,-0.067,nan,nan,0,0,0,-0.067,nan,500,fresh
215783,0,0,0,0,0,0,7,0,0,4,19,1,7,0,nan,nan,nan,nan,1.167,nan,nan,1,1,1,1.167,nan,nan,nan,nan,nan,-0.067,nan,nan,0,0,0,-0.067,nan,500,fresh
216853,0,0,0,0,0,0,7,0,0,4,19,1,7,0,nan,nan,nan,nan,1.167,nan,nan,1,1,1,1.167,nan,nan,nan,nan,nan,-0.067,nan,nan,0,0,0,-0.067,nan,500,fresh
217921,0,0,0,0,0,0,7,0,0,4,19,1,6,0,nan,nan,nan,nan,1.167,nan,nan,1,1,1,1,nan,nan,nan,nan,nan,-0.067,nan,nan,0,0,0,0,nan,500,fresh
218990,0,0,0,0,0,0,7,0,0,4,19,1,7,0,nan,nan,nan,nan,1.167,nan,nan,1,1,1,1.167,nan,nan,nan,nan,nan,-0.067,nan,nan,0,0,0,-0.067,nan,500,fresh
220060,0,0,0,0,0,0,6,0,0,4,19,1,7,0,nan,nan,nan,nan,1,nan,nan,1,1,1,1.167,nan,nan,nan,nan,nan,0,nan,nan,0,0,0,-0.067,nan,500,fresh
221130,0,0,0,0,0,0,7,0,0,4,19,1,7,0,nan,nan,nan,nan,1.167,nan,nan,1,1,1,1.167,nan,nan,nan,nan,nan,-0.067,nan,nan,0,0,0,-0.067,nan,500,fresh
222198,0,0,0,0,0,0,7,0,0,4,19,1,7,0,nan,nan,nan,nan,1.167,nan,nan,1,1,1,1.167,nan,nan,nan,nan,nan,-0.067,nan,nan,0,0,0,-0.067,nan,500,fresh
223267,0,0,0,0,0,0,7,0,0,4,19,1,7,0,nan,nan,nan,nan,1.167,nan,nan,1,1,1,1.167,nan,nan,nan,nan,nan,-0.067,nan,nan,0,0,0,-0.067,nan,500,fresh
224337,0,0,0,0,0,0,6,0,0,4,19,1,7,0,nan,nan,nan,nan,1,nan,nan,1,1,1,1.167,nan,nan,nan,nan,nan,0,nan,nan,0,0,0,-0.067,nan,500,fresh
225406,0,0,0,0,0,0,6,0,0,4,19,1,7,0,nan,nan,nan,nan,1,nan,nan,1,1,1,1.167,nan,nan,nan,nan,nan,0,nan,nan,0,0,0,-0.067,nan,500,fresh
226475,0,0,0,0,0,0,7,0,0,4,19,1,7,0,nan,nan,nan,nan,1.167,nan,nan,1,1,1,1.167,nan,nan,nan,nan,nan,-0.067,nan,nan,0,0,0,-0.067,nan,500,fresh
227544,0,0,0,0,0,0,6,0,0,4,19,1,7,0,nan,nan,nan,nan,1,nan,nan,1,1,1,1.167,nan,nan,nan,nan,nan,0,nan,nan,0,0,0,-0.067,nan,500,fresh
228614,0,0,0,0,0,0,7,0,0,4,19,1,7,0,nan,nan,nan,nan,1.167,nan,nan,1,1,1,1.167,nan,nan,nan,nan,nan,-0.067,nan,nan,0,0,0,-0.067,nan,500,fresh
229683,0,0,0,0,0,0,7,0,0,3,19,1,7,0,nan,nan,nan,nan,1.167,nan,nan,0.75,1,1,1.167,nan,nan,nan,nan,nan,-0.067,nan,nan,0.125,0,0,-0.067,nan,500,fresh
230752,0,0,0,0,0,0,6,0,0,4,19,1,6,0,nan,nan,nan,nan,1,nan,nan,1,1,1,1,nan,nan,nan,nan,nan,0,nan,nan,0,0,0,0,nan,500,fresh
231822,0,0,0,0,0,0,7,0,0,4,19,1,7,0,nan,nan,nan,nan,1.167,nan,nan,1,1,1,1.167,nan,nan,nan,nan,nan,-0.067,nan,nan,0,0,0,-0.067,nan,500,fresh
232892,0,0,0,0,0,0,7,0,0,4,19,1,7,0,nan,nan,nan,nan,1.167,nan,nan,1,1,1,1.167,nan,nan,nan,nan,nan,-0.067,nan,nan,0,0,0,-0.067,nan,500,fresh
233962,0,0,0,0,0,0,6,0,0,4,19,1,7,0,nan,nan,nan,nan,1,nan,nan,1,1,1,1.167,nan,nan,nan,nan,nan,0,nan,nan,0,0,0,-0.067,nan,500,fresh
235031,0,0,0,0,0,0,6,0,0,4,19,1,7,0,nan,nan,nan,nan,1,nan,nan,1,1,1,1.167,nan,nan,nan,nan,nan,0,nan,nan,0,0,0,-0.067,nan,500,fresh
236100,0,0,0,0,0,0,7,0,0,4,19,1,6,0,nan,nan,nan,nan,1.167,nan,nan,1,1,1,1,nan,nan,nan,nan,nan,-0.067,nan,nan,0,0,0,0,nan,500,fresh
237170,0,0,0,0,0,0,7,0,0,4,19,1,7,0,nan,nan,nan,nan,1.167,nan,nan,1,1,1,1.167,nan,nan,nan,nan,nan,-0.067,nan,nan,0,0,0,-0.067,nan,500,fresh
238240,0,0,0,0,0,0,7,0,0,4,19,1,7,0,nan,nan,nan,nan,1.167,nan,nan,1,1,1,1.167,nan,nan,nan,nan,nan,-0.067,nan,nan,0,0,0,-0.067,nan,500,fresh
239309,0,0,0,0,0,0,7,0,0,4,19,1,6,0,nan,nan,nan,nan,1.167,nan,nan,1,1,1,1,nan,nan,nan,nan,nan,-0.067,nan,nan,0,0,0,0,nan,500,fresh
240379,0,0,0,0,0,0,7,0,0,4,19,1,7,0,nan,nan,nan,nan,1.167,nan,nan,1,1,1,1.167,nan,nan,nan,nan,nan,-0.067,nan,nan,0,0,0,-0.067,nan,500,fresh
241449,0,0,0,0,0,0,7,0,0,4,19,1,6,0,nan,nan,nan,nan,1.167,nan,nan,1,1,1,1,nan,nan,nan,nan,nan,-0.067,nan,nan,0,0,0,0,nan,500,fresh
242519,0,0,0,0,0,0,7,0,0,4,19,1,7,0,nan,nan,nan,nan,1.167,nan,nan,1,1,1,1.167,nan,nan,nan,nan,nan,-0.067,nan,nan,0,0,0,-0.067,nan,500,fresh
243588,0,0,0,0,0,0,7,0,0,4,19,1,6,0,nan,nan,nan,nan,1.167,nan,nan,1,1,1,1,nan,nan,nan,nan,nan,-0.067,nan,nan,0,0,0,0,nan,500,fresh
244657,0,0,0,0,0,0,7,0,0,4,19,1,7,0,nan,nan,nan,nan,1.167,nan,nan,1,1,1,1.167,nan,nan,nan,nan,nan,-0.067,nan,nan,0,0,0,-0.067,nan,500,fresh
245727,0,0,0,0,0,0,7,0,0,4,19,1,7,0,nan,nan,nan,nan,1.167,nan,nan,1,1,1,1.167,nan,nan,nan,nan,nan,-0.067,nan,nan,0,0,0,-0.067,nan,500,fresh
246795,0,0,0,0,0,0,7,0,0,4,19,1,7,0,nan,nan,nan,nan,1.167,nan,nan,1,1,1,1.167,nan,nan,nan,nan,nan,-0.067,nan,nan,0,0,0,-0.067,nan,500,fresh
247864,0,0,0,0,0,0,7,0,0,4,19,1,7,0,nan,nan,nan,nan,1.167,nan,nan,1,1,1,1.167,nan,nan,nan,nan,nan,-0.067,nan,nan,0,0,0,-0.067,nan,500,fresh
248934,0,0,0,0,0,0,7,0,0,4,19,1,7,0,nan,nan,nan,nan,1.167,nan,nan,1,1,1,1.167,nan,nan,nan,nan,nan,-0.067,nan,nan,0,0,0,-0.067,nan,500,fresh
250004,0,0,0,0,0,0,6,0,0,4,19,1,7,0,nan,nan,nan,nan,1,nan,nan,1,1,1,1.167,nan,nan,nan,nan,nan,0,nan,nan,0,0,0,-0.067,nan,500,fresh
251073,0,0,0,0,0,0,7,0,0,4,19,1,7,0,nan,nan,nan,nan,1.167,nan,nan,1,1,1,1.167,nan,nan,nan,nan,nan,-0.067,nan,nan,0,0,0,-0.067,nan,500,fresh
252142,0,0,0,0,0,0,7,0,0,4,19,1,7,0,nan,nan,nan,nan,1.167,nan,nan,1,1,1,1.167,nan,nan,nan,nan,nan,-0.067,nan,nan,0,0,0,-0.067,nan,500,fresh
253212,0,0,0,0,0,0,7,0,0,4,19,1,7,0,nan,nan,nan,nan,1.167,nan,nan,1,1,1,1.167,nan,nan,nan,nan,nan,-0.067,nan,nan,0,0,0,-0.067,nan,500,fresh
254280,0,0,0,0,0,0,7,0,0,4,19,1,6,0,nan,nan,nan,nan,1.167,nan,nan,1,1,1,1,nan,nan,nan,nan,nan,-0.067,nan,nan,0,0,0,0,nan,500,fresh
255350,0,0,0,0,0,0,7,0,0,4,19,1,7,0,nan,nan,nan,nan,1.167,nan,nan,1,1,1,1.167,nan,nan,nan,nan,nan,-0.067,nan,nan,0,0,0,-0.067,nan,500,fresh
256419,0,0,0,0,0,0,7,0,0,4,19,1,7,0,nan,nan,nan,nan,1.167,nan,nan,1,1,1,1.167,nan,nan,nan,nan,nan,-0.067,nan,nan,0,0,0,-0.067,nan,500,fresh
257489,0,0,0,0,0,0,7,0,0,4,19,1,7,0,nan,nan,nan,nan,1.167,nan,nan,1,1,1,1.167,nan,nan,nan,nan,nan,-0.067,nan,nan,0,0,0,-0.067,nan,500,fresh
258559,0,0,0,0,0,0,7,0,0,4,19,1,7,0,nan,nan,nan,nan,1.167,nan,nan,1,1,1,1.167,nan,nan,nan,nan,nan,-0.067,nan,nan,0,0,0,-0.067,nan,500,fresh
259627,0,0,0,0,0,0,7,0,0,4,19,1,7,0,nan,nan,nan,nan,1.167,nan,nan,1,1,1,1.167,nan,nan,nan,nan,nan,-0.067,nan,nan,0,0,0,-0.067,nan,500,fresh
260695,0,0,0,0,0,0,7,0,0,4,19,1,7,0,nan,nan,nan,nan,1.167,nan,nan,1,1,1,1.167,nan,nan,nan,nan,nan,-0.067,nan,nan,0,0,0,-0.067,nan,500,fresh
261765,0,0,0,0,0,0,7,0,0,4,19,1,7,0,nan,nan,nan,nan,1.167,nan,nan,1,1,1,1.167,nan,nan,nan,nan,nan,-0.067,nan,nan,0,0,0,-0.067,nan,500,fresh
262834,0,0,0,0,0,0,7,0,0,4,19,1,7,0,nan,nan,nan,nan,1.167,nan,nan,1,1,1,1.167,nan,nan,nan,nan,nan,-0.067,nan,nan,0,0,0,-0.067,nan,500,fresh
263904,0,0,0,0,0,0,7,0,0,4,19,1,7,0,nan,nan,nan,nan,1.167,nan,nan,1,1,1,1.167,nan,nan,nan,nan,nan,-0.067,nan,nan,0,0,0,-0.067,nan,500,fresh
264974,0,0,0,0,0,0,6,0,0,4,19,1,6,0,nan,nan,nan,nan,1,nan,nan,1,1,1,1,nan,nan,nan,nan,nan,0,nan,nan,0,0,0,0,nan,500,fresh
266042,0,0,0,0,0,0,7,0,0,4,19,1,7,0,nan,nan,nan,nan,1.167,nan,nan,1,1,1,1.167,nan,nan,nan,nan,nan,-0.067,nan,nan,0,0,0,-0.067,nan,500,fresh
267111,0,0,0,0,0,0,7,0,0,4,19,1,7,0,nan,nan,nan,nan,1.167,nan,nan,1,1,1,1.167,nan,nan,nan,nan,nan,-0.067,nan,nan,0,0,0,-0.067,nan,500,fresh
268181,0,0,0,0,0,0,7,0,0,4,19,1,7,0,nan,nan,nan,nan,1.167,nan,nan,1,1,1,1.167,nan,nan,nan,nan,nan,-0.067,nan,nan,0,0,0,-0.067,nan,500,fresh
269251,0,0,0,0,0,0,7,0,0,4,19,1,7,0,nan,nan,nan,nan,1.167,nan,nan,1,1,1,1.167,nan,nan,nan,nan,nan,-0.067,nan,nan,0,0,0,-0.067,nan,500,fresh
270321,0,0,0,0,0,0,6,0,0,4,19,1,7,0,nan,nan,nan,nan,1,nan,nan,1,1,1,1.167,nan,nan,nan,nan,nan,0,nan,nan,0,0,0,-0.067,nan,500,fresh
271390,0,0,0,0,0,0,7,0,0,4,19,1,7,0,nan,nan,nan,nan,1.167,nan,nan,1,1,1,1.167,nan,nan,nan,nan,nan,-0.067,nan,nan,0,0,0,-0.067,nan,500,fresh
272459,0,0,0,0,0,0,7,0,0,4,19,1,6,0,nan,nan,nan,nan,1.167,nan,nan,1,1,1,1,nan,nan,nan,nan,nan,-0.067,nan,nan,0,0,0,0,nan,500,fresh
273528,0,0,0,0,0,0,7,0,0,4,19,1,6,0,nan,nan,nan,nan,1.167,nan,nan,1,1,1,1,nan,nan,nan,nan,nan,-0.067,nan,nan,0,0,0,0,nan,500,fresh
274597,0,0,0,0,0,0,7,0,0,4,19,1,7,0,nan,nan,nan,nan,1.167,nan,nan,1,1,1,1.167,nan,nan,nan,nan,nan,-0.067,nan,nan,0,0,0,-0.067,nan,500,fresh
275667,0,0,0,0,0,0,7,0,0,4,19,1,7,0,nan,nan,nan,nan,1.167,nan,nan,1,1,1,1.167,nan,nan,nan,nan,nan,-0.067,nan,nan,0,0,0,-0.067,nan,500,fresh
276737,0,0,0,0,0,0,6,0,0,4,19,1,7,0,nan,nan,nan,nan,1,nan,nan,1,1,1,1.167,nan,nan,nan,nan,nan,0,nan,nan,0,0,0,-0.067,nan,500,fresh
277806,0,0,0,0,0,0,7,0,0,4,19,1,7,0,nan,nan,nan,nan,1.167,nan,nan,1,1,1,1.167,nan,nan,nan,nan,nan,-0.067,nan,nan,0,0,0,-0.067,nan,500,fresh
278875,0,0,0,0,0,0,6,0,0,4,19,1,6,0,nan,nan,nan,nan,1,nan,nan,1,1,1,1,nan,nan,nan,nan,nan,0,nan,nan,0,0,0,0,nan,500,fresh
279945,0,0,0,0,0,0,7,0,0,4,19,1,7,0,nan,nan,nan,nan,1.167,nan,nan,1,1,1,1.167,nan,nan,nan,nan,nan,-0.067,nan,nan,0,0,0,-0.067,nan,500,fresh
281015,0,0,0,0,0,0,6,0,0,4,19,1,7,0,nan,nan,nan,nan,1,nan,nan,1,1,1,1.167,nan,nan,nan,nan,nan,0,nan,nan,0,0,0,-0.067,nan,500,fresh
282084,0,0,0,0,0,0,7,0,0,4,19,1,7,0,nan,nan,nan,nan,1.167,nan,nan,1,1,1,1.167,nan,nan,nan,nan,nan,-0.067,nan,nan,0,0,0,-0.067,nan,500,fresh
283153,0,0,0,0,0,0,7,0,0,4,19,1,7,0,nan,nan,nan,nan,1.167,nan,nan,1,1,1,1.167,nan,nan,nan,nan,nan,-0.067,nan,nan,0,0,0,-0.067,nan,500,fresh
284222,0,0,0,0,0,0,6,0,0,4,19,1,7,0,nan,nan,nan,nan,1,nan,nan,1,1,1,1.167,nan,nan,nan,nan,nan,0,nan,nan,0,0,0,-0.067,nan,500,fresh
285292,0,0,0,0,0,0,7,0,0,4,19,1,7,0,nan,nan,nan,nan,1.167,nan,nan,1,1,1,1.167,nan,nan,nan,nan,nan,-0.067,nan,nan,0,0,0,-0.067,nan,500,fresh
286361,0,0,0,0,0,0,7,0,0,4,19,1,7,0,nan,nan,nan,nan,1.167,nan,nan,1,1,1,1.167,nan,nan,nan,nan,nan,-0.067,nan,nan,0,0,0,-0.067,nan,500,fresh
287430,0,0,0,0,0,0,7,0,0,4,19,1,7,0,nan,nan,nan,nan,1.167,nan,nan,1,1,1,1.167,nan,nan,nan,nan,nan,-0.067,nan,nan,0,0,0,-0.067,nan,500,fresh
288499,0,0,0,0,0,0,6,0,0,4,19,1,7,0,nan,nan,nan,nan,1,nan,nan,1,1,1,1.167,nan,nan,nan,nan,nan,0,nan,nan,0,0,0,-0.067,nan,500,fresh
289569,0,0,0,0,0,0,7,0,0,4,19,1,7,0,nan,nan,nan,nan,1.167,nan,nan,1,1,1,1.167,nan,nan,nan,nan,nan,-0.067,nan,nan,0,0,0,-0.067,nan,500,fresh
290639,0,0,0,0,0,0,7,0,0,4,19,1,7,0,nan,nan,nan,nan,1.167,nan,nan,1,1,1,1.167,nan,nan,nan,nan,nan,-0.067,nan,nan,0,0,0,-0.067,nan,500,fresh
291709,0,0,0,0,0,0,6,0,0,4,19,1,7,0,nan,nan,nan,nan,1,nan,nan,1,1,1,1.167,nan,nan,nan,nan,nan,0,nan,nan,0,0,0,-0.067,nan,500,fresh
292779,0,0,0,0,0,0,7,0,0,4,19,1,7,0,nan,nan,nan,nan,1.167,nan,nan,1,1,1,1.167,nan,nan,nan,nan,nan,-0.067,nan,nan,0,0,0,-0.067,nan,500,fresh
293848,0,0,0,0,0,0,7,0,0,4,19,1,7,0,nan,nan,nan,nan,1.167,nan,nan,1,1,1,1.167,nan,nan,nan,nan,nan,-0.067,nan,nan,0,0,0,-0.067,nan,500,fresh
294918,0,0,0,0,0,0,7,0,0,4,19,1,7,0,nan,nan,nan,nan,1.167,nan,nan,1,1,1,1.167,nan,nan,nan,nan,nan,-0.067,nan,nan,0,0,0,-0.067,nan,500,fresh
295987,0,0,0,0,0,0,6,0,0,4,19,1,7,0,nan,nan,nan,nan,1,nan,nan,1,1,1,1.167,nan,nan,nan,nan,nan,0,nan,nan,0,0,0,-0.067,nan,500,fresh
297057,0,0,0,0,0,0,7,0,0,4,19,1,6,0,nan,nan,nan,nan,1.167,nan,nan,1,1,1,1,nan,nan,nan,nan,nan,-0.067,nan,nan,0,0,0,0,nan,500,fresh
298126,0,0,0,0,0,0,7,0,0,4,19,1,6,0,nan,nan,nan,nan,1.167,nan,nan,1,1,1,1,nan,nan,nan,nan,nan,-0.067,nan,nan,0,0,0,0,nan,500,fresh
299195,0,0,0,0,0,0,7,0,0,4,19,1,7,0,nan,nan,nan,nan,1.167,nan,nan,1,1,1,1.167,nan,nan,nan,nan,nan,-0.067,nan,nan,0,0,0,-0.067,nan,500,fresh
300265,0,0,0,0,0,0,7,0,0,4,19,1,6,0,nan,nan,nan,nan,1.167,nan,nan,1,1,1,1,nan,nan,nan,nan,nan,-0.067,nan,nan,0,0,0,0,nan,500,fresh
301335,0,0,0,0,0,0,7,0,0,4,19,1,7,0,nan,nan,nan,nan,1.167,nan,nan,1,1,1,1.167,nan,nan,nan,nan,nan,-0.067,nan,nan,0,0,0,-0.067,nan,500,fresh
302405,0,0,0,0,0,0,7,0,0,4,19,1,7,0,nan,nan,nan,nan,1.167,nan,nan,1,1,1,1.167,nan,nan,nan,nan,nan,-0.067,nan,nan,0,0,0,-0.067,nan,500,fresh
303475,0,0,0,0,0,0,7,0,0,4,19,1,7,0,nan,nan,nan,nan,1.167,nan,nan,1,1,1,1.167,nan,nan,nan,nan,nan,-0.067,nan,nan,0,0,0,-0.067,nan,500,fresh
304544,0,0,0,0,0,0,6,0,0,4,19,1,7,0,nan,nan,nan,nan,1,nan,nan,1,1,1,1.167,nan,nan,nan,nan,nan,0,nan,nan,0,0,0,-0.067,nan,500,fresh
305613,0,0,0,0,0,0,6,0,0,4,19,1,7,0,nan,nan,nan,nan,1,nan,nan,1,1,1,1.167,nan,nan,nan,nan,nan,0,nan,nan,0,0,0,-0.067,nan,500,fresh
306683,0,0,0,0,0,0,7,0,0,4,19,1,7,0,nan,nan,nan,nan,1.167,nan,nan,1,1,1,1.167,nan,nan,nan,nan,nan,-0.067,nan,nan,0,0,0,-0.067,nan,500,fresh
307752,0,0,0,0,0,0,7,0,0,3,19,1,7,0,nan,nan,nan,nan,1.167,nan,nan,0.75,1,1,1.167,nan,nan,nan,nan,nan,-0.067,nan,nan,0.125,0,0,-0.067,nan,500,fresh
308821,0,0,0,0,0,0,7,0,0,4,19,1,7,0,nan,nan,nan,nan,1.167,nan,nan,1,1,1,1.167,nan,nan,nan,nan,nan,-0.067,nan,nan,0,0,0,-0.067,nan,500,fresh
309891,0,0,0,0,0,0,7,0,0,4,19,1,6,0,nan,nan,nan,nan,1.167,nan,nan,1,1,1,1,nan,nan,nan,nan,nan,-0.067,nan,nan,0,0,0,0,nan,500,fresh
310960,0,0,0,0,0,0,7,0,0,4,19,1,7,0,nan,nan,nan,nan,1.167,nan,nan,1,1,1,1.167,nan,nan,nan,nan,nan,-0.067,nan,nan,0,0,0,-0.067,nan,500,fresh
312029,0,0,0,0,0,0,7,0,0,4,19,1,6,0,nan,nan,nan,nan,1.167,nan,nan,1,1,1,1,nan,nan,nan,nan,nan,-0.067,nan,nan,0,0,0,0,nan,500,fresh
313098,0,0,0,0,0,0,7,0,0,4,19,1,7,0,nan,nan,nan,nan,1.167,nan,nan,1,1,1,1.167,nan,nan,nan,nan,nan,-0.067,nan,nan,0,0,0,-0.067,nan,500,fresh
323795,0,0,0,0,0,0,7,0,0,4,19,1,7,0,nan,nan,nan,nan,1.167,nan,nan,1,1,1,1.167,nan,nan,nan,nan,nan,-0.067,nan,nan,0,0,0,-0.067,nan,500,fresh
324865,0,0,0,0,0,0,7,0,0,4,19,1,7,0,nan,nan,nan,nan,1.167,nan,nan,1,1,1,1.167,nan,nan,nan,nan,nan,-0.067,nan,nan,0,0,0,-0.067,nan,500,fresh
325934,0,0,0,0,0,0,7,0,0,4,19,1,7,0,nan,nan,nan,nan,1.167,nan,nan,1,1,1,1.167,nan,nan,nan,nan,nan,-0.067,nan,nan,0,0,0,-0.067,nan,500,fresh
327004,0,0,0,0,0,0,7,0,0,4,19,1,7,0,nan,nan,nan,nan,1.167,nan,nan,1,1,1,1.167,nan,nan,nan,nan,nan,-0.067,nan,nan,0,0,0,-0.067,nan,500,fresh
347322,0,0,0,0,0,0,7,0,0,4,20,1,7,0,nan,nan,nan,nan,1.167,nan,nan,1,1.053,1,1.167,nan,nan,nan,nan,nan,-0.067,nan,nan,0,-0.022,0,-0.067,nan,500,fresh
348392,0,0,0,0,0,0,7,0,0,4,20,1,7,0,nan,nan,nan,nan,1.167,nan,nan,1,1.053,1,1.167,nan,nan,nan,nan,nan,-0.067,nan,nan,0,-0.022,0,-0.067,nan,500,fresh
349461,0,0,0,0,0,0,7,0,0,4,19,1,7,0,nan,nan,nan,nan,1.167,nan,nan,1,1,1,1.167,nan,nan,nan,nan,nan,-0.067,nan,nan,0,0,0,-0.067,nan,500,fresh
350530,0,0,0,0,0,0,7,0,0,4,20,1,7,0,nan,nan,nan,nan,1.167,nan,nan,1,1.053,1,1.167,nan,nan,nan,nan,nan,-0.067,nan,nan,0,-0.022,0,-0.067,nan,500,fresh
351600,0,0,0,0,0,0,7,0,0,4,20,1,7,0,nan,nan,nan,nan,1.167,nan,nan,1,1.053,1,1.167,nan,nan,nan,nan,nan,-0.067,nan,nan,0,-0.022,0,-0.067,nan,500,fresh
352669,0,0,0,0,0,0,7,0,0,4,20,1,7,0,nan,nan,nan,nan,1.167,nan,nan,1,1.053,1,1.167,nan,nan,nan,nan,nan,-0.067,nan,nan,0,-0.022,0,-0.067,nan,500,fresh
353738,0,0,0,0,0,0,7,0,0,4,20,1,7,0,nan,nan,nan,nan,1.167,nan,nan,1,1.053,1,1.167,nan,nan,nan,nan,nan,-0.067,nan,nan,0,-0.022,0,-0.067,nan,500,fresh
354807,0,0,0,0,0,0,7,0,0,4,20,1,7,0,nan,nan,nan,nan,1.167,nan,nan,1,1.053,1,1.167,nan,nan,nan,nan,nan,-0.067,nan,nan,0,-0.022,0,-0.067,nan,500,fresh
355876,0,0,0,0,0,0,7,0,0,4,20,1,7,0,nan,nan,nan,nan,1.167,nan,nan,1,1.053,1,1.167,nan,nan,nan,nan,nan,-0.067,nan,nan,0,-0.022,0,-0.067,nan,500,fresh
356945,0,0,0,0,0,0,7,0,0,4,20,1,7,0,nan,nan,nan,nan,1.167,nan,nan,1,1.053,1,1.167,nan,nan,nan,nan,nan,-0.067,nan,nan,0,-0.022,0,-0.067,nan,500,fresh
358014,0,0,0,0,0,0,7,0,0,4,20,1,7,0,nan,nan,nan,nan,1.167,nan,nan,1,1.053,1,1.167,nan,nan,nan,nan,nan,-0.067,nan,nan,0,-0.022,0,-0.067,nan,500,fresh
359084,0,0,0,0,0,0,7,0,0,4,20,1,7,0,nan,nan,nan,nan,1.167,nan,nan,1,1.053,1,1.167,nan,nan,nan,nan,nan,-0.067,nan,nan,0,-0.022,0,-0.067,nan,500,fresh
360154,0,0,0,0,0,0,7,0,0,4,20,1,7,0,nan,nan,nan,nan,1.167,nan,nan,1,1.053,1,1.167,nan,nan,nan,nan,nan,-0.067,nan,nan,0,-0.022,0,-0.067,nan,500,fresh
361224,0,0,0,0,0,0,7,0,0,4,20,1,7,0,nan,nan,nan,nan,1.167,nan,nan,1,1.053,1,1.167,nan,nan,nan,nan,nan,-0.067,nan,nan,0,-0.022,0,-0.067,nan,500,fresh
362294,0,0,0,0,0,0,7,0,0,4,19,1,7,0,nan,nan,nan,nan,1.167,nan,nan,1,1,1,1.167,nan,nan,nan,nan,nan,-0.067,nan,nan,0,0,0,-0.067,nan,500,fresh
363364,0,0,0,0,0,0,7,0,0,4,20,1,7,0,nan,nan,nan,nan,1.167,nan,nan,1,1.053,1,1.167,nan,nan,nan,nan,nan,-0.067,nan,nan,0,-0.022,0,-0.067,nan,500,fresh
364434,0,0,0,0,0,0,7,0,0,4,20,1,7,0,nan,nan,nan,nan,1.167,nan,nan,1,1.053,1,1.167,nan,nan,nan,nan,nan,-0.067,nan,nan,0,-0.022,0,-0.067,nan,500,fresh
365504,0,0,0,0,0,0,7,0,0,4,20,1,7,0,nan,nan,nan,nan,1.167,nan,nan,1,1.053,1,1.167,nan,nan,nan,nan,nan,-0.067,nan,nan,0,-0.022,0,-0.067,nan,500,fresh
366574,0,0,0,0,0,0,7,0,0,4,20,1,7,0,nan,nan,nan,nan,1.167,nan,nan,1,1.053,1,1.167,nan,nan,nan,nan,nan,-0.067,nan,nan,0,-0.022,0,-0.067,nan,500,fresh
367643,0,0,0,0,0,0,7,0,0,4,20,1,7,0,nan,nan,nan,nan,1.167,nan,nan,1,1.053,1,1.167,nan,nan,nan,nan,nan,-0.067,nan,nan,0,-0.022,0,-0.067,nan,500,fresh
368713,0,0,0,0,0,0,7,0,0,4,20,1,7,0,nan,nan,nan,nan,1.167,nan,nan,1,1.053,1,1.167,nan,nan,nan,nan,nan,-0.067,nan,nan,0,-0.022,0,-0.067,nan,500,fresh
369783,0,0,0,0,0,0,7,0,0,4,20,1,7,0,nan,nan,nan,nan,1.167,nan,nan,1,1.053,1,1.167,nan,nan,nan,nan,nan,-0.067,nan,nan,0,-0.022,0,-0.067,nan,500,fresh
370852,0,0,0,0,0,0,7,0,0,4,20,1,7,0,nan,nan,nan,nan,1.167,nan,nan,1,1.053,1,1.167,nan,nan,nan,nan,nan,-0.067,nan,nan,0,-0.022,0,-0.067,nan,500,fresh
371922,0,0,0,0,0,0,7,0,0,4,20,1,7,0,nan,nan,nan,nan,1.167,nan,nan,1,1.053,1,1.167,nan,nan,nan,nan,nan,-0.067,nan,nan,0,-0.022,0,-0.067,nan,500,fresh
372991,0,0,0,0,0,0,7,0,0,4,20,1,7,0,nan,nan,nan,nan,1.167,nan,nan,1,1.053,1,1.167,nan,nan,nan,nan,nan,-0.067,nan,nan,0,-0.022,0,-0.067,nan,500,fresh
374059,0,0,0,0,0,0,7,0,0,4,19,1,7,0,nan,nan,nan,nan,1.167,nan,nan,1,1,1,1.167,nan,nan,nan,nan,nan,-0.067,nan,nan,0,0,0,-0.067,nan,500,fresh
375127,0,0,0,0,0,0,7,0,0,4,20,1,7,0,nan,nan,nan,nan,1.167,nan,nan,1,1.053,1,1.167,nan,nan,nan,nan,nan,-0.067,nan,nan,0,-0.022,0,-0.067,nan,500,fresh
376197,0,0,0,0,0,0,7,0,0,4,20,1,7,0,nan,nan,nan,nan,1.167,nan,nan,1,1.053,1,1.167,nan,nan,nan,nan,nan,-0.067,nan,nan,0,-0.022,0,-0.067,nan,500,fresh
377265,0,0,0,0,0,0,7,0,0,4,19,1,7,0,nan,nan,nan,nan,1.167,nan,nan,1,1,1,1.167,nan,nan,nan,nan,nan,-0.067,nan,nan,0,0,0,-0.067,nan,500,fresh
378333,0,0,0,0,0,0,7,0,0,4,20,1,7,0,nan,nan,nan,nan,1.167,nan,nan,1,1.053,1,1.167,nan,nan,nan,nan,nan,-0.067,nan,nan,0,-0.022,0,-0.067,nan,500,fresh
379403,0,0,0,0,0,0,7,0,0,4,20,1,7,0,nan,nan,nan,nan,1.167,nan,nan,1,1.053,1,1.167,nan,nan,nan,nan,nan,-0.067,nan,nan,0,-0.022,0,-0.067,nan,500,fresh
380473,0,0,0,0,0,0,7,0,0,4,20,1,7,0,nan,nan,nan,nan,1.167,nan,nan,1,1.053,1,1.167,nan,nan,nan,nan,nan,-0.067,nan,nan,0,-0.022,0,-0.067,nan,500,fresh
381542,0,0,0,0,0,0,7,0,0,4,20,1,7,0,nan,nan,nan,nan,1.167,nan,nan,1,1.053,1,1.167,nan,nan,nan,nan,nan,-0.067,nan,nan,0,-0.022,0,-0.067,nan,500,fresh
382612,0,0,0,0,0,0,7,0,0,4,20,1,7,0,nan,nan,nan,nan,1.167,nan,nan,1,1.053,1,1.167,nan,nan,nan,nan,nan,-0.067,nan,nan,0,-0.022,0,-0.067,nan,500,fresh
383681,0,0,0,0,0,0,7,0,0,4,19,1,7,0,nan,nan,nan,nan,1.167,nan,nan,1,1,1,1.167,nan,nan,nan,nan,nan,-0.067,nan,nan,0,0,0,-0.067,nan,500,fresh
384750,0,0,0,0,0,0,7,0,0,4,20,1,7,0,nan,nan,nan,nan,1.167,nan,nan,1,1.053,1,1.167,nan,nan,nan,nan,nan,-0.067,nan,nan,0,-0.022,0,-0.067,nan,500,fresh
385819,0,0,0,0,0,0,7,0,0,4,20,1,7,0,nan,nan,nan,nan,1.167,nan,nan,1,1.053,1,1.167,nan,nan,nan,nan,nan,-0.067,nan,nan,0,-0.022,0,-0.067,nan,500,fresh
386889,0,0,0,0,0,0,6,0,0,4,19,1,7,0,nan,nan,nan,nan,1,nan,nan,1,1,1,1.167,nan,nan,nan,nan,nan,0,nan,nan,0,0,0,-0.067,nan,500,fresh
387957,0,0,0,0,0,0,7,0,0,4,20,1,7,0,nan,nan,nan,nan,1.167,nan,nan,1,1.053,1,1.167,nan,nan,nan,nan,nan,-0.067,nan,nan,0,-0.022,0,-0.067,nan,500,fresh
389027,0,0,0,0,0,0,7,0,0,4,20,1,7,0,nan,nan,nan,nan,1.167,nan,nan,1,1.053,1,1.167,nan,nan,nan,nan,nan,-0.067,nan,nan,0,-0.022,0,-0.067,nan,500,fresh
390096,0,0,0,0,0,0,7,0,0,4,20,1,7,0,nan,nan,nan,nan,1.167,nan,nan,1,1.053,1,1.167,nan,nan,nan,nan,nan,-0.067,nan,nan,0,-0.022,0,-0.067,nan,500,fresh
391165,0,0,0,0,0,0,7,0,0,4,20,1,7,0,nan,nan,nan,nan,1.167,nan,nan,1,1.053,1,1.167,nan,nan,nan,nan,nan,-0.067,nan,nan,0,-0.022,0,-0.067,nan,500,fresh
392235,0,0,0,0,0,0,7,0,0,4,19,1,7,0,nan,nan,nan,nan,1.167,nan,nan,1,1,1,1.167,nan,nan,nan,nan,nan,-0.067,nan,nan,0,0,0,-0.067,nan,500,fresh
393304,0,0,0,0,0,0,7,0,0,4,19,1,7,0,nan,nan,nan,nan,1.167,nan,nan,1,1,1,1.167,nan,nan,nan,nan,nan,-0.067,nan,nan,0,0,0,-0.067,nan,500,fresh
394373,0,0,0,0,0,0,7,0,0,4,19,1,7,0,nan,nan,nan,nan,1.167,nan,nan,1,1,1,1.167,nan,nan,nan,nan,nan,-0.067,nan,nan,0,0,0,-0.067,nan,500,fresh
395443,0,0,0,0,0,0,7,0,0,4,19,1,7,0,nan,nan,nan,nan,1.167,nan,nan,1,1,1,1.167,nan,nan,nan,nan,nan,-0.067,nan,nan,0,0,0,-0.067,nan,500,fresh
396513,0,0,0,0,0,0,7,0,0,4,19,1,7,0,nan,nan,nan,nan,1.167,nan,nan,1,1,1,1.167,nan,nan,nan,nan,nan,-0.067,nan,nan,0,0,0,-0.067,nan,500,fresh
397582,0,0,0,0,0,0,7,0,0,4,20,1,7,0,nan,nan,nan,nan,1.167,nan,nan,1,1.053,1,1.167,nan,nan,nan,nan,nan,-0.067,nan,nan,0,-0.022,0,-0.067,nan,500,fresh
398651,0,0,0,0,0,0,7,0,0,4,19,1,7,0,nan,nan,nan,nan,1.167,nan,nan,1,1,1,1.167,nan,nan,nan,nan,nan,-0.067,nan,nan,0,0,0,-0.067,nan,500,fresh
399720,0,0,0,0,0,0,7,0,0,4,20,1,7,0,nan,nan,nan,nan,1.167,nan,nan,1,1.053,1,1.167,nan,nan,nan,nan,nan,-0.067,nan,nan,0,-0.022,0,-0.067,nan,500,fresh
400789,0,0,0,0,0,0,7,0,0,4,20,1,7,0,nan,nan,nan,nan,1.167,nan,nan,1,1.053,1,1.167,nan,nan,nan,nan,nan,-0.067,nan,nan,0,-0.022,0,-0.067,nan,500,fresh
401859,0,0,0,0,0,0,7,0,0,4,19,1,7,0,nan,nan,nan,nan,1.167,nan,nan,1,1,1,1.167,nan,nan,nan,nan,nan,-0.067,nan,nan,0,0,0,-0.067,nan,500,fresh
402928,0,0,0,0,0,0,7,0,0,4,20,1,7,0,nan,nan,nan,nan,1.167,nan,nan,1,1.053,1,1.167,nan,nan,nan,nan,nan,-0.067,nan,nan,0,-0.022,0,-0.067,nan,500,fresh
403997,0,0,0,0,0,0,7,0,0,4,19,1,7,0,nan,nan,nan,nan,1.167,nan,nan,1,1,1,1.167,nan,nan,nan,nan,nan,-0.067,nan,nan,0,0,0,-0.067,nan,500,fresh
405067,0,0,0,0,0,0,7,0,0,4,19,1,7,0,nan,nan,nan,nan,1.167,nan,nan,1,1,1,1.167,nan,nan,nan,nan,nan,-0.067,nan,nan,0,0,0,-0.067,nan,500,fresh
406136,0,0,0,0,0,0,6,0,0,4,19,1,7,0,nan,nan,nan,nan,1,nan,nan,1,1,1,1.167,nan,nan,nan,nan,nan,0,nan,nan,0,0,0,-0.067,nan,500,fresh
407206,0,0,0,0,0,0,7,0,0,4,19,1,7,0,nan,nan,nan,nan,1.167,nan,nan,1,1,1,1.167,nan,nan,nan,nan,nan,-0.067,nan,nan,0,0,0,-0.067,nan,500,fresh
408276,0,0,0,0,0,0,7,0,0,4,19,1,7,0,nan,nan,nan,nan,1.167,nan,nan,1,1,1,1.167,nan,nan,nan,nan,nan,-0.067,nan,nan,0,0,0,-0.067,nan,500,fresh
409345,0,0,0,0,0,0,7,0,0,4,19,1,7,0,nan,nan,nan,nan,1.167,nan,nan,1,1,1,1.167,nan,nan,nan,nan,nan,-0.067,nan,nan,0,0,0,-0.067,nan,500,fresh
410415,0,0,0,0,0,0,7,0,0,4,19,1,7,0,nan,nan,nan,nan,1.167,nan,nan,1,1,1,1.167,nan,nan,nan,nan,nan,-0.067,nan,nan,0,0,0,-0.067,nan,500,fresh
411485,0,0,0,0,0,0,7,0,0,4,19,1,7,0,nan,nan,nan,nan,1.167,nan,nan,1,1,1,1.167,nan,nan,nan,nan,nan,-0.067,nan,nan,0,0,0,-0.067,nan,500,fresh
412555,0,0,0,0,0,0,7,0,0,4,19,1,7,0,nan,nan,nan,nan,1.167,nan,nan,1,1,1,1.167,nan,nan,nan,nan,nan,-0.067,nan,nan,0,0,0,-0.067,nan,500,fresh
413625,0,0,0,0,0,0,7,0,0,4,19,1,7,0,nan,nan,nan,nan,1.167,nan,nan,1,1,1,1.167,nan,nan,nan,nan,nan,-0.067,nan,nan,0,0,0,-0.067,nan,500,fresh
414694,0,0,0,0,0,0,7,0,0,4,19,1,7,0,nan,nan,nan,nan,1.167,nan,nan,1,1,1,1.167,nan,nan,nan,nan,nan,-0.067,nan,nan,0,0,0,-0.067,nan,500,fresh
415763,0,0,0,0,0,0,7,0,0,4,19,1,7,0,nan,nan,nan,nan,1.167,nan,nan,1,1,1,1.167,nan,nan,nan,nan,nan,-0.067,nan,nan,0,0,0,-0.067,nan,500,fresh
416832,0,0,0,0,0,0,7,0,0,4,19,1,7,0,nan,nan,nan,nan,1.167,nan,nan,1,1,1,1.167,nan,nan,nan,nan,nan,-0.067,nan,nan,0,0,0,-0.067,nan,500,fresh
417901,0,0,0,0,0,0,7,0,0,4,19,1,7,0,nan,nan,nan,nan,1.167,nan,nan,1,1,1,1.167,nan,nan,nan,nan,nan,-0.067,nan,nan,0,0,0,-0.067,nan,500,fresh
418971,0,0,0,0,0,0,7,0,0,4,19,1,7,0,nan,nan,nan,nan,1.167,nan,nan,1,1,1,1.167,nan,nan,nan,nan,nan,-0.067,nan,nan,0,0,0,-0.067,nan,500,fresh
420041,0,0,0,0,0,0,7,0,0,4,19,1,7,0,nan,nan,nan,nan,1.167,nan,nan,1,1,1,1.167,nan,nan,nan,nan,nan,-0.067,nan,nan,0,0,0,-0.067,nan,500,fresh
421111,0,0,0,0,0,0,7,0,0,4,19,1,7,0,nan,nan,nan,nan,1.167,nan,nan,1,1,1,1.167,nan,nan,nan,nan,nan,-0.067,nan,nan,0,0,0,-0.067,nan,500,fresh
422181,0,0,0,0,0,0,7,0,0,4,20,1,7,0,nan,nan,nan,nan,1.167,nan,nan,1,1.053,1,1.167,nan,nan,nan,nan,nan,-0.067,nan,nan,0,-0.022,0,-0.067,nan,500,fresh
423250,0,0,0,0,0,0,7,0,0,4,19,1,7,0,nan,nan,nan,nan,1.167,nan,nan,1,1,1,1.167,nan,nan,nan,nan,nan,-0.067,nan,nan,0,0,0,-0.067,nan,500,fresh
424319,0,0,0,0,0,0,7,0,0,4,19,1,7,0,nan,nan,nan,nan,1.167,nan,nan,1,1,1,1.167,nan,nan,nan,nan,nan,-0.067,nan,nan,0,0,0,-0.067,nan,500,fresh
425389,0,0,0,0,0,0,7,0,0,4,19,1,7,0,nan,nan,nan,nan,1.167,nan,nan,1,1,1,1.167,nan,nan,nan,nan,nan,-0.067,nan,nan,0,0,0,-0.067,nan,500,fresh
426457,0,0,0,0,0,0,7,0,0,4,20,1,7,0,nan,nan,nan,nan,1.167,nan,nan,1,1.053,1,1.167,nan,nan,nan,nan,nan,-0.067,nan,nan,0,-0.022,0,-0.067,nan,500,fresh
427527,0,0,0,0,0,0,7,0,0,4,19,1,7,0,nan,nan,nan,nan,1.167,nan,nan,1,1,1,1.167,nan,nan,nan,nan,nan,-0.067,nan,nan,0,0,0,-0.067,nan,500,fresh
428597,0,0,0,0,0,0,7,0,0,4,19,1,7,0,nan,nan,nan,nan,1.167,nan,nan,1,1,1,1.167,nan,nan,nan,nan,nan,-0.067,nan,nan,0,0,0,-0.067,nan,500,fresh
429666,0,0,0,0,0,0,7,0,0,4,19,1,7,0,nan,nan,nan,nan,1.167,nan,nan,1,1,1,1.167,nan,nan,nan,nan,nan,-0.067,nan,nan,0,0,0,-0.067,nan,500,fresh
430736,0,0,0,0,0,0,7,0,0,4,19,1,7,0,nan,nan,nan,nan,1.167,nan,nan,1,1,1,1.167,nan,nan,nan,nan,nan,-0.067,nan,nan,0,0,0,-0.067,nan,500,fresh
431806,0,0,0,0,0,0,7,0,0,4,19,1,7,0,nan,nan,nan,nan,1.167,nan,nan,1,1,1,1.167,nan,nan,nan,nan,nan,-0.067,nan,nan,0,0,0,-0.067,nan,500,fresh
432875,0,0,0,0,0,0,7,0,0,4,19,1,7,0,nan,nan,nan,nan,1.167,nan,nan,1,1,1,1.167,nan,nan,nan,nan,nan,-0.067,nan,nan,0,0,0,-0.067,nan,500,fresh
433945,0,0,0,0,0,0,7,0,0,4,19,1,7,0,nan,nan,nan,nan,1.167,nan,nan,1,1,1,1.167,nan,nan,nan,nan,nan,-0.067,nan,nan,0,0,0,-0.067,nan,500,fresh
435015,0,0,0,0,0,0,7,0,0,4,19,1,7,0,nan,nan,nan,nan,1.167,nan,nan,1,1,1,1.167,nan,nan,nan,nan,nan,-0.067,nan,nan,0,0,0,-0.067,nan,500,fresh
436085,0,0,0,0,0,0,7,0,0,4,19,1,7,0,nan,nan,nan,nan,1.167,nan,nan,1,1,1,1.167,nan,nan,nan,nan,nan,-0.067,nan,nan,0,0,0,-0.067,nan,500,fresh
437154,0,0,0,0,0,0,7,0,0,4,19,1,7,0,nan,nan,nan,nan,1.167,nan,nan,1,1,1,1.167,nan,nan,nan,nan,nan,-0.067,nan,nan,0,0,0,-0.067,nan,500,fresh
438224,0,0,0,0,0,0,7,0,0,4,19,1,7,0,nan,nan,nan,nan,1.167,nan,nan,1,1,1,1.167,nan,nan,nan,nan,nan,-0.067,nan,nan,0,0,0,-0.067,nan,500,fresh
50008,0,0,0,0,0,0,7,0,0,4,19,1,7,0,nan,nan,nan,nan,1.167,nan,nan,1,1,1,1.167,nan,nan,nan,nan,nan,-0.067,nan,nan,0,0,0,-0.067,nan,500,fresh
51077,0,0,0,0,0,0,6,0,0,4,19,1,7,0,nan,nan,nan,nan,1,nan,nan,1,1,1,1.167,nan,nan,nan,nan,nan,0,nan,nan,0,0,0,-0.067,nan,500,fresh
52146,0,0,0,0,0,0,7,0,0,4,19,1,7,0,nan,nan,nan,nan,1.167,nan,nan,1,1,1,1.167,nan,nan,nan,nan,nan,-0.067,nan,nan,0,0,0,-0.067,nan,500,fresh
53216,0,0,0,0,0,0,7,0,0,4,19,1,6,0,nan,nan,nan,nan,1.167,nan,nan,1,1,1,1,nan,nan,nan,nan,nan,-0.067,nan,nan,0,0,0,0,nan,500,fresh
54285,0,0,0,0,0,0,7,0,0,4,19,1,7,0,nan,nan,nan,nan,1.167,nan,nan,1,1,1,1.167,nan,nan,nan,nan,nan,-0.067,nan,nan,0,0,0,-0.067,nan,500,fresh
55355,0,0,0,0,0,0,7,0,0,4,19,1,6,0,nan,nan,nan,nan,1.167,nan,nan,1,1,1,1,nan,nan,nan,nan,nan,-0.067,nan,nan,0,0,0,0,nan,500,fresh
56425,0,0,0,0,0,0,7,0,0,4,19,1,7,0,nan,nan,nan,nan,1.167,nan,nan,1,1,1,1.167,nan,nan,nan,nan,nan,-0.067,nan,nan,0,0,0,-0.067,nan,500,fresh
57495,0,0,0,0,0,0,7,0,0,4,19,1,7,0,nan,nan,nan,nan,1.167,nan,nan,1,1,1,1.167,nan,nan,nan,nan,nan,-0.067,nan,nan,0,0,0,-0.067,nan,500,fresh
58564,0,0,0,0,0,0,7,0,0,4,19,1,7,0,nan,nan,nan,nan,1.167,nan,nan,1,1,1,1.167,nan,nan,nan,nan,nan,-0.067,nan,nan,0,0,0,-0.067,nan,500,fresh
59634,0,0,0,0,0,0,7,0,0,4,19,1,7,0,nan,nan,nan,nan,1.167,nan,nan,1,1,1,1.167,nan,nan,nan,nan,nan,-0.067,nan,nan,0,0,0,-0.067,nan,500,fresh
60704,0,0,0,0,0,0,7,0,0,4,19,1,7,0,nan,nan,nan,nan,1.167,nan,nan,1,1,1,1.167,nan,nan,nan,nan,nan,-0.067,nan,nan,0,0,0,-0.067,nan,500,fresh
61774,0,0,0,0,0,0,7,0,0,4,19,1,7,0,nan,nan,nan,nan,1.167,nan,nan,1,1,1,1.167,nan,nan,nan,nan,nan,-0.067,nan,nan,0,0,0,-0.067,nan,500,fresh
62844,0,0,0,0,0,0,6,0,0,4,19,1,7,0,nan,nan,nan,nan,1,nan,nan,1,1,1,1.167,nan,nan,nan,nan,nan,0,nan,nan,0,0,0,-0.067,nan,500,fresh
63913,0,0,0,0,0,0,7,0,0,4,19,1,7,0,nan,nan,nan,nan,1.167,nan,nan,1,1,1,1.167,nan,nan,nan,nan,nan,-0.067,nan,nan,0,0,0,-0.067,nan,500,fresh
64983,0,0,0,0,0,0,7,0,0,4,19,1,7,0,nan,nan,nan,nan,1.167,nan,nan,1,1,1,1.167,nan,nan,nan,nan,nan,-0.067,nan,nan,0,0,0,-0.067,nan,500,fresh
66053,0,0,0,0,0,0,7,0,0,4,19,1,7,0,nan,nan,nan,nan,1.167,nan,nan,1,1,1,1.167,nan,nan,nan,nan,nan,-0.067,nan,nan,0,0,0,-0.067,nan,500,fresh
67123,0,0,0,0,0,0,7,0,0,4,19,1,7,0,nan,nan,nan,nan,1.167,nan,nan,1,1,1,1.167,nan,nan,nan,nan,nan,-0.067,nan,nan,0,0,0,-0.067,nan,500,fresh
68193,0,0,0,0,0,0,7,0,0,4,19,1,7,0,nan,nan,nan,nan,1.167,nan,nan,1,1,1,1.167,nan,nan,nan,nan,nan,-0.067,nan,nan,0,0,0,-0.067,nan,500,fresh
69263,0,0,0,0,0,0,7,0,0,4,19,1,7,0,nan,nan,nan,nan,1.167,nan,nan,1,1,1,1.167,nan,nan,nan,nan,nan,-0.067,nan,nan,0,0,0,-0.067,nan,500,fresh
70333,0,0,0,0,0,0,7,0,0,4,19,1,7,0,nan,nan,nan,nan,1.167,nan,nan,1,1,1,1.167,nan,nan,nan,nan,nan,-0.067,nan,nan,0,0,0,-0.067,nan,500,fresh
71403,0,0,0,0,0,0,7,0,0,4,19,1,7,0,nan,nan,nan,nan,1.167,nan,nan,1,1,1,1.167,nan,nan,nan,nan,nan,-0.067,nan,nan,0,0,0,-0.067,nan,500,fresh
72473,0,0,0,0,0,0,6,0,0,4,19,1,7,0,nan,nan,nan,nan,1,nan,nan,1,1,1,1.167,nan,nan,nan,nan,nan,0,nan,nan,0,0,0,-0.067,nan,500,fresh
73542,0,0,0,0,0,0,7,0,0,4,19,1,6,0,nan,nan,nan,nan,1.167,nan,nan,1,1,1,1,nan,nan,nan,nan,nan,-0.067,nan,nan,0,0,0,0,nan,500,fresh
74611,0,0,0,0,0,0,7,0,0,4,19,1,7,0,nan,nan,nan,nan,1.167,nan,nan,1,1,1,1.167,nan,nan,nan,nan,nan,-0.067,nan,nan,0,0,0,-0.067,nan,500,fresh
75681,0,0,0,0,0,0,7,0,0,4,19,1,7,0,nan,nan,nan,nan,1.167,nan,nan,1,1,1,1.167,nan,nan,nan,nan,nan,-0.067,nan,nan,0,0,0,-0.067,nan,500,fresh
76751,0,0,0,0,0,0,7,0,0,4,19,1,7,0,nan,nan,nan,nan,1.167,nan,nan,1,1,1,1.167,nan,nan,nan,nan,nan,-0.067,nan,nan,0,0,0,-0.067,nan,500,fresh
77821,0,0,0,0,0,0,7,0,0,4,19,1,7,0,nan,nan,nan,nan,1.167,nan,nan,1,1,1,1.167,nan,nan,nan,nan,nan,-0.067,nan,nan,0,0,0,-0.067,nan,500,fresh
78891,0,0,0,0,0,0,7,0,0,4,19,1,7,0,nan,nan,nan,nan,1.167,nan,nan,1,1,1,1.167,nan,nan,nan,nan,nan,-0.067,nan,nan,0,0,0,-0.067,nan,500,fresh
79960,0,0,0,0,0,0,7,0,0,4,19,1,6,0,nan,nan,nan,nan,1.167,nan,nan,1,1,1,1,nan,nan,nan,nan,nan,-0.067,nan,nan,0,0,0,0,nan,500,fresh
81030,0,0,0,0,0,0,6,0,0,4,19,1,7,0,nan,nan,nan,nan,1,nan,nan,1,1,1,1.167,nan,nan,nan,nan,nan,0,nan,nan,0,0,0,-0.067,nan,500,fresh
82099,0,0,0,0,0,0,7,0,0,4,19,1,7,0,nan,nan,nan,nan,1.167,nan,nan,1,1,1,1.167,nan,nan,nan,nan,nan,-0.067,nan,nan,0,0,0,-0.067,nan,500,fresh
83168,0,0,0,0,0,0,7,0,0,4,19,1,7,0,nan,nan,nan,nan,1.167,nan,nan,1,1,1,1.167,nan,nan,nan,nan,nan,-0.067,nan,nan,0,0,0,-0.067,nan,500,fresh
84238,0,0,0,0,0,0,7,0,0,4,19,1,6,0,nan,nan,nan,nan,1.167,nan,nan,1,1,1,1,nan,nan,nan,nan,nan,-0.067,nan,nan,0,0,0,0,nan,500,fresh
85308,0,0,0,0,0,0,7,0,0,4,19,1,7,0,nan,nan,nan,nan,1.167,nan,nan,1,1,1,1.167,nan,nan,nan,nan,nan,-0.067,nan,nan,0,0,0,-0.067,nan,500,fresh
86377,0,0,0,0,0,0,7,0,0,4,19,1,7,0,nan,nan,nan,nan,1.167,nan,nan,1,1,1,1.167,nan,nan,nan,nan,nan,-0.067,nan,nan,0,0,0,-0.067,nan,500,fresh
87447,0,0,0,0,0,0,7,0,0,4,19,1,7,0,nan,nan,nan,nan,1.167,nan,nan,1,1,1,1.167,nan,nan,nan,nan,nan,-0.067,nan,nan,0,0,0,-0.067,nan,500,fresh
88516,0,0,0,0,0,0,6,0,0,4,19,1,7,0,nan,nan,nan,nan,1,nan,nan,1,1,1,1.167,nan,nan,nan,nan,nan,0,nan,nan,0,0,0,-0.067,nan,500,fresh
89586,0,0,0,0,0,0,7,0,0,4,19,1,7,0,nan,nan,nan,nan,1.167,nan,nan,1,1,1,1.167,nan,nan,nan,nan,nan,-0.067,nan,nan,0,0,0,-0.067,nan,500,fresh
90655,0,0,0,0,0,0,7,0,0,4,19,1,7,0,nan,nan,nan,nan,1.167,nan,nan,1,1,1,1.167,nan,nan,nan,nan,nan,-0.067,nan,nan,0,0,0,-0.067,nan,500,fresh
91723,0,0,0,0,0,0,7,0,0,4,19,1,7,0,nan,nan,nan,nan,1.167,nan,nan,1,1,1,1.167,nan,nan,nan,nan,nan,-0.067,nan,nan,0,0,0,-0.067,nan,500,fresh
92792,0,0,0,0,0,0,7,0,0,4,19,1,7,0,nan,nan,nan,nan,1.167,nan,nan,1,1,1,1.167,nan,nan,nan,nan,nan,-0.067,nan,nan,0,0,0,-0.067,nan,500,fresh
93862,0,0,0,0,0,0,6,0,0,4,19,1,7,0,nan,nan,nan,nan,1,nan,nan,1,1,1,1.167,nan,nan,nan,nan,nan,0,nan,nan,0,0,0,-0.067,nan,500,fresh
94931,0,0,0,0,0,0,7,0,0,4,19,1,7,0,nan,nan,nan,nan,1.167,nan,nan,1,1,1,1.167,nan,nan,nan,nan,nan,-0.067,nan,nan,0,0,0,-0.067,nan,500,fresh
96000,0,0,0,0,0,0,7,0,0,4,19,1,7,0,nan,nan,nan,nan,1.167,nan,nan,1,1,1,1.167,nan,nan,nan,nan,nan,-0.067,nan,nan,0,0,0,-0.067,nan,500,fresh
97069,0,0,0,0,0,0,7,0,0,4,19,1,7,0,nan,nan,nan,nan,1.167,nan,nan,1,1,1,1.167,nan,nan,nan,nan,nan,-0.067,nan,nan,0,0,0,-0.067,nan,500,fresh
98138,0,0,0,0,0,0,7,0,0,4,19,1,7,0,nan,nan,nan,nan,1.167,nan,nan,1,1,1,1.167,nan,nan,nan,nan,nan,-0.067,nan,nan,0,0,0,-0.067,nan,500,fresh
99207,0,0,0,0,0,0,7,0,0,4,19,1,7,0,nan,nan,nan,nan,1.167,nan,nan,1,1,1,1.167,nan,nan,nan,nan,nan,-0.067,nan,nan,0,0,0,-0.067,nan,500,fresh
100276,0,0,0,0,0,0,7,0,0,4,19,1,7,0,nan,nan,nan,nan,1.167,nan,nan,1,1,1,1.167,nan,nan,nan,nan,nan,-0.067,nan,nan,0,0,0,-0.067,nan,500,fresh
101346,0,0,0,0,0,0,7,0,0,4,19,1,7,0,nan,nan,nan,nan,1.167,nan,nan,1,1,1,1.167,nan,nan,nan,nan,nan,-0.067,nan,nan,0,0,0,-0.067,nan,500,fresh
102416,0,0,0,0,0,0,7,0,0,4,19,1,7,0,nan,nan,nan,nan,1.167,nan,nan,1,1,1,1.167,nan,nan,nan,nan,nan,-0.067,nan,nan,0,0,0,-0.067,nan,500,fresh
103485,0,0,0,0,0,0,7,0,0,3,19,1,7,0,nan,nan,nan,nan,1.167,nan,nan,0.75,1,1,1.167,nan,nan,nan,nan,nan,-0.067,nan,nan,0.125,0,0,-0.067,nan,500,fresh
104555,0,0,0,0,0,0,6,0,0,4,19,1,7,0,nan,nan,nan,nan,1,nan,nan,1,1,1,1.167,nan,nan,nan,nan,nan,0,nan,nan,0,0,0,-0.067,nan,500,fresh
105625,0,0,0,0,0,0,7,0,0,4,19,1,7,0,nan,nan,nan,nan,1.167,nan,nan,1,1,1,1.167,nan,nan,nan,nan,nan,-0.067,nan,nan,0,0,0,-0.067,nan,500,fresh
106694,0,0,0,0,0,0,7,0,0,4,19,1,7,0,nan,nan,nan,nan,1.167,nan,nan,1,1,1,1.167,nan,nan,nan,nan,nan,-0.067,nan,nan,0,0,0,-0.067,nan,500,fresh
107763,0,0,0,0,0,0,7,0,0,4,19,1,7,0,nan,nan,nan,nan,1.167,nan,nan,1,1,1,1.167,nan,nan,nan,nan,nan,-0.067,nan,nan,0,0,0,-0.067,nan,500,fresh
108833,0,0,0,0,0,0,7,0,0,4,19,1,7,0,nan,nan,nan,nan,1.167,nan,nan,1,1,1,1.167,nan,nan,nan,nan,nan,-0.067,nan,nan,0,0,0,-0.067,nan,500,fresh
109903,0,0,0,0,0,0,7,0,0,4,19,1,7,0,nan,nan,nan,nan,1.167,nan,nan,1,1,1,1.167,nan,nan,nan,nan,nan,-0.067,nan,nan,0,0,0,-0.067,nan,500,fresh
110971,0,0,0,0,0,0,7,0,0,4,19,1,7,0,nan,nan,nan,nan,1.167,nan,nan,1,1,1,1.167,nan,nan,nan,nan,nan,-0.067,nan,nan,0,0,0,-0.067,nan,500,fresh
112041,0,0,0,0,0,0,7,0,0,4,19,1,7,0,nan,nan,nan,nan,1.167,nan,nan,1,1,1,1.167,nan,nan,nan,nan,nan,-0.067,nan,nan,0,0,0,-0.067,nan,500,fresh
113111,0,0,0,0,0,0,7,0,0,4,19,1,7,0,nan,nan,nan,nan,1.167,nan,nan,1,1,1,1.167,nan,nan,nan,nan,nan,-0.067,nan,nan,0,0,0,-0.067,nan,500,fresh
114180,0,0,0,0,0,0,7,0,0,4,19,1,7,0,nan,nan,nan,nan,1.167,nan,nan,1,1,1,1.167,nan,nan,nan,nan,nan,-0.067,nan,nan,0,0,0,-0.067,nan,500,fresh
115250,0,0,0,0,0,0,7,0,0,4,19,1,7,0,nan,nan,nan,nan,1.167,nan,nan,1,1,1,1.167,nan,nan,nan,nan,nan,-0.067,nan,nan,0,0,0,-0.067,nan,500,fresh
116319,0,0,0,0,0,0,7,0,0,4,19,1,7,0,nan,nan,nan,nan,1.167,nan,nan,1,1,1,1.167,nan,nan,nan,nan,nan,-0.067,nan,nan,0,0,0,-0.067,nan,500,fresh
117388,0,0,0,0,0,0,7,0,0,4,19,1,7,0,nan,nan,nan,nan,1.167,nan,nan,1,1,1,1.167,nan,nan,nan,nan,nan,-0.067,nan,nan,0,0,0,-0.067,nan,500,fresh
118457,0,0,0,0,0,0,7,0,0,4,19,1,7,0,nan,nan,nan,nan,1.167,nan,nan,1,1,1,1.167,nan,nan,nan,nan,nan,-0.067,nan,nan,0,0,0,-0.067,nan,500,fresh
119526,0,0,0,0,0,0,7,0,0,4,19,1,7,0,nan,nan,nan,nan,1.167,nan,nan,1,1,1,1.167,nan,nan,nan,nan,nan,-0.067,nan,nan,0,0,0,-0.067,nan,500,fresh
120596,0,0,0,0,0,0,7,0,0,4,19,1,7,0,nan,nan,nan,nan,1.167,nan,nan,1,1,1,1.167,nan,nan,nan,nan,nan,-0.067,nan,nan,0,0,0,-0.067,nan,500,fresh
121664,0,0,0,0,0,0,7,0,0,4,19,1,7,0,nan,nan,nan,nan,1.167,nan,nan,1,1,1,1.167,nan,nan,nan,nan,nan,-0.067,nan,nan,0,0,0,-0.067,nan,500,fresh
122733,0,0,0,0,0,0,6,0,0,4,19,1,7,0,nan,nan,nan,nan,1,nan,nan,1,1,1,1.167,nan,nan,nan,nan,nan,0,nan,nan,0,0,0,-0.067,nan,500,fresh
123803,0,0,0,0,0,0,7,0,0,4,19,1,7,0,nan,nan,nan,nan,1.167,nan,nan,1,1,1,1.167,nan,nan,nan,nan,nan,-0.067,nan,nan,0,0,0,-0.067,nan,500,fresh
124872,0,0,0,0,0,0,7,0,0,4,19,1,7,0,nan,nan,nan,nan,1.167,nan,nan,1,1,1,1.167,nan,nan,nan,nan,nan,-0.067,nan,nan,0,0,0,-0.067,nan,500,fresh
125941,0,0,0,0,0,0,7,0,0,4,19,1,7,0,nan,nan,nan,nan,1.167,nan,nan,1,1,1,1.167,nan,nan,nan,nan,nan,-0.067,nan,nan,0,0,0,-0.067,nan,500,fresh
127011,0,0,0,0,0,0,7,0,0,4,19,1,7,0,nan,nan,nan,nan,1.167,nan,nan,1,1,1,1.167,nan,nan,nan,nan,nan,-0.067,nan,nan,0,0,0,-0.067,nan,500,fresh
128081,0,0,0,0,0,0,7,0,0,4,19,1,7,0,nan,nan,nan,nan,1.167,nan,nan,1,1,1,1.167,nan,nan,nan,nan,nan,-0.067,nan,nan,0,0,0,-0.067,nan,500,fresh
129149,0,0,0,0,0,0,7,0,0,4,19,1,7,0,nan,nan,nan,nan,1.167,nan,nan,1,1,1,1.167,nan,nan,nan,nan,nan,-0.067,nan,nan,0,0,0,-0.067,nan,500,fresh
130219,0,0,0,0,0,0,7,0,0,4,19,1,7,0,nan,nan,nan,nan,1.167,nan,nan,1,1,1,1.167,nan,nan,nan,nan,nan,-0.067,nan,nan,0,0,0,-0.067,nan,500,fresh
131289,0,0,0,0,0,0,7,0,0,4,19,1,7,0,nan,nan,nan,nan,1.167,nan,nan,1,1,1,1.167,nan,nan,nan,nan,nan,-0.067,nan,nan,0,0,0,-0.067,nan,500,fresh
132359,0,0,0,0,0,0,7,0,0,4,19,1,6,0,nan,nan,nan,nan,1.167,nan,nan,1,1,1,1,nan,nan,nan,nan,nan,-0.067,nan,nan,0,0,0,0,nan,500,fresh
133429,0,0,0,0,0,0,7,0,0,4,19,1,7,0,nan,nan,nan,nan,1.167,nan,nan,1,1,1,1.167,nan,nan,nan,nan,nan,-0.067,nan,nan,0,0,0,-0.067,nan,500,fresh
134497,0,0,0,0,0,0,7,0,0,4,19,1,7,0,nan,nan,nan,nan,1.167,nan,nan,1,1,1,1.167,nan,nan,nan,nan,nan,-0.067,nan,nan,0,0,0,-0.067,nan,500,fresh
135567,0,0,0,0,0,0,7,0,0,4,19,1,7,0,nan,nan,nan,nan,1.167,nan,nan,1,1,1,1.167,nan,nan,nan,nan,nan,-0.067,nan,nan,0,0,0,-0.067,nan,500,fresh
136637,0,0,0,0,0,0,7,0,0,4,19,1,7,0,nan,nan,nan,nan,1.167,nan,nan,1,1,1,1.167,nan,nan,nan,nan,nan,-0.067,nan,nan,0,0,0,-0.067,nan,500,fresh
137707,0,0,0,0,0,0,7,0,0,4,19,1,7,0,nan,nan,nan,nan,1.167,nan,nan,1,1,1,1.167,nan,nan,nan,nan,nan,-0.067,nan,nan,0,0,0,-0.067,nan,500,fresh
138776,0,0,0,0,0,0,7,0,0,4,19,1,7,0,nan,nan,nan,nan,1.167,nan,nan,1,1,1,1.167,nan,nan,nan,nan,nan,-0.067,nan,nan,0,0,0,-0.067,nan,500,fresh
139845,0,0,0,0,0,0,7,0,0,4,19,1,7,0,nan,nan,nan,nan,1.167,nan,nan,1,1,1,1.167,nan,nan,nan,nan,nan,-0.067,nan,nan,0,0,0,-0.067,nan,500,fresh
140915,0,0,0,0,0,0,7,0,0,4,19,1,7,0,nan,nan,nan,nan,1.167,nan,nan,1,1,1,1.167,nan,nan,nan,nan,nan,-0.067,nan,nan,0,0,0,-0.067,nan,500,fresh
141984,0,0,0,0,0,0,7,0,0,4,19,1,7,0,nan,nan,nan,nan,1.167,nan,nan,1,1,1,1.167,nan,nan,nan,nan,nan,-0.067,nan,nan,0,0,0,-0.067,nan,500,fresh
143054,0,0,0,0,0,0,7,0,0,4,19,1,7,0,nan,nan,nan,nan,1.167,nan,nan,1,1,1,1.167,nan,nan,nan,nan,nan,-0.067,nan,nan,0,0,0,-0.067,nan,500,fresh
144124,0,0,0,0,0,0,7,0,0,4,19,1,7,0,nan,nan,nan,nan,1.167,nan,nan,1,1,1,1.167,nan,nan,nan,nan,nan,-0.067,nan,nan,0,0,0,-0.067,nan,500,fresh
145194,0,0,0,0,0,0,7,0,0,4,19,1,7,0,nan,nan,nan,nan,1.167,nan,nan,1,1,1,1.167,nan,nan,nan,nan,nan,-0.067,nan,nan,0,0,0,-0.067,nan,500,fresh
146264,0,0,0,0,0,0,7,0,0,4,19,1,7,0,nan,nan,nan,nan,1.167,nan,nan,1,1,1,1.167,nan,nan,nan,nan,nan,-0.067,nan,nan,0,0,0,-0.067,nan,500,fresh
147332,0,0,0,0,0,0,7,0,0,4,19,1,7,0,nan,nan,nan,nan,1.167,nan,nan,1,1,1,1.167,nan,nan,nan,nan,nan,-0.067,nan,nan,0,0,0,-0.067,nan,500,fresh
148402,0,0,0,0,0,0,7,0,0,4,19,1,7,0,nan,nan,nan,nan,1.167,nan,nan,1,1,1,1.167,nan,nan,nan,nan,nan,-0.067,nan,nan,0,0,0,-0.067,nan,500,fresh
149471,0,0,0,0,0,0,7,0,0,4,19,1,7,0,nan,nan,nan,nan,1.167,nan,nan,1,1,1,1.167,nan,nan,nan,nan,nan,-0.067,nan,nan,0,0,0,-0.067,nan,500,fresh
150541,0,0,0,0,0,0,7,0,0,4,19,1,7,0,nan,nan,nan,nan,1.167,nan,nan,1,1,1,1.167,nan,nan,nan,nan,nan,-0.067,nan,nan,0,0,0,-0.067,nan,500,fresh
151611,0,0,0,0,0,0,7,0,0,4,19,1,7,0,nan,nan,nan,nan,1.167,nan,nan,1,1,1,1.167,nan,nan,nan,nan,nan,-0.067,nan,nan,0,0,0,-0.067,nan,500,fresh
152680,0,0,0,0,0,0,7,0,0,4,19,1,7,0,nan,nan,nan,nan,1.167,nan,nan,1,1,1,1.167,nan,nan,nan,nan,nan,-0.067,nan,nan,0,0,0,-0.067,nan,500,fresh
153750,0,0,0,0,0,0,7,0,0,4,19,1,7,0,nan,nan,nan,nan,1.167,nan,nan,1,1,1,1.167,nan,nan,nan,nan,nan,-0.067,nan,nan,0,0,0,-0.067,nan,500,fresh
154820,0,0,0,0,0,0,7,0,0,4,19,1,7,0,nan,nan,nan,nan,1.167,nan,nan,1,1,1,1.167,nan,nan,nan,nan,nan,-0.067,nan,nan,0,0,0,-0.067,nan,500,fresh
155890,0,0,0,0,0,0,7,0,0,4,19,1,7,0,nan,nan,nan,nan,1.167,nan,nan,1,1,1,1.167,nan,nan,nan,nan,nan,-0.067,nan,nan,0,0,0,-0.067,nan,500,fresh
156960,0,0,0,0,0,0,7,0,0,4,19,1,7,0,nan,nan,nan,nan,1.167,nan,nan,1,1,1,1.167,nan,nan,nan,nan,nan,-0.067,nan,nan,0,0,0,-0.067,nan,500,fresh
158030,0,0,0,0,0,0,7,0,0,4,19,1,7,0,nan,nan,nan,nan,1.167,nan,nan,1,1,1,1.167,nan,nan,nan,nan,nan,-0.067,nan,nan,0,0,0,-0.067,nan,500,fresh
159100,0,0,0,0,0,0,7,0,0,4,19,1,6,0,nan,nan,nan,nan,1.167,nan,nan,1,1,1,1,nan,nan,nan,nan,nan,-0.067,nan,nan,0,0,0,0,nan,500,fresh
160168,0,0,0,0,0,0,7,0,0,4,19,1,7,0,nan,nan,nan,nan,1.167,nan,nan,1,1,1,1.167,nan,nan,nan,nan,nan,-0.067,nan,nan,0,0,0,-0.067,nan,500,fresh
161237,0,0,0,0,0,0,7,0,0,4,19,1,7,0,nan,nan,nan,nan,1.167,nan,nan,1,1,1,1.167,nan,nan,nan,nan,nan,-0.067,nan,nan,0,0,0,-0.067,nan,500,fresh
162306,0,0,0,0,0,0,7,0,0,4,19,1,7,0,nan,nan,nan,nan,1.167,nan,nan,1,1,1,1.167,nan,nan,nan,nan,nan,-0.067,nan,nan,0,0,0,-0.067,nan,500,fresh
163376,0,0,0,0,0,0,7,0,0,4,19,1,7,0,nan,nan,nan,nan,1.167,nan,nan,1,1,1,1.167,nan,nan,nan,nan,nan,-0.067,nan,nan,0,0,0,-0.067,nan,500,fresh
164444,0,0,0,0,0,0,7,0,0,4,19,1,7,0,nan,nan,nan,nan,1.167,nan,nan,1,1,1,1.167,nan,nan,nan,nan,nan,-0.067,nan,nan,0,0,0,-0.067,nan,500,fresh
165513,0,0,0,0,0,0,7,0,0,4,19,1,7,0,nan,nan,nan,nan,1.167,nan,nan,1,1,1,1.167,nan,nan,nan,nan,nan,-0.067,nan,nan,0,0,0,-0.067,nan,500,fresh
166583,0,0,0,0,0,0,7,0,0,4,19,1,7,0,nan,nan,nan,nan,1.167,nan,nan,1,1,1,1.167,nan,nan,nan,nan,nan,-0.067,nan,nan,0,0,0,-0.067,nan,500,fresh
167652,0,0,0,0,0,0,7,0,0,4,19,1,7,0,nan,nan,nan,nan,1.167,nan,nan,1,1,1,1.167,nan,nan,nan,nan,nan,-0.067,nan,nan,0,0,0,-0.067,nan,500,fresh
168722,0,0,0,0,0,0,7,0,0,4,19,1,7,0,nan,nan,nan,nan,1.167,nan,nan,1,1,1,1.167,nan,nan,nan,nan,nan,-0.067,nan,nan,0,0,0,-0.067,nan,500,fresh
169792,0,0,0,0,0,0,7,0,0,4,19,1,7,0,nan,nan,nan,nan,1.167,nan,nan,1,1,1,1.167,nan,nan,nan,nan,nan,-0.067,nan,nan,0,0,0,-0.067,nan,500,fresh
170862,0,0,0,0,0,0,7,0,0,4,19,1,7,0,nan,nan,nan,nan,1.167,nan,nan,1,1,1,1.167,nan,nan,nan,nan,nan,-0.067,nan,nan,0,0,0,-0.067,nan,500,fresh
171932,0,0,0,0,0,0,6,0,0,4,19,1,7,0,nan,nan,nan,nan,1,nan,nan,1,1,1,1.167,nan,nan,nan,nan,nan,0,nan,nan,0,0,0,-0.067,nan,500,fresh
173002,0,0,0,0,0,0,7,0,0,4,19,1,7,0,nan,nan,nan,nan,1.167,nan,nan,1,1,1,1.167,nan,nan,nan,nan,nan,-0.067,nan,nan,0,0,0,-0.067,nan,500,fresh
174072,0,0,0,0,0,0,7,0,0,4,19,1,7,0,nan,nan,nan,nan,1.167,nan,nan,1,1,1,1.167,nan,nan,nan,nan,nan,-0.067,nan,nan,0,0,0,-0.067,nan,500,fresh
175140,0,0,0,0,0,0,6,0,0,4,19,1,7,0,nan,nan,nan,nan,1,nan,nan,1,1,1,1.167,nan,nan,nan,nan,nan,0,nan,nan,0,0,0,-0.067,nan,500,fresh
176210,0,0,0,0,0,0,7,0,0,4,19,1,7,0,nan,nan,nan,nan,1.167,nan,nan,1,1,1,1.167,nan,nan,nan,nan,nan,-0.067,nan,nan,0,0,0,-0.067,nan,500,fresh
177280,0,0,0,0,0,0,7,0,0,4,19,1,7,0,nan,nan,nan,nan,1.167,nan,nan,1,1,1,1.167,nan,nan,nan,nan,nan,-0.067,nan,nan,0,0,0,-0.067,nan,500,fresh
178350,0,0,0,0,0,0,6,0,0,4,19,1,7,0,nan,nan,nan,nan,1,nan,nan,1,1,1,1.167,nan,nan,nan,nan,nan,0,nan,nan,0,0,0,-0.067,nan,500,fresh
179419,0,0,0,0,0,0,7,0,0,4,19,1,7,0,nan,nan,nan,nan,1.167,nan,nan,1,1,1,1.167,nan,nan,nan,nan,nan,-0.067,nan,nan,0,0,0,-0.067,nan,500,fresh
180488,0,0,0,0,0,0,7,0,0,4,19,1,7,0,nan,nan,nan,nan,1.167,nan,nan,1,1,1,1.167,nan,nan,nan,nan,nan,-0.067,nan,nan,0,0,0,-0.067,nan,500,fresh
181557,0,0,0,0,0,0,7,0,0,4,19,1,7,0,nan,nan,nan,nan,1.167,nan,nan,1,1,1,1.167,nan,nan,nan,nan,nan,-0.067,nan,nan,0,0,0,-0.067,nan,500,fresh
182627,0,0,0,0,0,0,7,0,0,4,19,1,7,0,nan,nan,nan,nan,1.167,nan,nan,1,1,1,1.167,nan,nan,nan,nan,nan,-0.067,nan,nan,0,0,0,-0.067,nan,500,fresh
183697,0,0,0,0,0,0,7,0,0,4,19,1,7,0,nan,nan,nan,nan,1.167,nan,nan,1,1,1,1.167,nan,nan,nan,nan,nan,-0.067,nan,nan,0,0,0,-0.067,nan,500,fresh
184766,0,0,0,0,0,0,7,0,0,4,19,1,7,0,nan,nan,nan,nan,1.167,nan,nan,1,1,1,1.167,nan,nan,nan,nan,nan,-0.067,nan,nan,0,0,0,-0.067,nan,500,fresh
185836,0,0,0,0,0,0,7,0,0,4,19,1,7,0,nan,nan,nan,nan,1.167,nan,nan,1,1,1,1.167,nan,nan,nan,nan,nan,-0.067,nan,nan,0,0,0,-0.067,nan,500,fresh
186906,0,0,0,0,0,0,7,0,0,4,19,1,7,0,nan,nan,nan,nan,1.167,nan,nan,1,1,1,1.167,nan,nan,nan,nan,nan,-0.067,nan,nan,0,0,0,-0.067,nan,500,fresh
187976,0,0,0,0,0,0,7,0,0,4,19,1,6,0,nan,nan,nan,nan,1.167,nan,nan,1,1,1,1,nan,nan,nan,nan,nan,-0.067,nan,nan,0,0,0,0,nan,500,fresh
189046,0,0,0,0,0,0,7,0,0,4,19,1,6,0,nan,nan,nan,nan,1.167,nan,nan,1,1,1,1,nan,nan,nan,nan,nan,-0.067,nan,nan,0,0,0,0,nan,500,fresh
190115,0,0,0,0,0,0,6,0,0,4,19,1,7,0,nan,nan,nan,nan,1,nan,nan,1,1,1,1.167,nan,nan,nan,nan,nan,0,nan,nan,0,0,0,-0.067,nan,500,fresh
191185,0,0,0,0,0,0,7,0,0,4,19,1,6,0,nan,nan,nan,nan,1.167,nan,nan,1,1,1,1,nan,nan,nan,nan,nan,-0.067,nan,nan,0,0,0,0,nan,500,fresh
192255,0,0,0,0,0,0,7,0,0,4,19,1,7,0,nan,nan,nan,nan,1.167,nan,nan,1,1,1,1.167,nan,nan,nan,nan,nan,-0.067,nan,nan,0,0,0,-0.067,nan,500,fresh
193324,0,0,0,0,0,0,7,0,0,4,19,1,7,0,nan,nan,nan,nan,1.167,nan,nan,1,1,1,1.167,nan,nan,nan,nan,nan,-0.067,nan,nan,0,0,0,-0.067,nan,500,fresh
194394,0,0,0,0,0,0,7,0,0,4,19,1,7,0,nan,nan,nan,nan,1.167,nan,nan,1,1,1,1.167,nan,nan,nan,nan,nan,-0.067,nan,nan,0,0,0,-0.067,nan,500,fresh
195464,0,0,0,0,0,0,7,0,0,4,19,1,7,0,nan,nan,nan,nan,1.167,nan,nan,1,1,1,1.167,nan,nan,nan,nan,nan,-0.067,nan,nan,0,0,0,-0.067,nan,500,fresh
196534,0,0,0,0,0,0,7,0,0,4,19,1,7,0,nan,nan,nan,nan,1.167,nan,nan,1,1,1,1.167,nan,nan,nan,nan,nan,-0.067,nan,nan,0,0,0,-0.067,nan,500,fresh
197604,0,0,0,0,0,0,7,0,0,4,19,1,7,0,nan,nan,nan,nan,1.167,nan,nan,1,1,1,1.167,nan,nan,nan,nan,nan,-0.067,nan,nan,0,0,0,-0.067,nan,500,fresh
198673,0,0,0,0,0,0,7,0,0,4,19,1,7,0,nan,nan,nan,nan,1.167,nan,nan,1,1,1,1.167,nan,nan,nan,nan,nan,-0.067,nan,nan,0,0,0,-0.067,nan,500,fresh
199741,0,0,0,0,0,0,6,0,0,4,19,1,7,0,nan,nan,nan,nan,1,nan,nan,1,1,1,1.167,nan,nan,nan,nan,nan,0,nan,nan,0,0,0,-0.067,nan,500,fresh
200810,0,0,0,0,0,0,7,0,0,4,19,1,7,0,nan,nan,nan,nan,1.167,nan,nan,1,1,1,1.167,nan,nan,nan,nan,nan,-0.067,nan,nan,0,0,0,-0.067,nan,500,fresh
201880,0,0,0,0,0,0,7,0,0,4,19,1,7,0,nan,nan,nan,nan,1.167,nan,nan,1,1,1,1.167,nan,nan,nan,nan,nan,-0.067,nan,nan,0,0,0,-0.067,nan,500,fresh
202950,0,0,0,0,0,0,7,0,0,4,19,1,7,0,nan,nan,nan,nan,1.167,nan,nan,1,1,1,1.167,nan,nan,nan,nan,nan,-0.067,nan,nan,0,0,0,-0.067,nan,500,fresh
204019,0,0,0,0,0,0,7,0,0,4,19,1,7,0,nan,nan,nan,nan,1.167,nan,nan,1,1,1,1.167,nan,nan,nan,nan,nan,-0.067,nan,nan,0,0,0,-0.067,nan,500,fresh
205089,0,0,0,0,0,0,7,0,0,4,19,1,6,0,nan,nan,nan,nan,1.167,nan,nan,1,1,1,1,nan,nan,nan,nan,nan,-0.067,nan,nan,0,0,0,0,nan,500,fresh
206159,0,0,0,0,0,0,7,0,0,4,19,1,7,0,nan,nan,nan,nan,1.167,nan,nan,1,1,1,1.167,nan,nan,nan,nan,nan,-0.067,nan,nan,0,0,0,-0.067,nan,500,fresh
207228,0,0,0,0,0,0,7,0,0,4,19,1,7,0,nan,nan,nan,nan,1.167,nan,nan,1,1,1,1.167,nan,nan,nan,nan,nan,-0.067,nan,nan,0,0,0,-0.067,nan,500,fresh
208298,0,0,0,0,0,0,7,0,0,4,19,1,6,0,nan,nan,nan,nan,1.167,nan,nan,1,1,1,1,nan,nan,nan,nan,nan,-0.067,nan,nan,0,0,0,0,nan,500,fresh
209368,0,0,0,0,0,0,7,0,0,4,19,1,7,0,nan,nan,nan,nan,1.167,nan,nan,1,1,1,1.167,nan,nan,nan,nan,nan,-0.067,nan,nan,0,0,0,-0.067,nan,500,fresh
210437,0,0,0,0,0,0,7,0,0,4,19,1,7,0,nan,nan,nan,nan,1.167,nan,nan,1,1,1,1.167,nan,nan,nan,nan,nan,-0.067,nan,nan,0,0,0,-0.067,nan,500,fresh
211507,0,0,0,0,0,0,6,0,0,4,19,1,7,0,nan,nan,nan,nan,1,nan,nan,1,1,1,1.167,nan,nan,nan,nan,nan,0,nan,nan,0,0,0,-0.067,nan,500,fresh
212576,0,0,0,0,0,0,6,0,0,4,19,1,7,0,nan,nan,nan,nan,1,nan,nan,1,1,1,1.167,nan,nan,nan,nan,nan,0,nan,nan,0,0,0,-0.067,nan,500,fresh
213644,0,0,0,0,0,0,7,0,0,4,19,1,6,0,nan,nan,nan,nan,1.167,nan,nan,1,1,1,1,nan,nan,nan,nan,nan,-0.067,nan,nan,0,0,0,0,nan,500,fresh
214713,0,0,0,0,0,0,7,0,0,4,19,1,7,0,nan,nan,nan,nan,1.167,nan,nan,1,1,1,1.167,nan,nan,nan,nan,nan,-0.067,nan,nan,0,0,0,-0.067,nan,500,fresh
215783,0,0,0,0,0,0,7,0,0,4,19,1,7,0,nan,nan,nan,nan,1.167,nan,nan,1,1,1,1.167,nan,nan,nan,nan,nan,-0.067,nan,nan,0,0,0,-0.067,nan,500,fresh
216853,0,0,0,0,0,0,7,0,0,4,19,1,7,0,nan,nan,nan,nan,1.167,nan,nan,1,1,1,1.167,nan,nan,nan,nan,nan,-0.067,nan,nan,0,0,0,-0.067,nan,500,fresh
217921,0,0,0,0,0,0,7,0,0,4,19,1,6,0,nan,nan,nan,nan,1.167,nan,nan,1,1,1,1,nan,nan,nan,nan,nan,-0.067,nan,nan,0,0,0,0,nan,500,fresh
218990,0,0,0,0,0,0,7,0,0,4,19,1,7,0,nan,nan,nan,nan,1.167,nan,nan,1,1,1,1.167,nan,nan,nan,nan,nan,-0.067,nan,nan,0,0,0,-0.067,nan,500,fresh
220060,0,0,0,0,0,0,6,0,0,4,19,1,7,0,nan,nan,nan,nan,1,nan,nan,1,1,1,1.167,nan,nan,nan,nan,nan,0,nan,nan,0,0,0,-0.067,nan,500,fresh
221130,0,0,0,0,0,0,7,0,0,4,19,1,7,0,nan,nan,nan,nan,1.167,nan,nan,1,1,1,1.167,nan,nan,nan,nan,nan,-0.067,nan,nan,0,0,0,-0.067,nan,500,fresh
222198,0,0,0,0,0,0,7,0,0,4,19,1,7,0,nan,nan,nan,nan,1.167,nan,nan,1,1,1,1.167,nan,nan,nan,nan,nan,-0.067,nan,nan,0,0,0,-0.067,nan,500,fresh
223267,0,0,0,0,0,0,7,0,0,4,19,1,7,0,nan,nan,nan,nan,1.167,nan,nan,1,1,1,1.167,nan,nan,nan,nan,nan,-0.067,nan,nan,0,0,0,-0.067,nan,500,fresh
224337,0,0,0,0,0,0,6,0,0,4,19,1,7,0,nan,nan,nan,nan,1,nan,nan,1,1,1,1.167,nan,nan,nan,nan,nan,0,nan,nan,0,0,0,-0.067,nan,500,fresh
225406,0,0,0,0,0,0,6,0,0,4,19,1,7,0,nan,nan,nan,nan,1,nan,nan,1,1,1,1.167,nan,nan,nan,nan,nan,0,nan,nan,0,0,0,-0.067,nan,500,fresh
226475,0,0,0,0,0,0,7,0,0,4,19,1,7,0,nan,nan,nan,nan,1.167,nan,nan,1,1,1,1.167,nan,nan,nan,nan,nan,-0.067,nan,nan,0,0,0,-0.067,nan,500,fresh
227544,0,0,0,0,0,0,6,0,0,4,19,1,7,0,nan,nan,nan,nan,1,nan,nan,1,1,1,1.167,nan,nan,nan,nan,nan,0,nan,nan,0,0,0,-0.067,nan,500,fresh
228614,0,0,0,0,0,0,7,0,0,4,19,1,7,0,nan,nan,nan,nan,1.167,nan,nan,1,1,1,1.167,nan,nan,nan,nan,nan,-0.067,nan,nan,0,0,0,-0.067,nan,500,fresh
229683,0,0,0,0,0,0,7,0,0,3,19,1,7,0,nan,nan,nan,nan,1.167,nan,nan,0.75,1,1,1.167,nan,nan,nan,nan,nan,-0.067,nan,nan,0.125,0,0,-0.067,nan,500,fresh
230752,0,0,0,0,0,0,6,0,0,4,19,1,6,0,nan,nan,nan,nan,1,nan,nan,1,1,1,1,nan,nan,nan,nan,nan,0,nan,nan,0,0,0,0,nan,500,fresh
231822,0,0,0,0,0,0,7,0,0,4,19,1,7,0,nan,nan,nan,nan,1.167,nan,nan,1,1,1,1.167,nan,nan,nan,nan,nan,-0.067,nan,nan,0,0,0,-0.067,nan,500,fresh
232892,0,0,0,0,0,0,7,0,0,4,19,1,7,0,nan,nan,nan,nan,1.167,nan,nan,1,1,1,1.167,nan,nan,nan,nan,nan,-0.067,nan,nan,0,0,0,-0.067,nan,500,fresh
233962,0,0,0,0,0,0,6,0,0,4,19,1,7,0,nan,nan,nan,nan,1,nan,nan,1,1,1,1.167,nan,nan,nan,nan,nan,0,nan,nan,0,0,0,-0.067,nan,500,fresh
235031,0,0,0,0,0,0,6,0,0,4,19,1,7,0,nan,nan,nan,nan,1,nan,nan,1,1,1,1.167,nan,nan,nan,nan,nan,0,nan,nan,0,0,0,-0.067,nan,500,fresh
236100,0,0,0,0,0,0,7,0,0,4,19,1,6,0,nan,nan,nan,nan,1.167,nan,nan,1,1,1,1,nan,nan,nan,nan,nan,-0.067,nan,nan,0,0,0,0,nan,500,fresh
237170,0,0,0,0,0,0,7,0,0,4,19,1,7,0,nan,nan,nan,nan,1.167,nan,nan,1,1,1,1.167,nan,nan,nan,nan,nan,-0.067,nan,nan,0,0,0,-0.067,nan,500,fresh
238240,0,0,0,0,0,0,7,0,0,4,19,1,7,0,nan,nan,nan,nan,1.167,nan,nan,1,1,1,1.167,nan,nan,nan,nan,nan,-0.067,nan,nan,0,0,0,-0.067,nan,500,fresh
239309,0,0,0,0,0,0,7,0,0,4,19,1,6,0,nan,nan,nan,nan,1.167,nan,nan,1,1,1,1,nan,nan,nan,nan,nan,-0.067,nan,nan,0,0,0,0,nan,500,fresh
240379,0,0,0,0,0,0,7,0,0,4,19,1,7,0,nan,nan,nan,nan,1.167,nan,nan,1,1,1,1.167,nan,nan,nan,nan,nan,-0.067,nan,nan,0,0,0,-0.067,nan,500,fresh
241449,0,0,0,0,0,0,7,0,0,4,19,1,6,0,nan,nan,nan,nan,1.167,nan,nan,1,1,1,1,nan,nan,nan,nan,nan,-0.067,nan,nan,0,0,0,0,nan,500,fresh
242519,0,0,0,0,0,0,7,0,0,4,19,1,7,0,nan,nan,nan,nan,1.167,nan,nan,1,1,1,1.167,nan,nan,nan,nan,nan,-0.067,nan,nan,0,0,0,-0.067,nan,500,fresh
243588,0,0,0,0,0,0,7,0,0,4,19,1,6,0,nan,nan,nan,nan,1.167,nan,nan,1,1,1,1,nan,nan,nan,nan,nan,-0.067,nan,nan,0,0,0,0,nan,500,fresh
244657,0,0,0,0,0,0,7,0,0,4,19,1,7,0,nan,nan,nan,nan,1.167,nan,nan,1,1,1,1.167,nan,nan,nan,nan,nan,-0.067,nan,nan,0,0,0,-0.067,nan,500,fresh
245727,0,0,0,0,0,0,7,0,0,4,19,1,7,0,nan,nan,nan,nan,1.167,nan,nan,1,1,1,1.167,nan,nan,nan,nan,nan,-0.067,nan,nan,0,0,0,-0.067,nan,500,fresh
246795,0,0,0,0,0,0,7,0,0,4,19,1,7,0,nan,nan,nan,nan,1.167,nan,nan,1,1,1,1.167,nan,nan,nan,nan,nan,-0.067,nan,nan,0,0,0,-0.067,nan,500,fresh
247864,0,0,0,0,0,0,7,0,0,4,19,1,7,0,nan,nan,nan,nan,1.167,nan,nan,1,1,1,1.167,nan,nan,nan,nan,nan,-0.067,nan,nan,0,0,0,-0.067,nan,500,fresh
248934,0,0,0,0,0,0,7,0,0,4,19,1,7,0,nan,nan,nan,nan,1.167,nan,nan,1,1,1,1.167,nan,nan,nan,nan,nan,-0.067,nan,nan,0,0,0,-0.067,nan,500,fresh
250004,0,0,0,0,0,0,6,0,0,4,19,1,7,0,nan,nan,nan,nan,1,nan,nan,1,1,1,1.167,nan,nan,nan,nan,nan,0,nan,nan,0,0,0,-0.067,nan,500,fresh
251073,0,0,0,0,0,0,7,0,0,4,19,1,7,0,nan,nan,nan,nan,1.167,nan,nan,1,1,1,1.167,nan,nan,nan,nan,nan,-0.067,nan,nan,0,0,0,-0.067,nan,500,fresh
252142,0,0,0,0,0,0,7,0,0,4,19,1,7,0,nan,nan,nan,nan,1.167,nan,nan,1,1,1,1.167,nan,nan,nan,nan,nan,-0.067,nan,nan,0,0,0,-0.067,nan,500,fresh
253212,0,0,0,0,0,0,7,0,0,4,19,1,7,0,nan,nan,nan,nan,1.167,nan,nan,1,1,1,1.167,nan,nan,nan,nan,nan,-0.067,nan,nan,0,0,0,-0.067,nan,500,fresh
254280,0,0,0,0,0,0,7,0,0,4,19,1,6,0,nan,nan,nan,nan,1.167,nan,nan,1,1,1,1,nan,nan,nan,nan,nan,-0.067,nan,nan,0,0,0,0,nan,500,fresh
255350,0,0,0,0,0,0,7,0,0,4,19,1,7,0,nan,nan,nan,nan,1.167,nan,nan,1,1,1,1.167,nan,nan,nan,nan,nan,-0.067,nan,nan,0,0,0,-0.067,nan,500,fresh
256419,0,0,0,0,0,0,7,0,0,4,19,1,7,0,nan,nan,nan,nan,1.167,nan,nan,1,1,1,1.167,nan,nan,nan,nan,nan,-0.067,nan,nan,0,0,0,-0.067,nan,500,fresh
257489,0,0,0,0,0,0,7,0,0,4,19,1,7,0,nan,nan,nan,nan,1.167,nan,nan,1,1,1,1.167,nan,nan,nan,nan,nan,-0.067,nan,nan,0,0,0,-0.067,nan,500,fresh
258559,0,0,0,0,0,0,7,0,0,4,19,1,7,0,nan,nan,nan,nan,1.167,nan,nan,1,1,1,1.167,nan,nan,nan,nan,nan,-0.067,nan,nan,0,0,0,-0.067,nan,500,fresh
259627,0,0,0,0,0,0,7,0,0,4,19,1,7,0,nan,nan,nan,nan,1.167,nan,nan,1,1,1,1.167,nan,nan,nan,nan,nan,-0.067,nan,nan,0,0,0,-0.067,nan,500,fresh
260695,0,0,0,0,0,0,7,0,0,4,19,1,7,0,nan,nan,nan,nan,1.167,nan,nan,1,1,1,1.167,nan,nan,nan,nan,nan,-0.067,nan,nan,0,0,0,-0.067,nan,500,fresh
261765,0,0,0,0,0,0,7,0,0,4,19,1,7,0,nan,nan,nan,nan,1.167,nan,nan,1,1,1,1.167,nan,nan,nan,nan,nan,-0.067,nan,nan,0,0,0,-0.067,nan,500,fresh
262834,0,0,0,0,0,0,7,0,0,4,19,1,7,0,nan,nan,nan,nan,1.167,nan,nan,1,1,1,1.167,nan,nan,nan,nan,nan,-0.067,nan,nan,0,0,0,-0.067,nan,500,fresh
263904,0,0,0,0,0,0,7,0,0,4,19,1,7,0,nan,nan,nan,nan,1.167,nan,nan,1,1,1,1.167,nan,nan,nan,nan,nan,-0.067,nan,nan,0,0,0,-0.067,nan,500,fresh
264974,0,0,0,0,0,0,6,0,0,4,19,1,6,0,nan,nan,nan,nan,1,nan,nan,1,1,1,1,nan,nan,nan,nan,nan,0,nan,nan,0,0,0,0,nan,500,fresh
266042,0,0,0,0,0,0,7,0,0,4,19,1,7,0,nan,nan,nan,nan,1.167,nan,nan,1,1,1,1.167,nan,nan,nan,nan,nan,-0.067,nan,nan,0,0,0,-0.067,nan,500,fresh
267111,0,0,0,0,0,0,7,0,0,4,19,1,7,0,nan,nan,nan,nan,1.167,nan,nan,1,1,1,1.167,nan,nan,nan,nan,nan,-0.067,nan,nan,0,0,0,-0.067,nan,500,fresh
268181,0,0,0,0,0,0,7,0,0,4,19,1,7,0,nan,nan,nan,nan,1.167,nan,nan,1,1,1,1.167,nan,nan,nan,nan,nan,-0.067,nan,nan,0,0,0,-0.067,nan,500,fresh
269251,0,0,0,0,0,0,7,0,0,4,19,1,7,0,nan,nan,nan,nan,1.167,nan,nan,1,1,1,1.167,nan,nan,nan,nan,nan,-0.067,nan,nan,0,0,0,-0.067,nan,500,fresh
270321,0,0,0,0,0,0,6,0,0,4,19,1,7,0,nan,nan,nan,nan,1,nan,nan,1,1,1,1.167,nan,nan,nan,nan,nan,0,nan,nan,0,0,0,-0.067,nan,500,fresh
271390,0,0,0,0,0,0,7,0,0,4,19,1,7,0,nan,nan,nan,nan,1.167,nan,nan,1,1,1,1.167,nan,nan,nan,nan,nan,-0.067,nan,nan,0,0,0,-0.067,nan,500,fresh
272459,0,0,0,0,0,0,7,0,0,4,19,1,6,0,nan,nan,nan,nan,1.167,nan,nan,1,1,1,1,nan,nan,nan,nan,nan,-0.067,nan,nan,0,0,0,0,nan,500,fresh
273528,0,0,0,0,0,0,7,0,0,4,19,1,6,0,nan,nan,nan,nan,1.167,nan,nan,1,1,1,1,nan,nan,nan,nan,nan,-0.067,nan,nan,0,0,0,0,nan,500,fresh
274597,0,0,0,0,0,0,7,0,0,4,19,1,7,0,nan,nan,nan,nan,1.167,nan,nan,1,1,1,1.167,nan,nan,nan,nan,nan,-0.067,nan,nan,0,0,0,-0.067,nan,500,fresh
275667,0,0,0,0,0,0,7,0,0,4,19,1,7,0,nan,nan,nan,nan,1.167,nan,nan,1,1,1,1.167,nan,nan,nan,nan,nan,-0.067,nan,nan,0,0,0,-0.067,nan,500,fresh
276737,0,0,0,0,0,0,6,0,0,4,19,1,7,0,nan,nan,nan,nan,1,nan,nan,1,1,1,1.167,nan,nan,nan,nan,nan,0,nan,nan,0,0,0,-0.067,nan,500,fresh
277806,0,0,0,0,0,0,7,0,0,4,19,1,7,0,nan,nan,nan,nan,1.167,nan,nan,1,1,1,1.167,nan,nan,nan,nan,nan,-0.067,nan,nan,0,0,0,-0.067,nan,500,fresh
278875,0,0,0,0,0,0,6,0,0,4,19,1,6,0,nan,nan,nan,nan,1,nan,nan,1,1,1,1,nan,nan,nan,nan,nan,0,nan,nan,0,0,0,0,nan,500,fresh
279945,0,0,0,0,0,0,7,0,0,4,19,1,7,0,nan,nan,nan,nan,1.167,nan,nan,1,1,1,1.167,nan,nan,nan,nan,nan,-0.067,nan,nan,0,0,0,-0.067,nan,500,fresh
281015,0,0,0,0,0,0,6,0,0,4,19,1,7,0,nan,nan,nan,nan,1,nan,nan,1,1,1,1.167,nan,nan,nan,nan,nan,0,nan,nan,0,0,0,-0.067,nan,500,fresh
282084,0,0,0,0,0,0,7,0,0,4,19,1,7,0,nan,nan,nan,nan,1.167,nan,nan,1,1,1,1.167,nan,nan,nan,nan,nan,-0.067,nan,nan,0,0,0,-0.067,nan,500,fresh
283153,0,0,0,0,0,0,7,0,0,4,19,1,7,0,nan,nan,nan,nan,1.167,nan,nan,1,1,1,1.167,nan,nan,nan,nan,nan,-0.067,nan,nan,0,0,0,-0.067,nan,500,fresh
284222,0,0,0,0,0,0,6,0,0,4,19,1,7,0,nan,nan,nan,nan,1,nan,nan,1,1,1,1.167,nan,nan,nan,nan,nan,0,nan,nan,0,0,0,-0.067,nan,500,fresh
285292,0,0,0,0,0,0,7,0,0,4,19,1,7,0,nan,nan,nan,nan,1.167,nan,nan,1,1,1,1.167,nan,nan,nan,nan,nan,-0.067,nan,nan,0,0,0,-0.067,nan,500,fresh
286361,0,0,0,0,0,0,7,0,0,4,19,1,7,0,nan,nan,nan,nan,1.167,nan,nan,1,1,1,1.167,nan,nan,nan,nan,nan,-0.067,nan,nan,0,0,0,-0.067,nan,500,fresh
287430,0,0,0,0,0,0,7,0,0,4,19,1,7,0,nan,nan,nan,nan,1.167,nan,nan,1,1,1,1.167,nan,nan,nan,nan,nan,-0.067,nan,nan,0,0,0,-0.067,nan,500,fresh
288499,0,0,0,0,0,0,6,0,0,4,19,1,7,0,nan,nan,nan,nan,1,nan,nan,1,1,1,1.167,nan,nan,nan,nan,nan,0,nan,nan,0,0,0,-0.067,nan,500,fresh
289569,0,0,0,0,0,0,7,0,0,4,19,1,7,0,nan,nan,nan,nan,1.167,nan,nan,1,1,1,1.167,nan,nan,nan,nan,nan,-0.067,nan,nan,0,0,0,-0.067,nan,500,fresh
290639,0,0,0,0,0,0,7,0,0,4,19,1,7,0,nan,nan,nan,nan,1.167,nan,nan,1,1,1,1.167,nan,nan,nan,nan,nan,-0.067,nan,nan,0,0,0,-0.067,nan,500,fresh
291709,0,0,0,0,0,0,6,0,0,4,19,1,7,0,nan,nan,nan,nan,1,nan,nan,1,1,1,1.167,nan,nan,nan,nan,nan,0,nan,nan,0,0,0,-0.067,nan,500,fresh
292779,0,0,0,0,0,0,7,0,0,4,19,1,7,0,nan,nan,nan,nan,1.167,nan,nan,1,1,1,1.167,nan,nan,nan,nan,nan,-0.067,nan,nan,0,0,0,-0.067,nan,500,fresh
293848,0,0,0,0,0,0,7,0,0,4,19,1,7,0,nan,nan,nan,nan,1.167,nan,nan,1,1,1,1.167,nan,nan,nan,nan,nan,-0.067,nan,nan,0,0,0,-0.067,nan,500,fresh
294918,0,0,0,0,0,0,7,0,0,4,19,1,7,0,nan,nan,nan,nan,1.167,nan,nan,1,1,1,1.167,nan,nan,nan,nan,nan,-0.067,nan,nan,0,0,0,-0.067,nan,500,fresh
295987,0,0,0,0,0,0,6,0,0,4,19,1,7,0,nan,nan,nan,nan,1,nan,nan,1,1,1,1.167,nan,nan,nan,nan,nan,0,nan,nan,0,0,0,-0.067,nan,500,fresh
297057,0,0,0,0,0,0,7,0,0,4,19,1,6,0,nan,nan,nan,nan,1.167,nan,nan,1,1,1,1,nan,nan,nan,nan,nan,-0.067,nan,nan,0,0,0,0,nan,500,fresh
298126,0,0,0,0,0,0,7,0,0,4,19,1,6,0,nan,nan,nan,nan,1.167,nan,nan,1,1,1,1,nan,nan,nan,nan,nan,-0.067,nan,nan,0,0,0,0,nan,500,fresh
299195,0,0,0,0,0,0,7,0,0,4,19,1,7,0,nan,nan,nan,nan,1.167,nan,nan,1,1,1,1.167,nan,nan,nan,nan,nan,-0.067,nan,nan,0,0,0,-0.067,nan,500,fresh
300265,0,0,0,0,0,0,7,0,0,4,19,1,6,0,nan,nan,nan,nan,1.167,nan,nan,1,1,1,1,nan,nan,nan,nan,nan,-0.067,nan,nan,0,0,0,0,nan,500,fresh
301335,0,0,0,0,0,0,7,0,0,4,19,1,7,0,nan,nan,nan,nan,1.167,nan,nan,1,1,1,1.167,nan,nan,nan,nan,nan,-0.067,nan,nan,0,0,0,-0.067,nan,500,fresh
302405,0,0,0,0,0,0,7,0,0,4,19,1,7,0,nan,nan,nan,nan,1.167,nan,nan,1,1,1,1.167,nan,nan,nan,nan,nan,-0.067,nan,nan,0,0,0,-0.067,nan,500,fresh
303475,0,0,0,0,0,0,7,0,0,4,19,1,7,0,nan,nan,nan,nan,1.167,nan,nan,1,1,1,1.167,nan,nan,nan,nan,nan,-0.067,nan,nan,0,0,0,-0.067,nan,500,fresh
304544,0,0,0,0,0,0,6,0,0,4,19,1,7,0,nan,nan,nan,nan,1,nan,nan,1,1,1,1.167,nan,nan,nan,nan,nan,0,nan,nan,0,0,0,-0.067,nan,500,fresh
305613,0,0,0,0,0,0,6,0,0,4,19,1,7,0,nan,nan,nan,nan,1,nan,nan,1,1,1,1.167,nan,nan,nan,nan,nan,0,nan,nan,0,0,0,-0.067,nan,500,fresh
306683,0,0,0,0,0,0,7,0,0,4,19,1,7,0,nan,nan,nan,nan,1.167,nan,nan,1,1,1,1.167,nan,nan,nan,nan,nan,-0.067,nan,nan,0,0,0,-0.067,nan,500,fresh
307752,0,0,0,0,0,0,7,0,0,3,19,1,7,0,nan,nan,nan,nan,1.167,nan,nan,0.75,1,1,1.167,nan,nan,nan,nan,nan,-0.067,nan,nan,0.125,0,0,-0.067,nan,500,fresh
308821,0,0,0,0,0,0,7,0,0,4,19,1,7,0,nan,nan,nan,nan,1.167,nan,nan,1,1,1,1.167,nan,nan,nan,nan,nan,-0.067,nan,nan,0,0,0,-0.067,nan,500,fresh
309891,0,0,0,0,0,0,7,0,0,4,19,1,6,0,nan,nan,nan,nan,1.167,nan,nan,1,1,1,1,nan,nan,nan,nan,nan,-0.067,nan,nan,0,0,0,0,nan,500,fresh
310960,0,0,0,0,0,0,7,0,0,4,19,1,7,0,nan,nan,nan,nan,1.167,nan,nan,1,1,1,1.167,nan,nan,nan,nan,nan,-0.067,nan,nan,0,0,0,-0.067,nan,500,fresh
312029,0,0,0,0,0,0,7,0,0,4,19,1,6,0,nan,nan,nan,nan,1.167,nan,nan,1,1,1,1,nan,nan,nan,nan,nan,-0.067,nan,nan,0,0,0,0,nan,500,fresh
313098,0,0,0,0,0,0,7,0,0,4,19,1,7,0,nan,nan,nan,nan,1.167,nan,nan,1,1,1,1.167,nan,nan,nan,nan,nan,-0.067,nan,nan,0,0,0,-0.067,nan,500,fresh
323795,0,0,0,0,0,0,7,0,0,4,19,1,7,0,nan,nan,nan,nan,1.167,nan,nan,1,1,1,1.167,nan,nan,nan,nan,nan,-0.067,nan,nan,0,0,0,-0.067,nan,500,fresh
324865,0,0,0,0,0,0,7,0,0,4,19,1,7,0,nan,nan,nan,nan,1.167,nan,nan,1,1,1,1.167,nan,nan,nan,nan,nan,-0.067,nan,nan,0,0,0,-0.067,nan,500,fresh
325934,0,0,0,0,0,0,7,0,0,4,19,1,7,0,nan,nan,nan,nan,1.167,nan,nan,1,1,1,1.167,nan,nan,nan,nan,nan,-0.067,nan,nan,0,0,0,-0.067,nan,500,fresh
327004,0,0,0,0,0,0,7,0,0,4,19,1,7,0,nan,nan,nan,nan,1.167,nan,nan,1,1,1,1.167,nan,nan,nan,nan,nan,-0.067,nan,nan,0,0,0,-0.067,nan,500,fresh
347322,0,0,0,0,0,0,7,0,0,4,20,1,7,0,nan,nan,nan,nan,1.167,nan,nan,1,1.053,1,1.167,nan,nan,nan,nan,nan,-0.067,nan,nan,0,-0.022,0,-0.067,nan,500,fresh
348392,0,0,0,0,0,0,7,0,0,4,20,1,7,0,nan,nan,nan,nan,1.167,nan,nan,1,1.053,1,1.167,nan,nan,nan,nan,nan,-0.067,nan,nan,0,-0.022,0,-0.067,nan,500,fresh
349461,0,0,0,0,0,0,7,0,0,4,19,1,7,0,nan,nan,nan,nan,1.167,nan,nan,1,1,1,1.167,nan,nan,nan,nan,nan,-0.067,nan,nan,0,0,0,-0.067,nan,500,fresh
350530,0,0,0,0,0,0,7,0,0,4,20,1,7,0,nan,nan,nan,nan,1.167,nan,nan,1,1.053,1,1.167,nan,nan,nan,nan,nan,-0.067,nan,nan,0,-0.022,0,-0.067,nan,500,fresh
351600,0,0,0,0,0,0,7,0,0,4,20,1,7,0,nan,nan,nan,nan,1.167,nan,nan,1,1.053,1,1.167,nan,nan,nan,nan,nan,-0.067,nan,nan,0,-0.022,0,-0.067,nan,500,fresh
352669,0,0,0,0,0,0,7,0,0,4,20,1,7,0,nan,nan,nan,nan,1.167,nan,nan,1,1.053,1,1.167,nan,nan,nan,nan,nan,-0.067,nan,nan,0,-0.022,0,-0.067,nan,500,fresh
353738,0,0,0,0,0,0,7,0,0,4,20,1,7,0,nan,nan,nan,nan,1.167,nan,nan,1,1.053,1,1.167,nan,nan,nan,nan,nan,-0.067,nan,nan,0,-0.022,0,-0.067,nan,500,fresh
354807,0,0,0,0,0,0,7,0,0,4,20,1,7,0,nan,nan,nan,nan,1.167,nan,nan,1,1.053,1,1.167,nan,nan,nan,nan,nan,-0.067,nan,nan,0,-0.022,0,-0.067,nan,500,fresh
355876,0,0,0,0,0,0,7,0,0,4,20,1,7,0,nan,nan,nan,nan,1.167,nan,nan,1,1.053,1,1.167,nan,nan,nan,nan,nan,-0.067,nan,nan,0,-0.022,0,-0.067,nan,500,fresh
356945,0,0,0,0,0,0,7,0,0,4,20,1,7,0,nan,nan,nan,nan,1.167,nan,nan,1,1.053,1,1.167,nan,nan,nan,nan,nan,-0.067,nan,nan,0,-0.022,0,-0.067,nan,500,fresh
358014,0,0,0,0,0,0,7,0,0,4,20,1,7,0,nan,nan,nan,nan,1.167,nan,nan,1,1.053,1,1.167,nan,nan,nan,nan,nan,-0.067,nan,nan,0,-0.022,0,-0.067,nan,500,fresh
359084,0,0,0,0,0,0,7,0,0,4,20,1,7,0,nan,nan,nan,nan,1.167,nan,nan,1,1.053,1,1.167,nan,nan,nan,nan,nan,-0.067,nan,nan,0,-0.022,0,-0.067,nan,500,fresh
360154,0,0,0,0,0,0,7,0,0,4,20,1,7,0,nan,nan,nan,nan,1.167,nan,nan,1,1.053,1,1.167,nan,nan,nan,nan,nan,-0.067,nan,nan,0,-0.022,0,-0.067,nan,500,fresh
361224,0,0,0,0,0,0,7,0,0,4,20,1,7,0,nan,nan,nan,nan,1.167,nan,nan,1,1.053,1,1.167,nan,nan,nan,nan,nan,-0.067,nan,nan,0,-0.022,0,-0.067,nan,500,fresh
362294,0,0,0,0,0,0,7,0,0,4,19,1,7,0,nan,nan,nan,nan,1.167,nan,nan,1,1,1,1.167,nan,nan,nan,nan,nan,-0.067,nan,nan,0,0,0,-0.067,nan,500,fresh
363364,0,0,0,0,0,0,7,0,0,4,20,1,7,0,nan,nan,nan,nan,1.167,nan,nan,1,1.053,1,1.167,nan,nan,nan,nan,nan,-0.067,nan,nan,0,-0.022,0,-0.067,nan,500,fresh
364434,0,0,0,0,0,0,7,0,0,4,20,1,7,0,nan,nan,nan,nan,1.167,nan,nan,1,1.053,1,1.167,nan,nan,nan,nan,nan,-0.067,nan,nan,0,-0.022,0,-0.067,nan,500,fresh
365504,0,0,0,0,0,0,7,0,0,4,20,1,7,0,nan,nan,nan,nan,1.167,nan,nan,1,1.053,1,1.167,nan,nan,nan,nan,nan,-0.067,nan,nan,0,-0.022,0,-0.067,nan,500,fresh
366574,0,0,0,0,0,0,7,0,0,4,20,1,7,0,nan,nan,nan,nan,1.167,nan,nan,1,1.053,1,1.167,nan,nan,nan,nan,nan,-0.067,nan,nan,0,-0.022,0,-0.067,nan,500,fresh
367643,0,0,0,0,0,0,7,0,0,4,20,1,7,0,nan,nan,nan,nan,1.167,nan,nan,1,1.053,1,1.167,nan,nan,nan,nan,nan,-0.067,nan,nan,0,-0.022,0,-0.067,nan,500,fresh
368713,0,0,0,0,0,0,7,0,0,4,20,1,7,0,nan,nan,nan,nan,1.167,nan,nan,1,1.053,1,1.167,nan,nan,nan,nan,nan,-0.067,nan,nan,0,-0.022,0,-0.067,nan,500,fresh
369783,0,0,0,0,0,0,7,0,0,4,20,1,7,0,nan,nan,nan,nan,1.167,nan,nan,1,1.053,1,1.167,nan,nan,nan,nan,nan,-0.067,nan,nan,0,-0.022,0,-0.067,nan,500,fresh
370852,0,0,0,0,0,0,7,0,0,4,20,1,7,0,nan,nan,nan,nan,1.167,nan,nan,1,1.053,1,1.167,nan,nan,nan,nan,nan,-0.067,nan,nan,0,-0.022,0,-0.067,nan,500,fresh
371922,0,0,0,0,0,0,7,0,0,4,20,1,7,0,nan,nan,nan,nan,1.167,nan,nan,1,1.053,1,1.167,nan,nan,nan,nan,nan,-0.067,nan,nan,0,-0.022,0,-0.067,nan,500,fresh
372991,0,0,0,0,0,0,7,0,0,4,20,1,7,0,nan,nan,nan,nan,1.167,nan,nan,1,1.053,1,1.167,nan,nan,nan,nan,nan,-0.067,nan,nan,0,-0.022,0,-0.067,nan,500,fresh
374059,0,0,0,0,0,0,7,0,0,4,19,1,7,0,nan,nan,nan,nan,1.167,nan,nan,1,1,1,1.167,nan,nan,nan,nan,nan,-0.067,nan,nan,0,0,0,-0.067,nan,500,fresh
375127,0,0,0,0,0,0,7,0,0,4,20,1,7,0,nan,nan,nan,nan,1.167,nan,nan,1,1.053,1,1.167,nan,nan,nan,nan,nan,-0.067,nan,nan,0,-0.022,0,-0.067,nan,500,fresh
376197,0,0,0,0,0,0,7,0,0,4,20,1,7,0,nan,nan,nan,nan,1.167,nan,nan,1,1.053,1,1.167,nan,nan,nan,nan,nan,-0.067,nan,nan,0,-0.022,0,-0.067,nan,500,fresh
377265,0,0,0,0,0,0,7,0,0,4,19,1,7,0,nan,nan,nan,nan,1.167,nan,nan,1,1,1,1.167,nan,nan,nan,nan,nan,-0.067,nan,nan,0,0,0,-0.067,nan,500,fresh
378333,0,0,0,0,0,0,7,0,0,4,20,1,7,0,nan,nan,nan,nan,1.167,nan,nan,1,1.053,1,1.167,nan,nan,nan,nan,nan,-0.067,nan,nan,0,-0.022,0,-0.067,nan,500,fresh
379403,0,0,0,0,0,0,7,0,0,4,20,1,7,0,nan,nan,nan,nan,1.167,nan,nan,1,1.053,1,1.167,nan,nan,nan,nan,nan,-0.067,nan,nan,0,-0.022,0,-0.067,nan,500,fresh
380473,0,0,0,0,0,0,7,0,0,4,20,1,7,0,nan,nan,nan,nan,1.167,nan,nan,1,1.053,1,1.167,nan,nan,nan,nan,nan,-0.067,nan,nan,0,-0.022,0,-0.067,nan,500,fresh
381542,0,0,0,0,0,0,7,0,0,4,20,1,7,0,nan,nan,nan,nan,1.167,nan,nan,1,1.053,1,1.167,nan,nan,nan,nan,nan,-0.067,nan,nan,0,-0.022,0,-0.067,nan,500,fresh
382612,0,0,0,0,0,0,7,0,0,4,20,1,7,0,nan,nan,nan,nan,1.167,nan,nan,1,1.053,1,1.167,nan,nan,nan,nan,nan,-0.067,nan,nan,0,-0.022,0,-0.067,nan,500,fresh
383681,0,0,0,0,0,0,7,0,0,4,19,1,7,0,nan,nan,nan,nan,1.167,nan,nan,1,1,1,1.167,nan,nan,nan,nan,nan,-0.067,nan,nan,0,0,0,-0.067,nan,500,fresh
384750,0,0,0,0,0,0,7,0,0,4,20,1,7,0,nan,nan,nan,nan,1.167,nan,nan,1,1.053,1,1.167,nan,nan,nan,nan,nan,-0.067,nan,nan,0,-0.022,0,-0.067,nan,500,fresh
385819,0,0,0,0,0,0,7,0,0,4,20,1,7,0,nan,nan,nan,nan,1.167,nan,nan,1,1.053,1,1.167,nan,nan,nan,nan,nan,-0.067,nan,nan,0,-0.022,0,-0.067,nan,500,fresh
386889,0,0,0,0,0,0,6,0,0,4,19,1,7,0,nan,nan,nan,nan,1,nan,nan,1,1,1,1.167,nan,nan,nan,nan,nan,0,nan,nan,0,0,0,-0.067,nan,500,fresh
387957,0,0,0,0,0,0,7,0,0,4,20,1,7,0,nan,nan,nan,nan,1.167,nan,nan,1,1.053,1,1.167,nan,nan,nan,nan,nan,-0.067,nan,nan,0,-0.022,0,-0.067,nan,500,fresh
389027,0,0,0,0,0,0,7,0,0,4,20,1,7,0,nan,nan,nan,nan,1.167,nan,nan,1,1.053,1,1.167,nan,nan,nan,nan,nan,-0.067,nan,nan,0,-0.022,0,-0.067,nan,500,fresh
390096,0,0,0,0,0,0,7,0,0,4,20,1,7,0,nan,nan,nan,nan,1.167,nan,nan,1,1.053,1,1.167,nan,nan,nan,nan,nan,-0.067,nan,nan,0,-0.022,0,-0.067,nan,500,fresh
391165,0,0,0,0,0,0,7,0,0,4,20,1,7,0,nan,nan,nan,nan,1.167,nan,nan,1,1.053,1,1.167,nan,nan,nan,nan,nan,-0.067,nan,nan,0,-0.022,0,-0.067,nan,500,fresh
392235,0,0,0,0,0,0,7,0,0,4,19,1,7,0,nan,nan,nan,nan,1.167,nan,nan,1,1,1,1.167,nan,nan,nan,nan,nan,-0.067,nan,nan,0,0,0,-0.067,nan,500,fresh
393304,0,0,0,0,0,0,7,0,0,4,19,1,7,0,nan,nan,nan,nan,1.167,nan,nan,1,1,1,1.167,nan,nan,nan,nan,nan,-0.067,nan,nan,0,0,0,-0.067,nan,500,fresh
394373,0,0,0,0,0,0,7,0,0,4,19,1,7,0,nan,nan,nan,nan,1.167,nan,nan,1,1,1,1.167,nan,nan,nan,nan,nan,-0.067,nan,nan,0,0,0,-0.067,nan,500,fresh
395443,0,0,0,0,0,0,7,0,0,4,19,1,7,0,nan,nan,nan,nan,1.167,nan,nan,1,1,1,1.167,nan,nan,nan,nan,nan,-0.067,nan,nan,0,0,0,-0.067,nan,500,fresh
396513,0,0,0,0,0,0,7,0,0,4,19,1,7,0,nan,nan,nan,nan,1.167,nan,nan,1,1,1,1.167,nan,nan,nan,nan,nan,-0.067,nan,nan,0,0,0,-0.067,nan,500,fresh
397582,0,0,0,0,0,0,7,0,0,4,20,1,7,0,nan,nan,nan,nan,1.167,nan,nan,1,1.053,1,1.167,nan,nan,nan,nan,nan,-0.067,nan,nan,0,-0.022,0,-0.067,nan,500,fresh
398651,0,0,0,0,0,0,7,0,0,4,19,1,7,0,nan,nan,nan,nan,1.167,nan,nan,1,1,1,1.167,nan,nan,nan,nan,nan,-0.067,nan,nan,0,0,0,-0.067,nan,500,fresh
399720,0,0,0,0,0,0,7,0,0,4,20,1,7,0,nan,nan,nan,nan,1.167,nan,nan,1,1.053,1,1.167,nan,nan,nan,nan,nan,-0.067,nan,nan,0,-0.022,0,-0.067,nan,500,fresh
400789,0,0,0,0,0,0,7,0,0,4,20,1,7,0,nan,nan,nan,nan,1.167,nan,nan,1,1.053,1,1.167,nan,nan,nan,nan,nan,-0.067,nan,nan,0,-0.022,0,-0.067,nan,500,fresh
401859,0,0,0,0,0,0,7,0,0,4,19,1,7,0,nan,nan,nan,nan,1.167,nan,nan,1,1,1,1.167,nan,nan,nan,nan,nan,-0.067,nan,nan,0,0,0,-0.067,nan,500,fresh
402928,0,0,0,0,0,0,7,0,0,4,20,1,7,0,nan,nan,nan,nan,1.167,nan,nan,1,1.053,1,1.167,nan,nan,nan,nan,nan,-0.067,nan,nan,0,-0.022,0,-0.067,nan,500,fresh
403997,0,0,0,0,0,0,7,0,0,4,19,1,7,0,nan,nan,nan,nan,1.167,nan,nan,1,1,1,1.167,nan,nan,nan,nan,nan,-0.067,nan,nan,0,0,0,-0.067,nan,500,fresh
405067,0,0,0,0,0,0,7,0,0,4,19,1,7,0,nan,nan,nan,nan,1.167,nan,nan,1,1,1,1.167,nan,nan,nan,nan,nan,-0.067,nan,nan,0,0,0,-0.067,nan,500,fresh
406136,0,0,0,0,0,0,6,0,0,4,19,1,7,0,nan,nan,nan,nan,1,nan,nan,1,1,1,1.167,nan,nan,nan,nan,nan,0,nan,nan,0,0,0,-0.067,nan,500,fresh
407206,0,0,0,0,0,0,7,0,0,4,19,1,7,0,nan,nan,nan,nan,1.167,nan,nan,1,1,1,1.167,nan,nan,nan,nan,nan,-0.067,nan,nan,0,0,0,-0.067,nan,500,fresh
408276,0,0,0,0,0,0,7,0,0,4,19,1,7,0,nan,nan,nan,nan,1.167,nan,nan,1,1,1,1.167,nan,nan,nan,nan,nan,-0.067,nan,nan,0,0,0,-0.067,nan,500,fresh
409345,0,0,0,0,0,0,7,0,0,4,19,1,7,0,nan,nan,nan,nan,1.167,nan,nan,1,1,1,1.167,nan,nan,nan,nan,nan,-0.067,nan,nan,0,0,0,-0.067,nan,500,fresh
410415,0,0,0,0,0,0,7,0,0,4,19,1,7,0,nan,nan,nan,nan,1.167,nan,nan,1,1,1,1.167,nan,nan,nan,nan,nan,-0.067,nan,nan,0,0,0,-0.067,nan,500,fresh
411485,0,0,0,0,0,0,7,0,0,4,19,1,7,0,nan,nan,nan,nan,1.167,nan,nan,1,1,1,1.167,nan,nan,nan,nan,nan,-0.067,nan,nan,0,0,0,-0.067,nan,500,fresh
412555,0,0,0,0,0,0,7,0,0,4,19,1,7,0,nan,nan,nan,nan,1.167,nan,nan,1,1,1,1.167,nan,nan,nan,nan,nan,-0.067,nan,nan,0,0,0,-0.067,nan,500,fresh
413625,0,0,0,0,0,0,7,0,0,4,19,1,7,0,nan,nan,nan,nan,1.167,nan,nan,1,1,1,1.167,nan,nan,nan,nan,nan,-0.067,nan,nan,0,0,0,-0.067,nan,500,fresh
414694,0,0,0,0,0,0,7,0,0,4,19,1,7,0,nan,nan,nan,nan,1.167,nan,nan,1,1,1,1.167,nan,nan,nan,nan,nan,-0.067,nan,nan,0,0,0,-0.067,nan,500,fresh
415763,0,0,0,0,0,0,7,0,0,4,19,1,7,0,nan,nan,nan,nan,1.167,nan,nan,1,1,1,1.167,nan,nan,nan,nan,nan,-0.067,nan,nan,0,0,0,-0.067,nan,500,fresh
416832,0,0,0,0,0,0,7,0,0,4,19,1,7,0,nan,nan,nan,nan,1.167,nan,nan,1,1,1,1.167,nan,nan,nan,nan,nan,-0.067,nan,nan,0,0,0,-0.067,nan,500,fresh
417901,0,0,0,0,0,0,7,0,0,4,19,1,7,0,nan,nan,nan,nan,1.167,nan,nan,1,1,1,1.167,nan,nan,nan,nan,nan,-0.067,nan,nan,0,0,0,-0.067,nan,500,fresh
418971,0,0,0,0,0,0,7,0,0,4,19,1,7,0,nan,nan,nan,nan,1.167,nan,nan,1,1,1,1.167,nan,nan,nan,nan,nan,-0.067,nan,nan,0,0,0,-0.067,nan,500,fresh
420041,0,0,0,0,0,0,7,0,0,4,19,1,7,0,nan,nan,nan,nan,1.167,nan,nan,1,1,1,1.167,nan,nan,nan,nan,nan,-0.067,nan,nan,0,0,0,-0.067,nan,500,fresh
421111,0,0,0,0,0,0,7,0,0,4,19,1,7,0,nan,nan,nan,nan,1.167,nan,nan,1,1,1,1.167,nan,nan,nan,nan,nan,-0.067,nan,nan,0,0,0,-0.067,nan,500,fresh
422181,0,0,0,0,0,0,7,0,0,4,20,1,7,0,nan,nan,nan,nan,1.167,nan,nan,1,1.053,1,1.167,nan,nan,nan,nan,nan,-0.067,nan,nan,0,-0.022,0,-0.067,nan,500,fresh
423250,0,0,0,0,0,0,7,0,0,4,19,1,7,0,nan,nan,nan,nan,1.167,nan,nan,1,1,1,1.167,nan,nan,nan,nan,nan,-0.067,nan,nan,0,0,0,-0.067,nan,500,fresh
424319,0,0,0,0,0,0,7,0,0,4,19,1,7,0,nan,nan,nan,nan,1.167,nan,nan,1,1,1,1.167,nan,nan,nan,nan,nan,-0.067,nan,nan,0,0,0,-0.067,nan,500,fresh
425389,0,0,0,0,0,0,7,0,0,4,19,1,7,0,nan,nan,nan,nan,1.167,nan,nan,1,1,1,1.167,nan,nan,nan,nan,nan,-0.067,nan,nan,0,0,0,-0.067,nan,500,fresh
426457,0,0,0,0,0,0,7,0,0,4,20,1,7,0,nan,nan,nan,nan,1.167,nan,nan,1,1.053,1,1.167,nan,nan,nan,nan,nan,-0.067,nan,nan,0,-0.022,0,-0.067,nan,500,fresh
427527,0,0,0,0,0,0,7,0,0,4,19,1,7,0,nan,nan,nan,nan,1.167,nan,nan,1,1,1,1.167,nan,nan,nan,nan,nan,-0.067,nan,nan,0,0,0,-0.067,nan,500,fresh
428597,0,0,0,0,0,0,7,0,0,4,19,1,7,0,nan,nan,nan,nan,1.167,nan,nan,1,1,1,1.167,nan,nan,nan,nan,nan,-0.067,nan,nan,0,0,0,-0.067,nan,500,fresh
429666,0,0,0,0,0,0,7,0,0,4,19,1,7,0,nan,nan,nan,nan,1.167,nan,nan,1,1,1,1.167,nan,nan,nan,nan,nan,-0.067,nan,nan,0,0,0,-0.067,nan,500,fresh
430736,0,0,0,0,0,0,7,0,0,4,19,1,7,0,nan,nan,nan,nan,1.167,nan,nan,1,1,1,1.167,nan,nan,nan,nan,nan,-0.067,nan,nan,0,0,0,-0.067,nan,500,fresh
431806,0,0,0,0,0,0,7,0,0,4,19,1,7,0,nan,nan,nan,nan,1.167,nan,nan,1,1,1,1.167,nan,nan,nan,nan,nan,-0.067,nan,nan,0,0,0,-0.067,nan,500,fresh
432875,0,0,0,0,0,0,7,0,0,4,19,1,7,0,nan,nan,nan,nan,1.167,nan,nan,1,1,1,1.167,nan,nan,nan,nan,nan,-0.067,nan,nan,0,0,0,-0.067,nan,500,fresh
433945,0,0,0,0,0,0,7,0,0,4,19,1,7,0,nan,nan,nan,nan,1.167,nan,nan,1,1,1,1.167,nan,nan,nan,nan,nan,-0.067,nan,nan,0,0,0,-0.067,nan,500,fresh
435015,0,0,0,0,0,0,7,0,0,4,19,1,7,0,nan,nan,nan,nan,1.167,nan,nan,1,1,1,1.167,nan,nan,nan,nan,nan,-0.067,nan,nan,0,0,0,-0.067,nan,500,fresh
436085,0,0,0,0,0,0,7,0,0,4,19,1,7,0,nan,nan,nan,nan,1.167,nan,nan,1,1,1,1.167,nan,nan,nan,nan,nan,-0.067,nan,nan,0,0,0,-0.067,nan,500,fresh
437154,0,0,0,0,0,0,7,0,0,4,19,1,7,0,nan,nan,nan,nan,1.167,nan,nan,1,1,1,1.167,nan,nan,nan,nan,nan,-0.067,nan,nan,0,0,0,-0.067,nan,500,fresh
438224,0,0,0,0,0,0,7,0,0,4,19,1,7,0,nan,nan,nan,nan,1.167,nan,nan,1,1,1,1.167,nan,nan,nan,nan,nan,-0.067,nan,nan,0,0,0,-0.067,nan,500,fresh
50008,0,0,0,0,0,0,7,0,0,4,19,1,7,0,nan,nan,nan,nan,1.167,nan,nan,1,1,1,1.167,nan,nan,nan,nan,nan,-0.067,nan,nan,0,0,0,-0.067,nan,500,fresh
51077,0,0,0,0,0,0,6,0,0,4,19,1,7,0,nan,nan,nan,nan,1,nan,nan,1,1,1,1.167,nan,nan,nan,nan,nan,0,nan,nan,0,0,0,-0.067,nan,500,fresh
52146,0,0,0,0,0,0,7,0,0,4,19,1,7,0,nan,nan,nan,nan,1.167,nan,nan,1,1,1,1.167,nan,nan,nan,nan,nan,-0.067,nan,nan,0,0,0,-0.067,nan,500,fresh
53216,0,0,0,0,0,0,7,0,0,4,19,1,6,0,nan,nan,nan,nan,1.167,nan,nan,1,1,1,1,nan,nan,nan,nan,nan,-0.067,nan,nan,0,0,0,0,nan,500,fresh
54285,0,0,0,0,0,0,7,0,0,4,19,1,7,0,nan,nan,nan,nan,1.167,nan,nan,1,1,1,1.167,nan,nan,nan,nan,nan,-0.067,nan,nan,0,0,0,-0.067,nan,500,fresh
55355,0,0,0,0,0,0,7,0,0,4,19,1,6,0,nan,nan,nan,nan,1.167,nan,nan,1,1,1,1,nan,nan,nan,nan,nan,-0.067,nan,nan,0,0,0,0,nan,500,fresh
56425,0,0,0,0,0,0,7,0,0,4,19,1,7,0,nan,nan,nan,nan,1.167,nan,nan,1,1,1,1.167,nan,nan,nan,nan,nan,-0.067,nan,nan,0,0,0,-0.067,nan,500,fresh
57495,0,0,0,0,0,0,7,0,0,4,19,1,7,0,nan,nan,nan,nan,1.167,nan,nan,1,1,1,1.167,nan,nan,nan,nan,nan,-0.067,nan,nan,0,0,0,-0.067,nan,500,fresh
58564,0,0,0,0,0,0,7,0,0,4,19,1,7,0,nan,nan,nan,nan,1.167,nan,nan,1,1,1,1.167,nan,nan,nan,nan,nan,-0.067,nan,nan,0,0,0,-0.067,nan,500,fresh
59634,0,0,0,0,0,0,7,0,0,4,19,1,7,0,nan,nan,nan,nan,1.167,nan,nan,1,1,1,1.167,nan,nan,nan,nan,nan,-0.067,nan,nan,0,0,0,-0.067,nan,500,fresh
60704,0,0,0,0,0,0,7,0,0,4,19,1,7,0,nan,nan,nan,nan,1.167,nan,nan,1,1,1,1.167,nan,nan,nan,nan,nan,-0.067,nan,nan,0,0,0,-0.067,nan,500,fresh
61774,0,0,0,0,0,0,7,0,0,4,19,1,7,0,nan,nan,nan,nan,1.167,nan,nan,1,1,1,1.167,nan,nan,nan,nan,nan,-0.067,nan,nan,0,0,0,-0.067,nan,500,fresh
62844,0,0,0,0,0,0,6,0,0,4,19,1,7,0,nan,nan,nan,nan,1,nan,nan,1,1,1,1.167,nan,nan,nan,nan,nan,0,nan,nan,0,0,0,-0.067,nan,500,fresh
63913,0,0,0,0,0,0,7,0,0,4,19,1,7,0,nan,nan,nan,nan,1.167,nan,nan,1,1,1,1.167,nan,nan,nan,nan,nan,-0.067,nan,nan,0,0,0,-0.067,nan,500,fresh
64983,0,0,0,0,0,0,7,0,0,4,19,1,7,0,nan,nan,nan,nan,1.167,nan,nan,1,1,1,1.167,nan,nan,nan,nan,nan,-0.067,nan,nan,0,0,0,-0.067,nan,500,fresh
66053,0,0,0,0,0,0,7,0,0,4,19,1,7,0,nan,nan,nan,nan,1.167,nan,nan,1,1,1,1.167,nan,nan,nan,nan,nan,-0.067,nan,nan,0,0,0,-0.067,nan,500,fresh
67123,0,0,0,0,0,0,7,0,0,4,19,1,7,0,nan,nan,nan,nan,1.167,nan,nan,1,1,1,1.167,nan,nan,nan,nan,nan,-0.067,nan,nan,0,0,0,-0.067,nan,500,fresh
68193,0,0,0,0,0,0,7,0,0,4,19,1,7,0,nan,nan,nan,nan,1.167,nan,nan,1,1,1,1.167,nan,nan,nan,nan,nan,-0.067,nan,nan,0,0,0,-0.067,nan,500,fresh
69263,0,0,0,0,0,0,7,0,0,4,19,1,7,0,nan,nan,nan,nan,1.167,nan,nan,1,1,1,1.167,nan,nan,nan,nan,nan,-0.067,nan,nan,0,0,0,-0.067,nan,500,fresh
70333,0,0,0,0,0,0,7,0,0,4,19,1,7,0,nan,nan,nan,nan,1.167,nan,nan,1,1,1,1.167,nan,nan,nan,nan,nan,-0.067,nan,nan,0,0,0,-0.067,nan,500,fresh
71403,0,0,0,0,0,0,7,0,0,4,19,1,7,0,nan,nan,nan,nan,1.167,nan,nan,1,1,1,1.167,nan,nan,nan,nan,nan,-0.067,nan,nan,0,0,0,-0.067,nan,500,fresh
72473,0,0,0,0,0,0,6,0,0,4,19,1,7,0,nan,nan,nan,nan,1,nan,nan,1,1,1,1.167,nan,nan,nan,nan,nan,0,nan,nan,0,0,0,-0.067,nan,500,fresh
73542,0,0,0,0,0,0,7,0,0,4,19,1,6,0,nan,nan,nan,nan,1.167,nan,nan,1,1,1,1,nan,nan,nan,nan,nan,-0.067,nan,nan,0,0,0,0,nan,500,fresh
74611,0,0,0,0,0,0,7,0,0,4,19,1,7,0,nan,nan,nan,nan,1.167,nan,nan,1,1,1,1.167,nan,nan,nan,nan,nan,-0.067,nan,nan,0,0,0,-0.067,nan,500,fresh
75681,0,0,0,0,0,0,7,0,0,4,19,1,7,0,nan,nan,nan,nan,1.167,nan,nan,1,1,1,1.167,nan,nan,nan,nan,nan,-0.067,nan,nan,0,0,0,-0.067,nan,500,fresh
76751,0,0,0,0,0,0,7,0,0,4,19,1,7,0,nan,nan,nan,nan,1.167,nan,nan,1,1,1,1.167,nan,nan,nan,nan,nan,-0.067,nan,nan,0,0,0,-0.067,nan,500,fresh
77821,0,0,0,0,0,0,7,0,0,4,19,1,7,0,nan,nan,nan,nan,1.167,nan,nan,1,1,1,1.167,nan,nan,nan,nan,nan,-0.067,nan,nan,0,0,0,-0.067,nan,500,fresh
78891,0,0,0,0,0,0,7,0,0,4,19,1,7,0,nan,nan,nan,nan,1.167,nan,nan,1,1,1,1.167,nan,nan,nan,nan,nan,-0.067,nan,nan,0,0,0,-0.067,nan,500,fresh
79960,0,0,0,0,0,0,7,0,0,4,19,1,6,0,nan,nan,nan,nan,1.167,nan,nan,1,1,1,1,nan,nan,nan,nan,nan,-0.067,nan,nan,0,0,0,0,nan,500,fresh
81030,0,0,0,0,0,0,6,0,0,4,19,1,7,0,nan,nan,nan,nan,1,nan,nan,1,1,1,1.167,nan,nan,nan,nan,nan,0,nan,nan,0,0,0,-0.067,nan,500,fresh
82099,0,0,0,0,0,0,7,0,0,4,19,1,7,0,nan,nan,nan,nan,1.167,nan,nan,1,1,1,1.167,nan,nan,nan,nan,nan,-0.067,nan,nan,0,0,0,-0.067,nan,500,fresh
83168,0,0,0,0,0,0,7,0,0,4,19,1,7,0,nan,nan,nan,nan,1.167,nan,nan,1,1,1,1.167,nan,nan,nan,nan,nan,-0.067,nan,nan,0,0,0,-0.067,nan,500,fresh
84238,0,0,0,0,0,0,7,0,0,4,19,1,6,0,nan,nan,nan,nan,1.167,nan,nan,1,1,1,1,nan,nan,nan,nan,nan,-0.067,nan,nan,0,0,0,0,nan,500,fresh
85308,0,0,0,0,0,0,7,0,0,4,19,1,7,0,nan,nan,nan,nan,1.167,nan,nan,1,1,1,1.167,nan,nan,nan,nan,nan,-0.067,nan,nan,0,0,0,-0.067,nan,500,fresh
86377,0,0,0,0,0,0,7,0,0,4,19,1,7,0,nan,nan,nan,nan,1.167,nan,nan,1,1,1,1.167,nan,nan,nan,nan,nan,-0.067,nan,nan,0,0,0,-0.067,nan,500,fresh
87447,0,0,0,0,0,0,7,0,0,4,19,1,7,0,nan,nan,nan,nan,1.167,nan,nan,1,1,1,1.167,nan,nan,nan,nan,nan,-0.067,nan,nan,0,0,0,-0.067,nan,500,fresh
88516,0,0,0,0,0,0,6,0,0,4,19,1,7,0,nan,nan,nan,nan,1,nan,nan,1,1,1,1.167,nan,nan,nan,nan,nan,0,nan,nan,0,0,0,-0.067,nan,500,fresh
89586,0,0,0,0,0,0,7,0,0,4,19,1,7,0,nan,nan,nan,nan,1.167,nan,nan,1,1,1,1.167,nan,nan,nan,nan,nan,-0.067,nan,nan,0,0,0,-0.067,nan,500,fresh
90655,0,0,0,0,0,0,7,0,0,4,19,1,7,0,nan,nan,nan,nan,1.167,nan,nan,1,1,1,1.167,nan,nan,nan,nan,nan,-0.067,nan,nan,0,0,0,-0.067,nan,500,fresh
91723,0,0,0,0,0,0,7,0,0,4,19,1,7,0,nan,nan,nan,nan,1.167,nan,nan,1,1,1,1.167,nan,nan,nan,nan,nan,-0.067,nan,nan,0,0,0,-0.067,nan,500,fresh
92792,0,0,0,0,0,0,7,0,0,4,19,1,7,0,nan,nan,nan,nan,1.167,nan,nan,1,1,1,1.167,nan,nan,nan,nan,nan,-0.067,nan,nan,0,0,0,-0.067,nan,500,fresh
93862,0,0,0,0,0,0,6,0,0,4,19,1,7,0,nan,nan,nan,nan,1,nan,nan,1,1,1,1.167,nan,nan,nan,nan,nan,0,nan,nan,0,0,0,-0.067,nan,500,fresh
94931,0,0,0,0,0,0,7,0,0,4,19,1,7,0,nan,nan,nan,nan,1.167,nan,nan,1,1,1,1.167,nan,nan,nan,nan,nan,-0.067,nan,nan,0,0,0,-0.067,nan,500,fresh
96000,0,0,0,0,0,0,7,0,0,4,19,1,7,0,nan,nan,nan,nan,1.167,nan,nan,1,1,1,1.167,nan,nan,nan,nan,nan,-0.067,nan,nan,0,0,0,-0.067,nan,500,fresh
97069,0,0,0,0,0,0,7,0,0,4,19,1,7,0,nan,nan,nan,nan,1.167,nan,nan,1,1,1,1.167,nan,nan,nan,nan,nan,-0.067,nan,nan,0,0,0,-0.067,nan,500,fresh
98138,0,0,0,0,0,0,7,0,0,4,19,1,7,0,nan,nan,nan,nan,1.167,nan,nan,1,1,1,1.167,nan,nan,nan,nan,nan,-0.067,nan,nan,0,0,0,-0.067,nan,500,fresh
99207,0,0,0,0,0,0,7,0,0,4,19,1,7,0,nan,nan,nan,nan,1.167,nan,nan,1,1,1,1.167,nan,nan,nan,nan,nan,-0.067,nan,nan,0,0,0,-0.067,nan,500,fresh
100276,0,0,0,0,0,0,7,0,0,4,19,1,7,0,nan,nan,nan,nan,1.167,nan,nan,1,1,1,1.167,nan,nan,nan,nan,nan,-0.067,nan,nan,0,0,0,-0.067,nan,500,fresh
101346,0,0,0,0,0,0,7,0,0,4,19,1,7,0,nan,nan,nan,nan,1.167,nan,nan,1,1,1,1.167,nan,nan,nan,nan,nan,-0.067,nan,nan,0,0,0,-0.067,nan,500,fresh
102416,0,0,0,0,0,0,7,0,0,4,19,1,7,0,nan,nan,nan,nan,1.167,nan,nan,1,1,1,1.167,nan,nan,nan,nan,nan,-0.067,nan,nan,0,0,0,-0.067,nan,500,fresh
103485,0,0,0,0,0,0,7,0,0,3,19,1,7,0,nan,nan,nan,nan,1.167,nan,nan,0.75,1,1,1.167,nan,nan,nan,nan,nan,-0.067,nan,nan,0.125,0,0,-0.067,nan,500,fresh
104555,0,0,0,0,0,0,6,0,0,4,19,1,7,0,nan,nan,nan,nan,1,nan,nan,1,1,1,1.167,nan,nan,nan,nan,nan,0,nan,nan,0,0,0,-0.067,nan,500,fresh
105625,0,0,0,0,0,0,7,0,0,4,19,1,7,0,nan,nan,nan,nan,1.167,nan,nan,1,1,1,1.167,nan,nan,nan,nan,nan,-0.067,nan,nan,0,0,0,-0.067,nan,500,fresh
106694,0,0,0,0,0,0,7,0,0,4,19,1,7,0,nan,nan,nan,nan,1.167,nan,nan,1,1,1,1.167,nan,nan,nan,nan,nan,-0.067,nan,nan,0,0,0,-0.067,nan,500,fresh
107763,0,0,0,0,0,0,7,0,0,4,19,1,7,0,nan,nan,nan,nan,1.167,nan,nan,1,1,1,1.167,nan,nan,nan,nan,nan,-0.067,nan,nan,0,0,0,-0.067,nan,500,fresh
108833,0,0,0,0,0,0,7,0,0,4,19,1,7,0,nan,nan,nan,nan,1.167,nan,nan,1,1,1,1.167,nan,nan,nan,nan,nan,-0.067,nan,nan,0,0,0,-0.067,nan,500,fresh
109903,0,0,0,0,0,0,7,0,0,4,19,1,7,0,nan,nan,nan,nan,1.167,nan,nan,1,1,1,1.167,nan,nan,nan,nan,nan,-0.067,nan,nan,0,0,0,-0.067,nan,500,fresh
110971,0,0,0,0,0,0,7,0,0,4,19,1,7,0,nan,nan,nan,nan,1.167,nan,nan,1,1,1,1.167,nan,nan,nan,nan,nan,-0.067,nan,nan,0,0,0,-0.067,nan,500,fresh
112041,0,0,0,0,0,0,7,0,0,4,19,1,7,0,nan,nan,nan,nan,1.167,nan,nan,1,1,1,1.167,nan,nan,nan,nan,nan,-0.067,nan,nan,0,0,0,-0.067,nan,500,fresh
113111,0,0,0,0,0,0,7,0,0,4,19,1,7,0,nan,nan,nan,nan,1.167,nan,nan,1,1,1,1.167,nan,nan,nan,nan,nan,-0.067,nan,nan,0,0,0,-0.067,nan,500,fresh
114180,0,0,0,0,0,0,7,0,0,4,19,1,7,0,nan,nan,nan,nan,1.167,nan,nan,1,1,1,1.167,nan,nan,nan,nan,nan,-0.067,nan,nan,0,0,0,-0.067,nan,500,fresh
115250,0,0,0,0,0,0,7,0,0,4,19,1,7,0,nan,nan,nan,nan,1.167,nan,nan,1,1,1,1.167,nan,nan,nan,nan,nan,-0.067,nan,nan,0,0,0,-0.067,nan,500,fresh
116319,0,0,0,0,0,0,7,0,0,4,19,1,7,0,nan,nan,nan,nan,1.167,nan,nan,1,1,1,1.167,nan,nan,nan,nan,nan,-0.067,nan,nan,0,0,0,-0.067,nan,500,fresh
117388,0,0,0,0,0,0,7,0,0,4,19,1,7,0,nan,nan,nan,nan,1.167,nan,nan,1,1,1,1.167,nan,nan,nan,nan,nan,-0.067,nan,nan,0,0,0,-0.067,nan,500,fresh
118457,0,0,0,0,0,0,7,0,0,4,19,1,7,0,nan,nan,nan,nan,1.167,nan,nan,1,1,1,1.167,nan,nan,nan,nan,nan,-0.067,nan,nan,0,0,0,-0.067,nan,500,fresh
119526,0,0,0,0,0,0,7,0,0,4,19,1,7,0,nan,nan,nan,nan,1.167,nan,nan,1,1,1,1.167,nan,nan,nan,nan,nan,-0.067,nan,nan,0,0,0,-0.067,nan,500,fresh
120596,0,0,0,0,0,0,7,0,0,4,19,1,7,0,nan,nan,nan,nan,1.167,nan,nan,1,1,1,1.167,nan,nan,nan,nan,nan,-0.067,nan,nan,0,0,0,-0.067,nan,500,fresh
121664,0,0,0,0,0,0,7,0,0,4,19,1,7,0,nan,nan,nan,nan,1.167,nan,nan,1,1,1,1.167,nan,nan,nan,nan,nan,-0.067,nan,nan,0,0,0,-0.067,nan,500,fresh
122733,0,0,0,0,0,0,6,0,0,4,19,1,7,0,nan,nan,nan,nan,1,nan,nan,1,1,1,1.167,nan,nan,nan,nan,nan,0,nan,nan,0,0,0,-0.067,nan,500,fresh
123803,0,0,0,0,0,0,7,0,0,4,19,1,7,0,nan,nan,nan,nan,1.167,nan,nan,1,1,1,1.167,nan,nan,nan,nan,nan,-0.067,nan,nan,0,0,0,-0.067,nan,500,fresh
124872,0,0,0,0,0,0,7,0,0,4,19,1,7,0,nan,nan,nan,nan,1.167,nan,nan,1,1,1,1.167,nan,nan,nan,nan,nan,-0.067,nan,nan,0,0,0,-0.067,nan,500,fresh
125941,0,0,0,0,0,0,7,0,0,4,19,1,7,0,nan,nan,nan,nan,1.167,nan,nan,1,1,1,1.167,nan,nan,nan,nan,nan,-0.067,nan,nan,0,0,0,-0.067,nan,500,fresh
127011,0,0,0,0,0,0,7,0,0,4,19,1,7,0,nan,nan,nan,nan,1.167,nan,nan,1,1,1,1.167,nan,nan,nan,nan,nan,-0.067,nan,nan,0,0,0,-0.067,nan,500,fresh
128081,0,0,0,0,0,0,7,0,0,4,19,1,7,0,nan,nan,nan,nan,1.167,nan,nan,1,1,1,1.167,nan,nan,nan,nan,nan,-0.067,nan,nan,0,0,0,-0.067,nan,500,fresh
129149,0,0,0,0,0,0,7,0,0,4,19,1,7,0,nan,nan,nan,nan,1.167,nan,nan,1,1,1,1.167,nan,nan,nan,nan,nan,-0.067,nan,nan,0,0,0,-0.067,nan,500,fresh
130219,0,0,0,0,0,0,7,0,0,4,19,1,7,0,nan,nan,nan,nan,1.167,nan,nan,1,1,1,1.167,nan,nan,nan,nan,nan,-0.067,nan,nan,0,0,0,-0.067,nan,500,fresh
131289,0,0,0,0,0,0,7,0,0,4,19,1,7,0,nan,nan,nan,nan,1.167,nan,nan,1,1,1,1.167,nan,nan,nan,nan,nan,-0.067,nan,nan,0,0,0,-0.067,nan,500,fresh
132359,0,0,0,0,0,0,7,0,0,4,19,1,6,0,nan,nan,nan,nan,1.167,nan,nan,1,1,1,1,nan,nan,nan,nan,nan,-0.067,nan,nan,0,0,0,0,nan,500,fresh
133429,0,0,0,0,0,0,7,0,0,4,19,1,7,0,nan,nan,nan,nan,1.167,nan,nan,1,1,1,1.167,nan,nan,nan,nan,nan,-0.067,nan,nan,0,0,0,-0.067,nan,500,fresh
134497,0,0,0,0,0,0,7,0,0,4,19,1,7,0,nan,nan,nan,nan,1.167,nan,nan,1,1,1,1.167,nan,nan,nan,nan,nan,-0.067,nan,nan,0,0,0,-0.067,nan,500,fresh
135567,0,0,0,0,0,0,7,0,0,4,19,1,7,0,nan,nan,nan,nan,1.167,nan,nan,1,1,1,1.167,nan,nan,nan,nan,nan,-0.067,nan,nan,0,0,0,-0.067,nan,500,fresh
136637,0,0,0,0,0,0,7,0,0,4,19,1,7,0,nan,nan,nan,nan,1.167,nan,nan,1,1,1,1.167,nan,nan,nan,nan,nan,-0.067,nan,nan,0,0,0,-0.067,nan,500,fresh
137707,0,0,0,0,0,0,7,0,0,4,19,1,7,0,nan,nan,nan,nan,1.167,nan,nan,1,1,1,1.167,nan,nan,nan,nan,nan,-0.067,nan,nan,0,0,0,-0.067,nan,500,fresh
138776,0,0,0,0,0,0,7,0,0,4,19,1,7,0,nan,nan,nan,nan,1.167,nan,nan,1,1,1,1.167,nan,nan,nan,nan,nan,-0.067,nan,nan,0,0,0,-0.067,nan,500,fresh
139845,0,0,0,0,0,0,7,0,0,4,19,1,7,0,nan,nan,nan,nan,1.167,nan,nan,1,1,1,1.167,nan,nan,nan,nan,nan,-0.067,nan,nan,0,0,0,-0.067,nan,500,fresh
140915,0,0,0,0,0,0,7,0,0,4,19,1,7,0,nan,nan,nan,nan,1.167,nan,nan,1,1,1,1.167,nan,nan,nan,nan,nan,-0.067,nan,nan,0,0,0,-0.067,nan,500,fresh
141984,0,0,0,0,0,0,7,0,0,4,19,1,7,0,nan,nan,nan,nan,1.167,nan,nan,1,1,1,1.167,nan,nan,nan,nan,nan,-0.067,nan,nan,0,0,0,-0.067,nan,500,fresh
143054,0,0,0,0,0,0,7,0,0,4,19,1,7,0,nan,nan,nan,nan,1.167,nan,nan,1,1,1,1.167,nan,nan,nan,nan,nan,-0.067,nan,nan,0,0,0,-0.067,nan,500,fresh
144124,0,0,0,0,0,0,7,0,0,4,19,1,7,0,nan,nan,nan,nan,1.167,nan,nan,1,1,1,1.167,nan,nan,nan,nan,nan,-0.067,nan,nan,0,0,0,-0.067,nan,500,fresh
145194,0,0,0,0,0,0,7,0,0,4,19,1,7,0,nan,nan,nan,nan,1.167,nan,nan,1,1,1,1.167,nan,nan,nan,nan,nan,-0.067,nan,nan,0,0,0,-0.067,nan,500,fresh
146264,0,0,0,0,0,0,7,0,0,4,19,1,7,0,nan,nan,nan,nan,1.167,nan,nan,1,1,1,1.167,nan,nan,nan,nan,nan,-0.067,nan,nan,0,0,0,-0.067,nan,500,fresh
147332,0,0,0,0,0,0,7,0,0,4,19,1,7,0,nan,nan,nan,nan,1.167,nan,nan,1,1,1,1.167,nan,nan,nan,nan,nan,-0.067,nan,nan,0,0,0,-0.067,nan,500,fresh
148402,0,0,0,0,0,0,7,0,0,4,19,1,7,0,nan,nan,nan,nan,1.167,nan,nan,1,1,1,1.167,nan,nan,nan,nan,nan,-0.067,nan,nan,0,0,0,-0.067,nan,500,fresh
149471,0,0,0,0,0,0,7,0,0,4,19,1,7,0,nan,nan,nan,nan,1.167,nan,nan,1,1,1,1.167,nan,nan,nan,nan,nan,-0.067,nan,nan,0,0,0,-0.067,nan,500,fresh
150541,0,0,0,0,0,0,7,0,0,4,19,1,7,0,nan,nan,nan,nan,1.167,nan,nan,1,1,1,1.167,nan,nan,nan,nan,nan,-0.067,nan,nan,0,0,0,-0.067,nan,500,fresh
151611,0,0,0,0,0,0,7,0,0,4,19,1,7,0,nan,nan,nan,nan,1.167,nan,nan,1,1,1,1.167,nan,nan,nan,nan,nan,-0.067,nan,nan,0,0,0,-0.067,nan,500,fresh
152680,0,0,0,0,0,0,7,0,0,4,19,1,7,0,nan,nan,nan,nan,1.167,nan,nan,1,1,1,1.167,nan,nan,nan,nan,nan,-0.067,nan,nan,0,0,0,-0.067,nan,500,fresh
153750,0,0,0,0,0,0,7,0,0,4,19,1,7,0,nan,nan,nan,nan,1.167,nan,nan,1,1,1,1.167,nan,nan,nan,nan,nan,-0.067,nan,nan,0,0,0,-0.067,nan,500,fresh
154820,0,0,0,0,0,0,7,0,0,4,19,1,7,0,nan,nan,nan,nan,1.167,nan,nan,1,1,1,1.167,nan,nan,nan,nan,nan,-0.067,nan,nan,0,0,0,-0.067,nan,500,fresh
155890,0,0,0,0,0,0,7,0,0,4,19,1,7,0,nan,nan,nan,nan,1.167,nan,nan,1,1,1,1.167,nan,nan,nan,nan,nan,-0.067,nan,nan,0,0,0,-0.067,nan,500,fresh
156960,0,0,0,0,0,0,7,0,0,4,19,1,7,0,nan,nan,nan,nan,1.167,nan,nan,1,1,1,1.167,nan,nan,nan,nan,nan,-0.067,nan,nan,0,0,0,-0.067,nan,500,fresh
158030,0,0,0,0,0,0,7,0,0,4,19,1,7,0,nan,nan,nan,nan,1.167,nan,nan,1,1,1,1.167,nan,nan,nan,nan,nan,-0.067,nan,nan,0,0,0,-0.067,nan,500,fresh
159100,0,0,0,0,0,0,7,0,0,4,19,1,6,0,nan,nan,nan,nan,1.167,nan,nan,1,1,1,1,nan,nan,nan,nan,nan,-0.067,nan,nan,0,0,0,0,nan,500,fresh
160168,0,0,0,0,0,0,7,0,0,4,19,1,7,0,nan,nan,nan,nan,1.167,nan,nan,1,1,1,1.167,nan,nan,nan,nan,nan,-0.067,nan,nan,0,0,0,-0.067,nan,500,fresh
161237,0,0,0,0,0,0,7,0,0,4,19,1,7,0,nan,nan,nan,nan,1.167,nan,nan,1,1,1,1.167,nan,nan,nan,nan,nan,-0.067,nan,nan,0,0,0,-0.067,nan,500,fresh
162306,0,0,0,0,0,0,7,0,0,4,19,1,7,0,nan,nan,nan,nan,1.167,nan,nan,1,1,1,1.167,nan,nan,nan,nan,nan,-0.067,nan,nan,0,0,0,-0.067,nan,500,fresh
163376,0,0,0,0,0,0,7,0,0,4,19,1,7,0,nan,nan,nan,nan,1.167,nan,nan,1,1,1,1.167,nan,nan,nan,nan,nan,-0.067,nan,nan,0,0,0,-0.067,nan,500,fresh
164444,0,0,0,0,0,0,7,0,0,4,19,1,7,0,nan,nan,nan,nan,1.167,nan,nan,1,1,1,1.167,nan,nan,nan,nan,nan,-0.067,nan,nan,0,0,0,-0.067,nan,500,fresh
165513,0,0,0,0,0,0,7,0,0,4,19,1,7,0,nan,nan,nan,nan,1.167,nan,nan,1,1,1,1.167,nan,nan,nan,nan,nan,-0.067,nan,nan,0,0,0,-0.067,nan,500,fresh
166583,0,0,0,0,0,0,7,0,0,4,19,1,7,0,nan,nan,nan,nan,1.167,nan,nan,1,1,1,1.167,nan,nan,nan,nan,nan,-0.067,nan,nan,0,0,0,-0.067,nan,500,fresh
167652,0,0,0,0,0,0,7,0,0,4,19,1,7,0,nan,nan,nan,nan,1.167,nan,nan,1,1,1,1.167,nan,nan,nan,nan,nan,-0.067,nan,nan,0,0,0,-0.067,nan,500,fresh
168722,0,0,0,0,0,0,7,0,0,4,19,1,7,0,nan,nan,nan,nan,1.167,nan,nan,1,1,1,1.167,nan,nan,nan,nan,nan,-0.067,nan,nan,0,0,0,-0.067,nan,500,fresh
169792,0,0,0,0,0,0,7,0,0,4,19,1,7,0,nan,nan,nan,nan,1.167,nan,nan,1,1,1,1.167,nan,nan,nan,nan,nan,-0.067,nan,nan,0,0,0,-0.067,nan,500,fresh
170862,0,0,0,0,0,0,7,0,0,4,19,1,7,0,nan,nan,nan,nan,1.167,nan,nan,1,1,1,1.167,nan,nan,nan,nan,nan,-0.067,nan,nan,0,0,0,-0.067,nan,500,fresh
171932,0,0,0,0,0,0,6,0,0,4,19,1,7,0,nan,nan,nan,nan,1,nan,nan,1,1,1,1.167,nan,nan,nan,nan,nan,0,nan,nan,0,0,0,-0.067,nan,500,fresh
173002,0,0,0,0,0,0,7,0,0,4,19,1,7,0,nan,nan,nan,nan,1.167,nan,nan,1,1,1,1.167,nan,nan,nan,nan,nan,-0.067,nan,nan,0,0,0,-0.067,nan,500,fresh
174072,0,0,0,0,0,0,7,0,0,4,19,1,7,0,nan,nan,nan,nan,1.167,nan,nan,1,1,1,1.167,nan,nan,nan,nan,nan,-0.067,nan,nan,0,0,0,-0.067,nan,500,fresh
175140,0,0,0,0,0,0,6,0,0,4,19,1,7,0,nan,nan,nan,nan,1,nan,nan,1,1,1,1.167,nan,nan,nan,nan,nan,0,nan,nan,0,0,0,-0.067,nan,500,fresh
176210,0,0,0,0,0,0,7,0,0,4,19,1,7,0,nan,nan,nan,nan,1.167,nan,nan,1,1,1,1.167,nan,nan,nan,nan,nan,-0.067,nan,nan,0,0,0,-0.067,nan,500,fresh
177280,0,0,0,0,0,0,7,0,0,4,19,1,7,0,nan,nan,nan,nan,1.167,nan,nan,1,1,1,1.167,nan,nan,nan,nan,nan,-0.067,nan,nan,0,0,0,-0.067,nan,500,fresh
178350,0,0,0,0,0,0,6,0,0,4,19,1,7,0,nan,nan,nan,nan,1,nan,nan,1,1,1,1.167,nan,nan,nan,nan,nan,0,nan,nan,0,0,0,-0.067,nan,500,fresh
179419,0,0,0,0,0,0,7,0,0,4,19,1,7,0,nan,nan,nan,nan,1.167,nan,nan,1,1,1,1.167,nan,nan,nan,nan,nan,-0.067,nan,nan,0,0,0,-0.067,nan,500,fresh
180488,0,0,0,0,0,0,7,0,0,4,19,1,7,0,nan,nan,nan,nan,1.167,nan,nan,1,1,1,1.167,nan,nan,nan,nan,nan,-0.067,nan,nan,0,0,0,-0.067,nan,500,fresh
181557,0,0,0,0,0,0,7,0,0,4,19,1,7,0,nan,nan,nan,nan,1.167,nan,nan,1,1,1,1.167,nan,nan,nan,nan,nan,-0.067,nan,nan,0,0,0,-0.067,nan,500,fresh
182627,0,0,0,0,0,0,7,0,0,4,19,1,7,0,nan,nan,nan,nan,1.167,nan,nan,1,1,1,1.167,nan,nan,nan,nan,nan,-0.067,nan,nan,0,0,0,-0.067,nan,500,fresh
183697,0,0,0,0,0,0,7,0,0,4,19,1,7,0,nan,nan,nan,nan,1.167,nan,nan,1,1,1,1.167,nan,nan,nan,nan,nan,-0.067,nan,nan,0,0,0,-0.067,nan,500,fresh
184766,0,0,0,0,0,0,7,0,0,4,19,1,7,0,nan,nan,nan,nan,1.167,nan,nan,1,1,1,1.167,nan,nan,nan,nan,nan,-0.067,nan,nan,0,0,0,-0.067,nan,500,fresh
185836,0,0,0,0,0,0,7,0,0,4,19,1,7,0,nan,nan,nan,nan,1.167,nan,nan,1,1,1,1.167,nan,nan,nan,nan,nan,-0.067,nan,nan,0,0,0,-0.067,nan,500,fresh
186906,0,0,0,0,0,0,7,0,0,4,19,1,7,0,nan,nan,nan,nan,1.167,nan,nan,1,1,1,1.167,nan,nan,nan,nan,nan,-0.067,nan,nan,0,0,0,-0.067,nan,500,fresh
187976,0,0,0,0,0,0,7,0,0,4,19,1,6,0,nan,nan,nan,nan,1.167,nan,nan,1,1,1,1,nan,nan,nan,nan,nan,-0.067,nan,nan,0,0,0,0,nan,500,fresh
189046,0,0,0,0,0,0,7,0,0,4,19,1,6,0,nan,nan,nan,nan,1.167,nan,nan,1,1,1,1,nan,nan,nan,nan,nan,-0.067,nan,nan,0,0,0,0,nan,500,fresh
190115,0,0,0,0,0,0,6,0,0,4,19,1,7,0,nan,nan,nan,nan,1,nan,nan,1,1,1,1.167,nan,nan,nan,nan,nan,0,nan,nan,0,0,0,-0.067,nan,500,fresh
191185,0,0,0,0,0,0,7,0,0,4,19,1,6,0,nan,nan,nan,nan,1.167,nan,nan,1,1,1,1,nan,nan,nan,nan,nan,-0.067,nan,nan,0,0,0,0,nan,500,fresh
192255,0,0,0,0,0,0,7,0,0,4,19,1,7,0,nan,nan,nan,nan,1.167,nan,nan,1,1,1,1.167,nan,nan,nan,nan,nan,-0.067,nan,nan,0,0,0,-0.067,nan,500,fresh
193324,0,0,0,0,0,0,7,0,0,4,19,1,7,0,nan,nan,nan,nan,1.167,nan,nan,1,1,1,1.167,nan,nan,nan,nan,nan,-0.067,nan,nan,0,0,0,-0.067,nan,500,fresh
194394,0,0,0,0,0,0,7,0,0,4,19,1,7,0,nan,nan,nan,nan,1.167,nan,nan,1,1,1,1.167,nan,nan,nan,nan,nan,-0.067,nan,nan,0,0,0,-0.067,nan,500,fresh
195464,0,0,0,0,0,0,7,0,0,4,19,1,7,0,nan,nan,nan,nan,1.167,nan,nan,1,1,1,1.167,nan,nan,nan,nan,nan,-0.067,nan,nan,0,0,0,-0.067,nan,500,fresh
196534,0,0,0,0,0,0,7,0,0,4,19,1,7,0,nan,nan,nan,nan,1.167,nan,nan,1,1,1,1.167,nan,nan,nan,nan,nan,-0.067,nan,nan,0,0,0,-0.067,nan,500,fresh
197604,0,0,0,0,0,0,7,0,0,4,19,1,7,0,nan,nan,nan,nan,1.167,nan,nan,1,1,1,1.167,nan,nan,nan,nan,nan,-0.067,nan,nan,0,0,0,-0.067,nan,500,fresh
198673,0,0,0,0,0,0,7,0,0,4,19,1,7,0,nan,nan,nan,nan,1.167,nan,nan,1,1,1,1.167,nan,nan,nan,nan,nan,-0.067,nan,nan,0,0,0,-0.067,nan,500,fresh
199741,0,0,0,0,0,0,6,0,0,4,19,1,7,0,nan,nan,nan,nan,1,nan,nan,1,1,1,1.167,nan,nan,nan,nan,nan,0,nan,nan,0,0,0,-0.067,nan,500,fresh
200810,0,0,0,0,0,0,7,0,0,4,19,1,7,0,nan,nan,nan,nan,1.167,nan,nan,1,1,1,1.167,nan,nan,nan,nan,nan,-0.067,nan,nan,0,0,0,-0.067,nan,500,fresh
201880,0,0,0,0,0,0,7,0,0,4,19,1,7,0,nan,nan,nan,nan,1.167,nan,nan,1,1,1,1.167,nan,nan,nan,nan,nan,-0.067,nan,nan,0,0,0,-0.067,nan,500,fresh
202950,0,0,0,0,0,0,7,0,0,4,19,1,7,0,nan,nan,nan,nan,1.167,nan,nan,1,1,1,1.167,nan,nan,nan,nan,nan,-0.067,nan,nan,0,0,0,-0.067,nan,500,fresh
204019,0,0,0,0,0,0,7,0,0,4,19,1,7,0,nan,nan,nan,nan,1.167,nan,nan,1,1,1,1.167,nan,nan,nan,nan,nan,-0.067,nan,nan,0,0,0,-0.067,nan,500,fresh
205089,0,0,0,0,0,0,7,0,0,4,19,1,6,0,nan,nan,nan,nan,1.167,nan,nan,1,1,1,1,nan,nan,nan,nan,nan,-0.067,nan,nan,0,0,0,0,nan,500,fresh
206159,0,0,0,0,0,0,7,0,0,4,19,1,7,0,nan,nan,nan,nan,1.167,nan,nan,1,1,1,1.167,nan,nan,nan,nan,nan,-0.067,nan,nan,0,0,0,-0.067,nan,500,fresh
207228,0,0,0,0,0,0,7,0,0,4,19,1,7,0,nan,nan,nan,nan,1.167,nan,nan,1,1,1,1.167,nan,nan,nan,nan,nan,-0.067,nan,nan,0,0,0,-0.067,nan,500,fresh
208298,0,0,0,0,0,0,7,0,0,4,19,1,6,0,nan,nan,nan,nan,1.167,nan,nan,1,1,1,1,nan,nan,nan,nan,nan,-0.067,nan,nan,0,0,0,0,nan,500,fresh
209368,0,0,0,0,0,0,7,0,0,4,19,1,7,0,nan,nan,nan,nan,1.167,nan,nan,1,1,1,1.167,nan,nan,nan,nan,nan,-0.067,nan,nan,0,0,0,-0.067,nan,500,fresh
210437,0,0,0,0,0,0,7,0,0,4,19,1,7,0,nan,nan,nan,nan,1.167,nan,nan,1,1,1,1.167,nan,nan,nan,nan,nan,-0.067,nan,nan,0,0,0,-0.067,nan,500,fresh
211507,0,0,0,0,0,0,6,0,0,4,19,1,7,0,nan,nan,nan,nan,1,nan,nan,1,1,1,1.167,nan,nan,nan,nan,nan,0,nan,nan,0,0,0,-0.067,nan,500,fresh
212576,0,0,0,0,0,0,6,0,0,4,19,1,7,0,nan,nan,nan,nan,1,nan,nan,1,1,1,1.167,nan,nan,nan,nan,nan,0,nan,nan,0,0,0,-0.067,nan,500,fresh
213644,0,0,0,0,0,0,7,0,0,4,19,1,6,0,nan,nan,nan,nan,1.167,nan,nan,1,1,1,1,nan,nan,nan,nan,nan,-0.067,nan,nan,0,0,0,0,nan,500,fresh
214713,0,0,0,0,0,0,7,0,0,4,19,1,7,0,nan,nan,nan,nan,1.167,nan,nan,1,1,1,1.167,nan,nan,nan,nan,nan,-0.067,nan,nan,0,0,0,-0.067,nan,500,fresh
215783,0,0,0,0,0,0,7,0,0,4,19,1,7,0,nan,nan,nan,nan,1.167,nan,nan,1,1,1,1.167,nan,nan,nan,nan,nan,-0.067,nan,nan,0,0,0,-0.067,nan,500,fresh
216853,0,0,0,0,0,0,7,0,0,4,19,1,7,0,nan,nan,nan,nan,1.167,nan,nan,1,1,1,1.167,nan,nan,nan,nan,nan,-0.067,nan,nan,0,0,0,-0.067,nan,500,fresh
217921,0,0,0,0,0,0,7,0,0,4,19,1,6,0,nan,nan,nan,nan,1.167,nan,nan,1,1,1,1,nan,nan,nan,nan,nan,-0.067,nan,nan,0,0,0,0,nan,500,fresh
218990,0,0,0,0,0,0,7,0,0,4,19,1,7,0,nan,nan,nan,nan,1.167,nan,nan,1,1,1,1.167,nan,nan,nan,nan,nan,-0.067,nan,nan,0,0,0,-0.067,nan,500,fresh
220060,0,0,0,0,0,0,6,0,0,4,19,1,7,0,nan,nan,nan,nan,1,nan,nan,1,1,1,1.167,nan,nan,nan,nan,nan,0,nan,nan,0,0,0,-0.067,nan,500,fresh
221130,0,0,0,0,0,0,7,0,0,4,19,1,7,0,nan,nan,nan,nan,1.167,nan,nan,1,1,1,1.167,nan,nan,nan,nan,nan,-0.067,nan,nan,0,0,0,-0.067,nan,500,fresh
222198,0,0,0,0,0,0,7,0,0,4,19,1,7,0,nan,nan,nan,nan,1.167,nan,nan,1,1,1,1.167,nan,nan,nan,nan,nan,-0.067,nan,nan,0,0,0,-0.067,nan,500,fresh
223267,0,0,0,0,0,0,7,0,0,4,19,1,7,0,nan,nan,nan,nan,1.167,nan,nan,1,1,1,1.167,nan,nan,nan,nan,nan,-0.067,nan,nan,0,0,0,-0.067,nan,500,fresh
224337,0,0,0,0,0,0,6,0,0,4,19,1,7,0,nan,nan,nan,nan,1,nan,nan,1,1,1,1.167,nan,nan,nan,nan,nan,0,nan,nan,0,0,0,-0.067,nan,500,fresh
225406,0,0,0,0,0,0,6,0,0,4,19,1,7,0,nan,nan,nan,nan,1,nan,nan,1,1,1,1.167,nan,nan,nan,nan,nan,0,nan,nan,0,0,0,-0.067,nan,500,fresh
226475,0,0,0,0,0,0,7,0,0,4,19,1,7,0,nan,nan,nan,nan,1.167,nan,nan,1,1,1,1.167,nan,nan,nan,nan,nan,-0.067,nan,nan,0,0,0,-0.067,nan,500,fresh
227544,0,0,0,0,0,0,6,0,0,4,19,1,7,0,nan,nan,nan,nan,1,nan,nan,1,1,1,1.167,nan,nan,nan,nan,nan,0,nan,nan,0,0,0,-0.067,nan,500,fresh
228614,0,0,0,0,0,0,7,0,0,4,19,1,7,0,nan,nan,nan,nan,1.167,nan,nan,1,1,1,1.167,nan,nan,nan,nan,nan,-0.067,nan,nan,0,0,0,-0.067,nan,500,fresh
229683,0,0,0,0,0,0,7,0,0,3,19,1,7,0,nan,nan,nan,nan,1.167,nan,nan,0.75,1,1,1.167,nan,nan,nan,nan,nan,-0.067,nan,nan,0.125,0,0,-0.067,nan,500,fresh
230752,0,0,0,0,0,0,6,0,0,4,19,1,6,0,nan,nan,nan,nan,1,nan,nan,1,1,1,1,nan,nan,nan,nan,nan,0,nan,nan,0,0,0,0,nan,500,fresh
231822,0,0,0,0,0,0,7,0,0,4,19,1,7,0,nan,nan,nan,nan,1.167,nan,nan,1,1,1,1.167,nan,nan,nan,nan,nan,-0.067,nan,nan,0,0,0,-0.067,nan,500,fresh
232892,0,0,0,0,0,0,7,0,0,4,19,1,7,0,nan,nan,nan,nan,1.167,nan,nan,1,1,1,1.167,nan,nan,nan,nan,nan,-0.067,nan,nan,0,0,0,-0.067,nan,500,fresh
233962,0,0,0,0,0,0,6,0,0,4,19,1,7,0,nan,nan,nan,nan,1,nan,nan,1,1,1,1.167,nan,nan,nan,nan,nan,0,nan,nan,0,0,0,-0.067,nan,500,fresh
235031,0,0,0,0,0,0,6,0,0,4,19,1,7,0,nan,nan,nan,nan,1,nan,nan,1,1,1,1.167,nan,nan,nan,nan,nan,0,nan,nan,0,0,0,-0.067,nan,500,fresh
236100,0,0,0,0,0,0,7,0,0,4,19,1,6,0,nan,nan,nan,nan,1.167,nan,nan,1,1,1,1,nan,nan,nan,nan,nan,-0.067,nan,nan,0,0,0,0,nan,500,fresh
237170,0,0,0,0,0,0,7,0,0,4,19,1,7,0,nan,nan,nan,nan,1.167,nan,nan,1,1,1,1.167,nan,nan,nan,nan,nan,-0.067,nan,nan,0,0,0,-0.067,nan,500,fresh
238240,0,0,0,0,0,0,7,0,0,4,19,1,7,0,nan,nan,nan,nan,1.167,nan,nan,1,1,1,1.167,nan,nan,nan,nan,nan,-0.067,nan,nan,0,0,0,-0.067,nan,500,fresh
239309,0,0,0,0,0,0,7,0,0,4,19,1,6,0,nan,nan,nan,nan,1.167,nan,nan,1,1,1,1,nan,nan,nan,nan,nan,-0.067,nan,nan,0,0,0,0,nan,500,fresh
240379,0,0,0,0,0,0,7,0,0,4,19,1,7,0,nan,nan,nan,nan,1.167,nan,nan,1,1,1,1.167,nan,nan,nan,nan,nan,-0.067,nan,nan,0,0,0,-0.067,nan,500,fresh
241449,0,0,0,0,0,0,7,0,0,4,19,1,6,0,nan,nan,nan,nan,1.167,nan,nan,1,1,1,1,nan,nan,nan,nan,nan,-0.067,nan,nan,0,0,0,0,nan,500,fresh
242519,0,0,0,0,0,0,7,0,0,4,19,1,7,0,nan,nan,nan,nan,1.167,nan,nan,1,1,1,1.167,nan,nan,nan,nan,nan,-0.067,nan,nan,0,0,0,-0.067,nan,500,fresh
243588,0,0,0,0,0,0,7,0,0,4,19,1,6,0,nan,nan,nan,nan,1.167,nan,nan,1,1,1,1,nan,nan,nan,nan,nan,-0.067,nan,nan,0,0,0,0,nan,500,fresh
244657,0,0,0,0,0,0,7,0,0,4,19,1,7,0,nan,nan,nan,nan,1.167,nan,nan,1,1,1,1.167,nan,nan,nan,nan,nan,-0.067,nan,nan,0,0,0,-0.067,nan,500,fresh
245727,0,0,0,0,0,0,7,0,0,4,19,1,7,0,nan,nan,nan,nan,1.167,nan,nan,1,1,1,1.167,nan,nan,nan,nan,nan,-0.067,nan,nan,0,0,0,-0.067,nan,500,fresh
246795,0,0,0,0,0,0,7,0,0,4,19,1,7,0,nan,nan,nan,nan,1.167,nan,nan,1,1,1,1.167,nan,nan,nan,nan,nan,-0.067,nan,nan,0,0,0,-0.067,nan,500,fresh
247864,0,0,0,0,0,0,7,0,0,4,19,1,7,0,nan,nan,nan,nan,1.167,nan,nan,1,1,1,1.167,nan,nan,nan,nan,nan,-0.067,nan,nan,0,0,0,-0.067,nan,500,fresh
248934,0,0,0,0,0,0,7,0,0,4,19,1,7,0,nan,nan,nan,nan,1.167,nan,nan,1,1,1,1.167,nan,nan,nan,nan,nan,-0.067,nan,nan,0,0,0,-0.067,nan,500,fresh
250004,0,0,0,0,0,0,6,0,0,4,19,1,7,0,nan,nan,nan,nan,1,nan,nan,1,1,1,1.167,nan,nan,nan,nan,nan,0,nan,nan,0,0,0,-0.067,nan,500,fresh
251073,0,0,0,0,0,0,7,0,0,4,19,1,7,0,nan,nan,nan,nan,1.167,nan,nan,1,1,1,1.167,nan,nan,nan,nan,nan,-0.067,nan,nan,0,0,0,-0.067,nan,500,fresh
252142,0,0,0,0,0,0,7,0,0,4,19,1,7,0,nan,nan,nan,nan,1.167,nan,nan,1,1,1,1.167,nan,nan,nan,nan,nan,-0.067,nan,nan,0,0,0,-0.067,nan,500,fresh
253212,0,0,0,0,0,0,7,0,0,4,19,1,7,0,nan,nan,nan,nan,1.167,nan,nan,1,1,1,1.167,nan,nan,nan,nan,nan,-0.067,nan,nan,0,0,0,-0.067,nan,500,fresh
254280,0,0,0,0,0,0,7,0,0,4,19,1,6,0,nan,nan,nan,nan,1.167,nan,nan,1,1,1,1,nan,nan,nan,nan,nan,-0.067,nan,nan,0,0,0,0,nan,500,fresh
255350,0,0,0,0,0,0,7,0,0,4,19,1,7,0,nan,nan,nan,nan,1.167,nan,nan,1,1,1,1.167,nan,nan,nan,nan,nan,-0.067,nan,nan,0,0,0,-0.067,nan,500,fresh
256419,0,0,0,0,0,0,7,0,0,4,19,1,7,0,nan,nan,nan,nan,1.167,nan,nan,1,1,1,1.167,nan,nan,nan,nan,nan,-0.067,nan,nan,0,0,0,-0.067,nan,500,fresh
257489,0,0,0,0,0,0,7,0,0,4,19,1,7,0,nan,nan,nan,nan,1.167,nan,nan,1,1,1,1.167,nan,nan,nan,nan,nan,-0.067,nan,nan,0,0,0,-0.067,nan,500,fresh
258559,0,0,0,0,0,0,7,0,0,4,19,1,7,0,nan,nan,nan,nan,1.167,nan,nan,1,1,1,1.167,nan,nan,nan,nan,nan,-0.067,nan,nan,0,0,0,-0.067,nan,500,fresh
259627,0,0,0,0,0,0,7,0,0,4,19,1,7,0,nan,nan,nan,nan,1.167,nan,nan,1,1,1,1.167,nan,nan,nan,nan,nan,-0.067,nan,nan,0,0,0,-0.067,nan,500,fresh
260695,0,0,0,0,0,0,7,0,0,4,19,1,7,0,nan,nan,nan,nan,1.167,nan,nan,1,1,1,1.167,nan,nan,nan,nan,nan,-0.067,nan,nan,0,0,0,-0.067,nan,500,fresh
261765,0,0,0,0,0,0,7,0,0,4,19,1,7,0,nan,nan,nan,nan,1.167,nan,nan,1,1,1,1.167,nan,nan,nan,nan,nan,-0.067,nan,nan,0,0,0,-0.067,nan,500,fresh
262834,0,0,0,0,0,0,7,0,0,4,19,1,7,0,nan,nan,nan,nan,1.167,nan,nan,1,1,1,1.167,nan,nan,nan,nan,nan,-0.067,nan,nan,0,0,0,-0.067,nan,500,fresh
263904,0,0,0,0,0,0,7,0,0,4,19,1,7,0,nan,nan,nan,nan,1.167,nan,nan,1,1,1,1.167,nan,nan,nan,nan,nan,-0.067,nan,nan,0,0,0,-0.067,nan,500,fresh
264974,0,0,0,0,0,0,6,0,0,4,19,1,6,0,nan,nan,nan,nan,1,nan,nan,1,1,1,1,nan,nan,nan,nan,nan,0,nan,nan,0,0,0,0,nan,500,fresh
266042,0,0,0,0,0,0,7,0,0,4,19,1,7,0,nan,nan,nan,nan,1.167,nan,nan,1,1,1,1.167,nan,nan,nan,nan,nan,-0.067,nan,nan,0,0,0,-0.067,nan,500,fresh
267111,0,0,0,0,0,0,7,0,0,4,19,1,7,0,nan,nan,nan,nan,1.167,nan,nan,1,1,1,1.167,nan,nan,nan,nan,nan,-0.067,nan,nan,0,0,0,-0.067,nan,500,fresh
268181,0,0,0,0,0,0,7,0,0,4,19,1,7,0,nan,nan,nan,nan,1.167,nan,nan,1,1,1,1.167,nan,nan,nan,nan,nan,-0.067,nan,nan,0,0,0,-0.067,nan,500,fresh
269251,0,0,0,0,0,0,7,0,0,4,19,1,7,0,nan,nan,nan,nan,1.167,nan,nan,1,1,1,1.167,nan,nan,nan,nan,nan,-0.067,nan,nan,0,0,0,-0.067,nan,500,fresh
270321,0,0,0,0,0,0,6,0,0,4,19,1,7,0,nan,nan,nan,nan,1,nan,nan,1,1,1,1.167,nan,nan,nan,nan,nan,0,nan,nan,0,0,0,-0.067,nan,500,fresh
271390,0,0,0,0,0,0,7,0,0,4,19,1,7,0,nan,nan,nan,nan,1.167,nan,nan,1,1,1,1.167,nan,nan,nan,nan,nan,-0.067,nan,nan,0,0,0,-0.067,nan,500,fresh
272459,0,0,0,0,0,0,7,0,0,4,19,1,6,0,nan,nan,nan,nan,1.167,nan,nan,1,1,1,1,nan,nan,nan,nan,nan,-0.067,nan,nan,0,0,0,0,nan,500,fresh
273528,0,0,0,0,0,0,7,0,0,4,19,1,6,0,nan,nan,nan,nan,1.167,nan,nan,1,1,1,1,nan,nan,nan,nan,nan,-0.067,nan,nan,0,0,0,0,nan,500,fresh
274597,0,0,0,0,0,0,7,0,0,4,19,1,7,0,nan,nan,nan,nan,1.167,nan,nan,1,1,1,1.167,nan,nan,nan,nan,nan,-0.067,nan,nan,0,0,0,-0.067,nan,500,fresh
275667,0,0,0,0,0,0,7,0,0,4,19,1,7,0,nan,nan,nan,nan,1.167,nan,nan,1,1,1,1.167,nan,nan,nan,nan,nan,-0.067,nan,nan,0,0,0,-0.067,nan,500,fresh
276737,0,0,0,0,0,0,6,0,0,4,19,1,7,0,nan,nan,nan,nan,1,nan,nan,1,1,1,1.167,nan,nan,nan,nan,nan,0,nan,nan,0,0,0,-0.067,nan,500,fresh
277806,0,0,0,0,0,0,7,0,0,4,19,1,7,0,nan,nan,nan,nan,1.167,nan,nan,1,1,1,1.167,nan,nan,nan,nan,nan,-0.067,nan,nan,0,0,0,-0.067,nan,500,fresh
278875,0,0,0,0,0,0,6,0,0,4,19,1,6,0,nan,nan,nan,nan,1,nan,nan,1,1,1,1,nan,nan,nan,nan,nan,0,nan,nan,0,0,0,0,nan,500,fresh
279945,0,0,0,0,0,0,7,0,0,4,19,1,7,0,nan,nan,nan,nan,1.167,nan,nan,1,1,1,1.167,nan,nan,nan,nan,nan,-0.067,nan,nan,0,0,0,-0.067,nan,500,fresh
281015,0,0,0,0,0,0,6,0,0,4,19,1,7,0,nan,nan,nan,nan,1,nan,nan,1,1,1,1.167,nan,nan,nan,nan,nan,0,nan,nan,0,0,0,-0.067,nan,500,fresh
282084,0,0,0,0,0,0,7,0,0,4,19,1,7,0,nan,nan,nan,nan,1.167,nan,nan,1,1,1,1.167,nan,nan,nan,nan,nan,-0.067,nan,nan,0,0,0,-0.067,nan,500,fresh
283153,0,0,0,0,0,0,7,0,0,4,19,1,7,0,nan,nan,nan,nan,1.167,nan,nan,1,1,1,1.167,nan,nan,nan,nan,nan,-0.067,nan,nan,0,0,0,-0.067,nan,500,fresh
284222,0,0,0,0,0,0,6,0,0,4,19,1,7,0,nan,nan,nan,nan,1,nan,nan,1,1,1,1.167,nan,nan,nan,nan,nan,0,nan,nan,0,0,0,-0.067,nan,500,fresh
285292,0,0,0,0,0,0,7,0,0,4,19,1,7,0,nan,nan,nan,nan,1.167,nan,nan,1,1,1,1.167,nan,nan,nan,nan,nan,-0.067,nan,nan,0,0,0,-0.067,nan,500,fresh
286361,0,0,0,0,0,0,7,0,0,4,19,1,7,0,nan,nan,nan,nan,1.167,nan,nan,1,1,1,1.167,nan,nan,nan,nan,nan,-0.067,nan,nan,0,0,0,-0.067,nan,500,fresh
287430,0,0,0,0,0,0,7,0,0,4,19,1,7,0,nan,nan,nan,nan,1.167,nan,nan,1,1,1,1.167,nan,nan,nan,nan,nan,-0.067,nan,nan,0,0,0,-0.067,nan,500,fresh
288499,0,0,0,0,0,0,6,0,0,4,19,1,7,0,nan,nan,nan,nan,1,nan,nan,1,1,1,1.167,nan,nan,nan,nan,nan,0,nan,nan,0,0,0,-0.067,nan,500,fresh
289569,0,0,0,0,0,0,7,0,0,4,19,1,7,0,nan,nan,nan,nan,1.167,nan,nan,1,1,1,1.167,nan,nan,nan,nan,nan,-0.067,nan,nan,0,0,0,-0.067,nan,500,fresh
290639,0,0,0,0,0,0,7,0,0,4,19,1,7,0,nan,nan,nan,nan,1.167,nan,nan,1,1,1,1.167,nan,nan,nan,nan,nan,-0.067,nan,nan,0,0,0,-0.067,nan,500,fresh
291709,0,0,0,0,0,0,6,0,0,4,19,1,7,0,nan,nan,nan,nan,1,nan,nan,1,1,1,1.167,nan,nan,nan,nan,nan,0,nan,nan,0,0,0,-0.067,nan,500,fresh
292779,0,0,0,0,0,0,7,0,0,4,19,1,7,0,nan,nan,nan,nan,1.167,nan,nan,1,1,1,1.167,nan,nan,nan,nan,nan,-0.067,nan,nan,0,0,0,-0.067,nan,500,fresh
293848,0,0,0,0,0,0,7,0,0,4,19,1,7,0,nan,nan,nan,nan,1.167,nan,nan,1,1,1,1.167,nan,nan,nan,nan,nan,-0.067,nan,nan,0,0,0,-0.067,nan,500,fresh
294918,0,0,0,0,0,0,7,0,0,4,19,1,7,0,nan,nan,nan,nan,1.167,nan,nan,1,1,1,1.167,nan,nan,nan,nan,nan,-0.067,nan,nan,0,0,0,-0.067,nan,500,fresh
295987,0,0,0,0,0,0,6,0,0,4,19,1,7,0,nan,nan,nan,nan,1,nan,nan,1,1,1,1.167,nan,nan,nan,nan,nan,0,nan,nan,0,0,0,-0.067,nan,500,fresh
297057,0,0,0,0,0,0,7,0,0,4,19,1,6,0,nan,nan,nan,nan,1.167,nan,nan,1,1,1,1,nan,nan,nan,nan,nan,-0.067,nan,nan,0,0,0,0,nan,500,fresh
298126,0,0,0,0,0,0,7,0,0,4,19,1,6,0,nan,nan,nan,nan,1.167,nan,nan,1,1,1,1,nan,nan,nan,nan,nan,-0.067,nan,nan,0,0,0,0,nan,500,fresh
299195,0,0,0,0,0,0,7,0,0,4,19,1,7,0,nan,nan,nan,nan,1.167,nan,nan,1,1,1,1.167,nan,nan,nan,nan,nan,-0.067,nan,nan,0,0,0,-0.067,nan,500,fresh
300265,0,0,0,0,0,0,7,0,0,4,19,1,6,0,nan,nan,nan,nan,1.167,nan,nan,1,1,1,1,nan,nan,nan,nan,nan,-0.067,nan,nan,0,0,0,0,nan,500,fresh
301335,0,0,0,0,0,0,7,0,0,4,19,1,7,0,nan,nan,nan,nan,1.167,nan,nan,1,1,1,1.167,nan,nan,nan,nan,nan,-0.067,nan,nan,0,0,0,-0.067,nan,500,fresh
302405,0,0,0,0,0,0,7,0,0,4,19,1,7,0,nan,nan,nan,nan,1.167,nan,nan,1,1,1,1.167,nan,nan,nan,nan,nan,-0.067,nan,nan,0,0,0,-0.067,nan,500,fresh
303475,0,0,0,0,0,0,7,0,0,4,19,1,7,0,nan,nan,nan,nan,1.167,nan,nan,1,1,1,1.167,nan,nan,nan,nan,nan,-0.067,nan,nan,0,0,0,-0.067,nan,500,fresh
304544,0,0,0,0,0,0,6,0,0,4,19,1,7,0,nan,nan,nan,nan,1,nan,nan,1,1,1,1.167,nan,nan,nan,nan,nan,0,nan,nan,0,0,0,-0.067,nan,500,fresh
305613,0,0,0,0,0,0,6,0,0,4,19,1,7,0,nan,nan,nan,nan,1,nan,nan,1,1,1,1.167,nan,nan,nan,nan,nan,0,nan,nan,0,0,0,-0.067,nan,500,fresh
306683,0,0,0,0,0,0,7,0,0,4,19,1,7,0,nan,nan,nan,nan,1.167,nan,nan,1,1,1,1.167,nan,nan,nan,nan,nan,-0.067,nan,nan,0,0,0,-0.067,nan,500,fresh
307752,0,0,0,0,0,0,7,0,0,3,19,1,7,0,nan,nan,nan,nan,1.167,nan,nan,0.75,1,1,1.167,nan,nan,nan,nan,nan,-0.067,nan,nan,0.125,0,0,-0.067,nan,500,fresh
308821,0,0,0,0,0,0,7,0,0,4,19,1,7,0,nan,nan,nan,nan,1.167,nan,nan,1,1,1,1.167,nan,nan,nan,nan,nan,-0.067,nan,nan,0,0,0,-0.067,nan,500,fresh
309891,0,0,0,0,0,0,7,0,0,4,19,1,6,0,nan,nan,nan,nan,1.167,nan,nan,1,1,1,1,nan,nan,nan,nan,nan,-0.067,nan,nan,0,0,0,0,nan,500,fresh
310960,0,0,0,0,0,0,7,0,0,4,19,1,7,0,nan,nan,nan,nan,1.167,nan,nan,1,1,1,1.167,nan,nan,nan,nan,nan,-0.067,nan,nan,0,0,0,-0.067,nan,500,fresh
312029,0,0,0,0,0,0,7,0,0,4,19,1,6,0,nan,nan,nan,nan,1.167,nan,nan,1,1,1,1,nan,nan,nan,nan,nan,-0.067,nan,nan,0,0,0,0,nan,500,fresh
313098,0,0,0,0,0,0,7,0,0,4,19,1,7,0,nan,nan,nan,nan,1.167,nan,nan,1,1,1,1.167,nan,nan,nan,nan,nan,-0.067,nan,nan,0,0,0,-0.067,nan,500,fresh
323795,0,0,0,0,0,0,7,0,0,4,19,1,7,0,nan,nan,nan,nan,1.167,nan,nan,1,1,1,1.167,nan,nan,nan,nan,nan,-0.067,nan,nan,0,0,0,-0.067,nan,500,fresh
324865,0,0,0,0,0,0,7,0,0,4,19,1,7,0,nan,nan,nan,nan,1.167,nan,nan,1,1,1,1.167,nan,nan,nan,nan,nan,-0.067,nan,nan,0,0,0,-0.067,nan,500,fresh
325934,0,0,0,0,0,0,7,0,0,4,19,1,7,0,nan,nan,nan,nan,1.167,nan,nan,1,1,1,1.167,nan,nan,nan,nan,nan,-0.067,nan,nan,0,0,0,-0.067,nan,500,fresh
327004,0,0,0,0,0,0,7,0,0,4,19,1,7,0,nan,nan,nan,nan,1.167,nan,nan,1,1,1,1.167,nan,nan,nan,nan,nan,-0.067,nan,nan,0,0,0,-0.067,nan,500,fresh
347322,0,0,0,0,0,0,7,0,0,4,20,1,7,0,nan,nan,nan,nan,1.167,nan,nan,1,1.053,1,1.167,nan,nan,nan,nan,nan,-0.067,nan,nan,0,-0.022,0,-0.067,nan,500,fresh
348392,0,0,0,0,0,0,7,0,0,4,20,1,7,0,nan,nan,nan,nan,1.167,nan,nan,1,1.053,1,1.167,nan,nan,nan,nan,nan,-0.067,nan,nan,0,-0.022,0,-0.067,nan,500,fresh
349461,0,0,0,0,0,0,7,0,0,4,19,1,7,0,nan,nan,nan,nan,1.167,nan,nan,1,1,1,1.167,nan,nan,nan,nan,nan,-0.067,nan,nan,0,0,0,-0.067,nan,500,fresh
350530,0,0,0,0,0,0,7,0,0,4,20,1,7,0,nan,nan,nan,nan,1.167,nan,nan,1,1.053,1,1.167,nan,nan,nan,nan,nan,-0.067,nan,nan,0,-0.022,0,-0.067,nan,500,fresh
351600,0,0,0,0,0,0,7,0,0,4,20,1,7,0,nan,nan,nan,nan,1.167,nan,nan,1,1.053,1,1.167,nan,nan,nan,nan,nan,-0.067,nan,nan,0,-0.022,0,-0.067,nan,500,fresh
352669,0,0,0,0,0,0,7,0,0,4,20,1,7,0,nan,nan,nan,nan,1.167,nan,nan,1,1.053,1,1.167,nan,nan,nan,nan,nan,-0.067,nan,nan,0,-0.022,0,-0.067,nan,500,fresh
353738,0,0,0,0,0,0,7,0,0,4,20,1,7,0,nan,nan,nan,nan,1.167,nan,nan,1,1.053,1,1.167,nan,nan,nan,nan,nan,-0.067,nan,nan,0,-0.022,0,-0.067,nan,500,fresh
354807,0,0,0,0,0,0,7,0,0,4,20,1,7,0,nan,nan,nan,nan,1.167,nan,nan,1,1.053,1,1.167,nan,nan,nan,nan,nan,-0.067,nan,nan,0,-0.022,0,-0.067,nan,500,fresh
355876,0,0,0,0,0,0,7,0,0,4,20,1,7,0,nan,nan,nan,nan,1.167,nan,nan,1,1.053,1,1.167,nan,nan,nan,nan,nan,-0.067,nan,nan,0,-0.022,0,-0.067,nan,500,fresh
356945,0,0,0,0,0,0,7,0,0,4,20,1,7,0,nan,nan,nan,nan,1.167,nan,nan,1,1.053,1,1.167,nan,nan,nan,nan,nan,-0.067,nan,nan,0,-0.022,0,-0.067,nan,500,fresh
358014,0,0,0,0,0,0,7,0,0,4,20,1,7,0,nan,nan,nan,nan,1.167,nan,nan,1,1.053,1,1.167,nan,nan,nan,nan,nan,-0.067,nan,nan,0,-0.022,0,-0.067,nan,500,fresh
359084,0,0,0,0,0,0,7,0,0,4,20,1,7,0,nan,nan,nan,nan,1.167,nan,nan,1,1.053,1,1.167,nan,nan,nan,nan,nan,-0.067,nan,nan,0,-0.022,0,-0.067,nan,500,fresh
360154,0,0,0,0,0,0,7,0,0,4,20,1,7,0,nan,nan,nan,nan,1.167,nan,nan,1,1.053,1,1.167,nan,nan,nan,nan,nan,-0.067,nan,nan,0,-0.022,0,-0.067,nan,500,fresh
361224,0,0,0,0,0,0,7,0,0,4,20,1,7,0,nan,nan,nan,nan,1.167,nan,nan,1,1.053,1,1.167,nan,nan,nan,nan,nan,-0.067,nan,nan,0,-0.022,0,-0.067,nan,500,fresh
362294,0,0,0,0,0,0,7,0,0,4,19,1,7,0,nan,nan,nan,nan,1.167,nan,nan,1,1,1,1.167,nan,nan,nan,nan,nan,-0.067,nan,nan,0,0,0,-0.067,nan,500,fresh
363364,0,0,0,0,0,0,7,0,0,4,20,1,7,0,nan,nan,nan,nan,1.167,nan,nan,1,1.053,1,1.167,nan,nan,nan,nan,nan,-0.067,nan,nan,0,-0.022,0,-0.067,nan,500,fresh
364434,0,0,0,0,0,0,7,0,0,4,20,1,7,0,nan,nan,nan,nan,1.167,nan,nan,1,1.053,1,1.167,nan,nan,nan,nan,nan,-0.067,nan,nan,0,-0.022,0,-0.067,nan,500,fresh
365504,0,0,0,0,0,0,7,0,0,4,20,1,7,0,nan,nan,nan,nan,1.167,nan,nan,1,1.053,1,1.167,nan,nan,nan,nan,nan,-0.067,nan,nan,0,-0.022,0,-0.067,nan,500,fresh
366574,0,0,0,0,0,0,7,0,0,4,20,1,7,0,nan,nan,nan,nan,1.167,nan,nan,1,1.053,1,1.167,nan,nan,nan,nan,nan,-0.067,nan,nan,0,-0.022,0,-0.067,nan,500,fresh
367643,0,0,0,0,0,0,7,0,0,4,20,1,7,0,nan,nan,nan,nan,1.167,nan,nan,1,1.053,1,1.167,nan,nan,nan,nan,nan,-0.067,nan,nan,0,-0.022,0,-0.067,nan,500,fresh
368713,0,0,0,0,0,0,7,0,0,4,20,1,7,0,nan,nan,nan,nan,1.167,nan,nan,1,1.053,1,1.167,nan,nan,nan,nan,nan,-0.067,nan,nan,0,-0.022,0,-0.067,nan,500,fresh
369783,0,0,0,0,0,0,7,0,0,4,20,1,7,0,nan,nan,nan,nan,1.167,nan,nan,1,1.053,1,1.167,nan,nan,nan,nan,nan,-0.067,nan,nan,0,-0.022,0,-0.067,nan,500,fresh
370852,0,0,0,0,0,0,7,0,0,4,20,1,7,0,nan,nan,nan,nan,1.167,nan,nan,1,1.053,1,1.167,nan,nan,nan,nan,nan,-0.067,nan,nan,0,-0.022,0,-0.067,nan,500,fresh
371922,0,0,0,0,0,0,7,0,0,4,20,1,7,0,nan,nan,nan,nan,1.167,nan,nan,1,1.053,1,1.167,nan,nan,nan,nan,nan,-0.067,nan,nan,0,-0.022,0,-0.067,nan,500,fresh
372991,0,0,0,0,0,0,7,0,0,4,20,1,7,0,nan,nan,nan,nan,1.167,nan,nan,1,1.053,1,1.167,nan,nan,nan,nan,nan,-0.067,nan,nan,0,-0.022,0,-0.067,nan,500,fresh
374059,0,0,0,0,0,0,7,0,0,4,19,1,7,0,nan,nan,nan,nan,1.167,nan,nan,1,1,1,1.167,nan,nan,nan,nan,nan,-0.067,nan,nan,0,0,0,-0.067,nan,500,fresh
375127,0,0,0,0,0,0,7,0,0,4,20,1,7,0,nan,nan,nan,nan,1.167,nan,nan,1,1.053,1,1.167,nan,nan,nan,nan,nan,-0.067,nan,nan,0,-0.022,0,-0.067,nan,500,fresh
376197,0,0,0,0,0,0,7,0,0,4,20,1,7,0,nan,nan,nan,nan,1.167,nan,nan,1,1.053,1,1.167,nan,nan,nan,nan,nan,-0.067,nan,nan,0,-0.022,0,-0.067,nan,500,fresh
377265,0,0,0,0,0,0,7,0,0,4,19,1,7,0,nan,nan,nan,nan,1.167,nan,nan,1,1,1,1.167,nan,nan,nan,nan,nan,-0.067,nan,nan,0,0,0,-0.067,nan,500,fresh
378333,0,0,0,0,0,0,7,0,0,4,20,1,7,0,nan,nan,nan,nan,1.167,nan,nan,1,1.053,1,1.167,nan,nan,nan,nan,nan,-0.067,nan,nan,0,-0.022,0,-0.067,nan,500,fresh
379403,0,0,0,0,0,0,7,0,0,4,20,1,7,0,nan,nan,nan,nan,1.167,nan,nan,1,1.053,1,1.167,nan,nan,nan,nan,nan,-0.067,nan,nan,0,-0.022,0,-0.067,nan,500,fresh
380473,0,0,0,0,0,0,7,0,0,4,20,1,7,0,nan,nan,nan,nan,1.167,nan,nan,1,1.053,1,1.167,nan,nan,nan,nan,nan,-0.067,nan,nan,0,-0.022,0,-0.067,nan,500,fresh
381542,0,0,0,0,0,0,7,0,0,4,20,1,7,0,nan,nan,nan,nan,1.167,nan,nan,1,1.053,1,1.167,nan,nan,nan,nan,nan,-0.067,nan,nan,0,-0.022,0,-0.067,nan,500,fresh
382612,0,0,0,0,0,0,7,0,0,4,20,1,7,0,nan,nan,nan,nan,1.167,nan,nan,1,1.053,1,1.167,nan,nan,nan,nan,nan,-0.067,nan,nan,0,-0.022,0,-0.067,nan,500,fresh
383681,0,0,0,0,0,0,7,0,0,4,19,1,7,0,nan,nan,nan,nan,1.167,nan,nan,1,1,1,1.167,nan,nan,nan,nan,nan,-0.067,nan,nan,0,0,0,-0.067,nan,500,fresh
384750,0,0,0,0,0,0,7,0,0,4,20,1,7,0,nan,nan,nan,nan,1.167,nan,nan,1,1.053,1,1.167,nan,nan,nan,nan,nan,-0.067,nan,nan,0,-0.022,0,-0.067,nan,500,fresh
385819,0,0,0,0,0,0,7,0,0,4,20,1,7,0,nan,nan,nan,nan,1.167,nan,nan,1,1.053,1,1.167,nan,nan,nan,nan,nan,-0.067,nan,nan,0,-0.022,0,-0.067,nan,500,fresh
386889,0,0,0,0,0,0,6,0,0,4,19,1,7,0,nan,nan,nan,nan,1,nan,nan,1,1,1,1.167,nan,nan,nan,nan,nan,0,nan,nan,0,0,0,-0.067,nan,500,fresh
387957,0,0,0,0,0,0,7,0,0,4,20,1,7,0,nan,nan,nan,nan,1.167,nan,nan,1,1.053,1,1.167,nan,nan,nan,nan,nan,-0.067,nan,nan,0,-0.022,0,-0.067,nan,500,fresh
389027,0,0,0,0,0,0,7,0,0,4,20,1,7,0,nan,nan,nan,nan,1.167,nan,nan,1,1.053,1,1.167,nan,nan,nan,nan,nan,-0.067,nan,nan,0,-0.022,0,-0.067,nan,500,fresh
390096,0,0,0,0,0,0,7,0,0,4,20,1,7,0,nan,nan,nan,nan,1.167,nan,nan,1,1.053,1,1.167,nan,nan,nan,nan,nan,-0.067,nan,nan,0,-0.022,0,-0.067,nan,500,fresh
391165,0,0,0,0,0,0,7,0,0,4,20,1,7,0,nan,nan,nan,nan,1.167,nan,nan,1,1.053,1,1.167,nan,nan,nan,nan,nan,-0.067,nan,nan,0,-0.022,0,-0.067,nan,500,fresh
392235,0,0,0,0,0,0,7,0,0,4,19,1,7,0,nan,nan,nan,nan,1.167,nan,nan,1,1,1,1.167,nan,nan,nan,nan,nan,-0.067,nan,nan,0,0,0,-0.067,nan,500,fresh
393304,0,0,0,0,0,0,7,0,0,4,19,1,7,0,nan,nan,nan,nan,1.167,nan,nan,1,1,1,1.167,nan,nan,nan,nan,nan,-0.067,nan,nan,0,0,0,-0.067,nan,500,fresh
394373,0,0,0,0,0,0,7,0,0,4,19,1,7,0,nan,nan,nan,nan,1.167,nan,nan,1,1,1,1.167,nan,nan,nan,nan,nan,-0.067,nan,nan,0,0,0,-0.067,nan,500,fresh
395443,0,0,0,0,0,0,7,0,0,4,19,1,7,0,nan,nan,nan,nan,1.167,nan,nan,1,1,1,1.167,nan,nan,nan,nan,nan,-0.067,nan,nan,0,0,0,-0.067,nan,500,fresh
396513,0,0,0,0,0,0,7,0,0,4,19,1,7,0,nan,nan,nan,nan,1.167,nan,nan,1,1,1,1.167,nan,nan,nan,nan,nan,-0.067,nan,nan,0,0,0,-0.067,nan,500,fresh
397582,0,0,0,0,0,0,7,0,0,4,20,1,7,0,nan,nan,nan,nan,1.167,nan,nan,1,1.053,1,1.167,nan,nan,nan,nan,nan,-0.067,nan,nan,0,-0.022,0,-0.067,nan,500,fresh
398651,0,0,0,0,0,0,7,0,0,4,19,1,7,0,nan,nan,nan,nan,1.167,nan,nan,1,1,1,1.167,nan,nan,nan,nan,nan,-0.067,nan,nan,0,0,0,-0.067,nan,500,fresh
399720,0,0,0,0,0,0,7,0,0,4,20,1,7,0,nan,nan,nan,nan,1.167,nan,nan,1,1.053,1,1.167,nan,nan,nan,nan,nan,-0.067,nan,nan,0,-0.022,0,-0.067,nan,500,fresh
400789,0,0,0,0,0,0,7,0,0,4,20,1,7,0,nan,nan,nan,nan,1.167,nan,nan,1,1.053,1,1.167,nan,nan,nan,nan,nan,-0.067,nan,nan,0,-0.022,0,-0.067,nan,500,fresh
401859,0,0,0,0,0,0,7,0,0,4,19,1,7,0,nan,nan,nan,nan,1.167,nan,nan,1,1,1,1.167,nan,nan,nan,nan,nan,-0.067,nan,nan,0,0,0,-0.067,nan,500,fresh
402928,0,0,0,0,0,0,7,0,0,4,20,1,7,0,nan,nan,nan,nan,1.167,nan,nan,1,1.053,1,1.167,nan,nan,nan,nan,nan,-0.067,nan,nan,0,-0.022,0,-0.067,nan,500,fresh
403997,0,0,0,0,0,0,7,0,0,4,19,1,7,0,nan,nan,nan,nan,1.167,nan,nan,1,1,1,1.167,nan,nan,nan,nan,nan,-0.067,nan,nan,0,0,0,-0.067,nan,500,fresh
405067,0,0,0,0,0,0,7,0,0,4,19,1,7,0,nan,nan,nan,nan,1.167,nan,nan,1,1,1,1.167,nan,nan,nan,nan,nan,-0.067,nan,nan,0,0,0,-0.067,nan,500,fresh
406136,0,0,0,0,0,0,6,0,0,4,19,1,7,0,nan,nan,nan,nan,1,nan,nan,1,1,1,1.167,nan,nan,nan,nan,nan,0,nan,nan,0,0,0,-0.067,nan,500,fresh
407206,0,0,0,0,0,0,7,0,0,4,19,1,7,0,nan,nan,nan,nan,1.167,nan,nan,1,1,1,1.167,nan,nan,nan,nan,nan,-0.067,nan,nan,0,0,0,-0.067,nan,500,fresh
408276,0,0,0,0,0,0,7,0,0,4,19,1,7,0,nan,nan,nan,nan,1.167,nan,nan,1,1,1,1.167,nan,nan,nan,nan,nan,-0.067,nan,nan,0,0,0,-0.067,nan,500,fresh
409345,0,0,0,0,0,0,7,0,0,4,19,1,7,0,nan,nan,nan,nan,1.167,nan,nan,1,1,1,1.167,nan,nan,nan,nan,nan,-0.067,nan,nan,0,0,0,-0.067,nan,500,fresh
410415,0,0,0,0,0,0,7,0,0,4,19,1,7,0,nan,nan,nan,nan,1.167,nan,nan,1,1,1,1.167,nan,nan,nan,nan,nan,-0.067,nan,nan,0,0,0,-0.067,nan,500,fresh
411485,0,0,0,0,0,0,7,0,0,4,19,1,7,0,nan,nan,nan,nan,1.167,nan,nan,1,1,1,1.167,nan,nan,nan,nan,nan,-0.067,nan,nan,0,0,0,-0.067,nan,500,fresh
412555,0,0,0,0,0,0,7,0,0,4,19,1,7,0,nan,nan,nan,nan,1.167,nan,nan,1,1,1,1.167,nan,nan,nan,nan,nan,-0.067,nan,nan,0,0,0,-0.067,nan,500,fresh
413625,0,0,0,0,0,0,7,0,0,4,19,1,7,0,nan,nan,nan,nan,1.167,nan,nan,1,1,1,1.167,nan,nan,nan,nan,nan,-0.067,nan,nan,0,0,0,-0.067,nan,500,fresh
414694,0,0,0,0,0,0,7,0,0,4,19,1,7,0,nan,nan,nan,nan,1.167,nan,nan,1,1,1,1.167,nan,nan,nan,nan,nan,-0.067,nan,nan,0,0,0,-0.067,nan,500,fresh
415763,0,0,0,0,0,0,7,0,0,4,19,1,7,0,nan,nan,nan,nan,1.167,nan,nan,1,1,1,1.167,nan,nan,nan,nan,nan,-0.067,nan,nan,0,0,0,-0.067,nan,500,fresh
416832,0,0,0,0,0,0,7,0,0,4,19,1,7,0,nan,nan,nan,nan,1.167,nan,nan,1,1,1,1.167,nan,nan,nan,nan,nan,-0.067,nan,nan,0,0,0,-0.067,nan,500,fresh
417901,0,0,0,0,0,0,7,0,0,4,19,1,7,0,nan,nan,nan,nan,1.167,nan,nan,1,1,1,1.167,nan,nan,nan,nan,nan,-0.067,nan,nan,0,0,0,-0.067,nan,500,fresh
418971,0,0,0,0,0,0,7,0,0,4,19,1,7,0,nan,nan,nan,nan,1.167,nan,nan,1,1,1,1.167,nan,nan,nan,nan,nan,-0.067,nan,nan,0,0,0,-0.067,nan,500,fresh
420041,0,0,0,0,0,0,7,0,0,4,19,1,7,0,nan,nan,nan,nan,1.167,nan,nan,1,1,1,1.167,nan,nan,nan,nan,nan,-0.067,nan,nan,0,0,0,-0.067,nan,500,fresh
421111,0,0,0,0,0,0,7,0,0,4,19,1,7,0,nan,nan,nan,nan,1.167,nan,nan,1,1,1,1.167,nan,nan,nan,nan,nan,-0.067,nan,nan,0,0,0,-0.067,nan,500,fresh
422181,0,0,0,0,0,0,7,0,0,4,20,1,7,0,nan,nan,nan,nan,1.167,nan,nan,1,1.053,1,1.167,nan,nan,nan,nan,nan,-0.067,nan,nan,0,-0.022,0,-0.067,nan,500,fresh
423250,0,0,0,0,0,0,7,0,0,4,19,1,7,0,nan,nan,nan,nan,1.167,nan,nan,1,1,1,1.167,nan,nan,nan,nan,nan,-0.067,nan,nan,0,0,0,-0.067,nan,500,fresh
424319,0,0,0,0,0,0,7,0,0,4,19,1,7,0,nan,nan,nan,nan,1.167,nan,nan,1,1,1,1.167,nan,nan,nan,nan,nan,-0.067,nan,nan,0,0,0,-0.067,nan,500,fresh
425389,0,0,0,0,0,0,7,0,0,4,19,1,7,0,nan,nan,nan,nan,1.167,nan,nan,1,1,1,1.167,nan,nan,nan,nan,nan,-0.067,nan,nan,0,0,0,-0.067,nan,500,fresh
426457,0,0,0,0,0,0,7,0,0,4,20,1,7,0,nan,nan,nan,nan,1.167,nan,nan,1,1.053,1,1.167,nan,nan,nan,nan,nan,-0.067,nan,nan,0,-0.022,0,-0.067,nan,500,fresh
427527,0,0,0,0,0,0,7,0,0,4,19,1,7,0,nan,nan,nan,nan,1.167,nan,nan,1,1,1,1.167,nan,nan,nan,nan,nan,-0.067,nan,nan,0,0,0,-0.067,nan,500,fresh
428597,0,0,0,0,0,0,7,0,0,4,19,1,7,0,nan,nan,nan,nan,1.167,nan,nan,1,1,1,1.167,nan,nan,nan,nan,nan,-0.067,nan,nan,0,0,0,-0.067,nan,500,fresh
429666,0,0,0,0,0,0,7,0,0,4,19,1,7,0,nan,nan,nan,nan,1.167,nan,nan,1,1,1,1.167,nan,nan,nan,nan,nan,-0.067,nan,nan,0,0,0,-0.067,nan,500,fresh
430736,0,0,0,0,0,0,7,0,0,4,19,1,7,0,nan,nan,nan,nan,1.167,nan,nan,1,1,1,1.167,nan,nan,nan,nan,nan,-0.067,nan,nan,0,0,0,-0.067,nan,500,fresh
431806,0,0,0,0,0,0,7,0,0,4,19,1,7,0,nan,nan,nan,nan,1.167,nan,nan,1,1,1,1.167,nan,nan,nan,nan,nan,-0.067,nan,nan,0,0,0,-0.067,nan,500,fresh
432875,0,0,0,0,0,0,7,0,0,4,19,1,7,0,nan,nan,nan,nan,1.167,nan,nan,1,1,1,1.167,nan,nan,nan,nan,nan,-0.067,nan,nan,0,0,0,-0.067,nan,500,fresh
433945,0,0,0,0,0,0,7,0,0,4,19,1,7,0,nan,nan,nan,nan,1.167,nan,nan,1,1,1,1.167,nan,nan,nan,nan,nan,-0.067,nan,nan,0,0,0,-0.067,nan,500,fresh
435015,0,0,0,0,0,0,7,0,0,4,19,1,7,0,nan,nan,nan,nan,1.167,nan,nan,1,1,1,1.167,nan,nan,nan,nan,nan,-0.067,nan,nan,0,0,0,-0.067,nan,500,fresh
436085,0,0,0,0,0,0,7,0,0,4,19,1,7,0,nan,nan,nan,nan,1.167,nan,nan,1,1,1,1.167,nan,nan,nan,nan,nan,-0.067,nan,nan,0,0,0,-0.067,nan,500,fresh
437154,0,0,0,0,0,0,7,0,0,4,19,1,7,0,nan,nan,nan,nan,1.167,nan,nan,1,1,1,1.167,nan,nan,nan,nan,nan,-0.067,nan,nan,0,0,0,-0.067,nan,500,fresh
438224,0,0,0,0,0,0,7,0,0,4,19,1,7,0,nan,nan,nan,nan,1.167,nan,nan,1,1,1,1.167,nan,nan,nan,nan,nan,-0.067,nan,nan,0,0,0,-0.067,nan,500,fresh
